57461 3042N 11118E 001331 001343 105 000 S14 11111999919199111991 0 2014 07
PC
9933 9937 9936 9939 9935 9929 9927 9928 9930 9934 9937 9940
9944 9944 9944 9941 9937 9935 9932 9925 9920 9912 9910 9912 9945 1007 9909 1818.
9915 9919 9918 9912 9908 9902 9903 9899 9893 9892 9892 9893
9893 9893 9893 9889 9881 9874 9871 9865 9861 9858 9861 9864 9920 2230 9855 1820.
9872 9878 9878 9879 9875 9872 9869 9868 9869 9869 9871 9872
9871 9870 9871 9872 9871 9866 9859 9852 9853 9858 9866 9872 9880 2229 9851 1635.
9876 9885 9882 9874 9871 9866 9866 9868 9874 9875 9876 9882
9886 9886 9889 9889 9885 9883 9881 9879 9880 9878 9879 9879 9890 1138 9864 0327.
9879 9884 9889 9886 9884 9881 9879 9878 9884 9888 9896 9901
9903 9904 9905 9904 9897 9893 9891 9891 9892 9894 9898 9904 9906 1024 9877 2031.
9909 9916 9919 9919 9916 9912 9911 9911 9912 9916 9922 9922
9921 9919 9918 9916 9908 9903 9897 9891 9888 9884 9889 9894 9923 0745 9884 1742.
9898 9904 9908 9906 9904 9903 9896 9895 9894 9895 9902 9907
9907 9903 9903 9896 9889 9885 9877 9871 9867 9868 9870 9875 9908 2259 9866 1713.
9877 9880 9882 9879 9876 9870 9863 9866 9866 9872 9875 9878
9879 9877 9874 9868 9859 9852 9844 9838 9837 9837 9841 9847 9883 2252 9836 1621.
9855 9862 9868 9870 9870 9867 9864 9863 9864 9863 9867 9874
9874 9876 9875 9873 9870 9863 9859 9852 9849 9847 9858 9866 9876 0912 9846 1727.
9876 9880 9883 9881 9879 9875 9872 9871 9872 9875 9876 9880
9882 9879 9876 9871 9867 9863 9856 9855 9853 9855 9860 9870 9883 2255 9853 1647.
9877 9889 9895 9893 9890 9893 9883 9879 9877 9879 9884 9892
9892 9897 9896 9894 9890 9883 9878 9879 9880 9881 9882 9888 9899 2321 9871 2001.
9893 9898 9896 9895 9885 9880 9875 9871 9877 9884 9884 9893
9900 9907 9916 9918 9915 9905 9900 9901 9902 9901 9902 9910 9920 1124 9870 0402.
9917 9923 9927 9924 9919 9914 9913 9910 9910 9912 9913 9917
9921 9920 9919 9915 9909 9905 9901 9898 9893 9893 9897 9906 9927 2249 9892 1702.
9916 9922 9924 9921 9917 9915 9913 9910 9905 9905 9907 9911
9913 9918 9916 9915 9913 9909 9909 9908 9907 9900 9904 9909 9924 2225 9898 1829.
9915 9918 9921 9919 9912 9905 9901 9903 9905 9908 9911 9913
9917 9919 9915 9917 9915 9908 9905 9902 9901 9901 9901 9902 9924 2319 9900 1720.
9907 9906 9907 9905 9902 9904 9901 9897 9893 9895 9897 9900
9903 9904 9903 9901 9899 9893 9886 9880 9876 9875 9883 9888 9908 2112 9874 1751.
9896 9905 9908 9907 9901 9893 9892 9895 9895 9895 9900 9903
9901 9903 9904 9903 9899 9896 9896 9895 9890 9890 9892 9898 9908 2252 9888 2001.
9908 9918 9921 9924 9919 9914 9912 9911 9909 9916 9918 9923
9924 9926 9928 9922 9922 9917 9913 9907 9901 9903 9908 9917 9928 1055 9898 2001.
9926 9931 9938 9939 9938 9937 9930 9927 9931 9930 9932 9940
9947 9951 9953 9952 9951 9946 9941 9935 9930 9927 9928 9935 9954 1023 9916 2007.
9945 9945 9947 9948 9947 9941 9936 9938 9939 9944 9949 9951
9947 9945 9940 9934 9926 9917 9911 9905 9900 9901 9908 9913 9951 0750 9899 1709.
9915 9917 9916 9911 9908 9905 9903 9904 9904 9905 9909 9912
9911 9908 9903 9896 9888 9881 9875 9870 9867 9865 9867 9875 9917 2007 9864 1757.
9883 9889 9891 9891 9884 9880 9876 9877 9878 9881 9882 9886
9886 9885 9882 9877 9874 9867 9860 9855 9853 9851 9854 9862 9893 2326 9849 1750.
9870 9873 9881 9879 9876 9875 9872 9872 9870 9874 9877 9883
9885 9886 9881 9873 9866 9858 9849 9846 9846 9848 9850 9861 9886 0923 9843 1718.
9876 9887 9889 9886 9881 9870 9861 9857 9860 9867 9874 9882
9881 9881 9876 9871 9859 9848 9839 9834 9834 9840 9851 9857 9890 2320 9834 1547.
9867 9872 9872 9876 9882 9886 9891 9895 9896 9900 9907 9909
9910 9912 9912 9911 9908 9906 9904 9902 9900 9901 9911 9924 9924 2000 9857 2001.
9932 9937 9941 9942 9940 9939 9940 9941 9942 9947 9951 9957
9959 9961 9962 9960 9956 9949 9942 9933 9926 9928 9934 9943 9963 1036 9924 2001.
9950 9954 9959 9958 9956 9950 9944 9944 9944 9946 9951 9955
9953 9951 9946 9939 9933 9925 9916 9907 9902 9901 9904 9911 9959 2251 9900 1741.
9917 9921 9923 9923 9920 9914 9910 9906 9903 9900 9905 9908
9907 9905 9899 9895 9886 9879 9869 9861 9857 9856 9861 9870 9925 2333 9855 1737.
9873 9879 9882 9887 9882 9873 9873 9875 9874 9880 9882 9886
9888 9885 9881 9874 9868 9860 9850 9844 9839 9837 9840 9849 9889 2348 9835 1823.
9854 9862 9868 9868 9868 9865 9864 9865 9866 9870 9873 9877
9877 9876 9873 9869 9863 9856 9850 9844 9837 9841 9847 9856 9879 0818 9835 1712.
9868 9876 9887 9898 9893 9888 9885 9884 9885 9888 9894 9900
9904 9904 9902 9897 9888 9882 9874 9867 9865 9864 9868 9873 9905 0855 9856 2001=
0083 0094 0090 0066
0056 0047 0026 0016
0023 0024 0018 0024
0018 0035 0036 0033
0035 0055 0046 0058
0065 0076 0055 0047
0055 0060 0037 0027
0021 0030 0003 9998
0018 0025 0014 0017
0026 0031 0013 0021
0044 0044 0035 0041
0032 0046 0059 0064
0069 0071 0058 0059
0067 0064 0062 0063
0058 0067 0061 0056
0057 0054 0046 0041
0045 0056 0048 0051
0067 0076 0069 0070
0089 0093 0099 0088
0094 0104 0068 0065
0055 0063 0031 0025
0029 0036 0016 0011
0024 0033 0007 0011
0019 0033 9997 0008
0037 0062 0058 0077
0092 0110 0101 0096
0102 0108 0077 0063
0065 0060 0029 0021
0023 0037 0009 9999
0014 0027 0005 0005
0038 0051 0033 0024=
TB
0248 0246 0243 0240 0239 0235 0234 0235 0235 0235 0235 0236
0237 0237 0240 0245 0236 0238 0236 0235 0234 0235 0233 0231 0250 2001 0231 1624.
0228 0228 0227 0224 0224 0224 0223 0223 0220 0217 0221 0235
0259 0285 0290 0302 0313 0318 0325 0330 0326 0319 0306 0292 0333 1627 0217 0548.
0282 0273 0266 0259 0252 0247 0243 0238 0236 0233 0243 0260
0278 0284 0297 0289 0297 0289 0299 0303 0292 0289 0282 0273 0305 1550 0233 0530.
0271 0267 0260 0254 0255 0254 0248 0248 0237 0228 0227 0226
0226 0225 0230 0229 0230 0234 0239 0241 0248 0247 0246 0243 0272 2001 0223 0931.
0237 0233 0228 0225 0220 0217 0214 0214 0215 0216 0221 0227
0246 0267 0279 0297 0294 0298 0296 0300 0281 0281 0273 0261 0302 1606 0212 0312.
0256 0252 0255 0250 0244 0238 0233 0228 0226 0223 0232 0247
0265 0286 0291 0297 0308 0311 0316 0316 0312 0301 0291 0282 0318 1509 0222 0606.
0275 0269 0256 0250 0247 0243 0238 0232 0227 0225 0236 0248
0264 0285 0294 0299 0311 0314 0322 0328 0318 0312 0304 0293 0328 1559 0225 0549.
0287 0279 0266 0257 0252 0248 0243 0241 0242 0239 0245 0260
0276 0294 0305 0312 0317 0324 0330 0329 0327 0319 0312 0303 0334 1610 0238 0519.
0300 0283 0276 0269 0261 0255 0251 0247 0244 0244 0251 0260
0283 0302 0308 0321 0328 0334 0323 0331 0338 0334 0327 0317 0344 1655 0243 0533.
0307 0294 0281 0276 0271 0266 0260 0255 0254 0250 0257 0279
0291 0309 0324 0326 0341 0339 0341 0338 0334 0329 0323 0309 0347 1511 0249 0602.
0287 0268 0258 0253 0256 0251 0251 0250 0251 0252 0252 0252
0254 0258 0264 0269 0272 0287 0290 0291 0285 0276 0272 0271 0309 2001 0249 0210.
0259 0256 0254 0254 0253 0252 0252 0251 0250 0249 0249 0242
0239 0238 0238 0241 0244 0242 0249 0241 0245 0246 0243 0238 0271 2001 0236 0941.
0233 0232 0229 0226 0223 0221 0219 0217 0214 0214 0222 0235
0257 0269 0275 0278 0294 0306 0308 0315 0314 0300 0289 0277 0318 1615 0214 0456.
0268 0259 0255 0251 0248 0244 0239 0238 0235 0237 0238 0243
0249 0251 0268 0276 0286 0289 0279 0275 0266 0260 0260 0256 0289 1357 0235 0453.
0255 0253 0250 0248 0246 0244 0238 0231 0228 0226 0233 0243
0247 0259 0261 0272 0278 0279 0276 0273 0265 0261 0259 0253 0286 1341 0224 0529.
0250 0246 0245 0244 0242 0239 0238 0238 0240 0240 0241 0244
0249 0261 0269 0282 0279 0292 0296 0300 0296 0290 0280 0274 0302 1519 0237 0247.
0270 0266 0262 0259 0258 0253 0251 0249 0246 0246 0247 0253
0261 0269 0277 0287 0286 0289 0291 0284 0285 0285 0277 0270 0300 1432 0245 0503.
0261 0255 0254 0253 0253 0254 0252 0251 0249 0250 0253 0261
0262 0279 0295 0310 0306 0320 0316 0315 0310 0290 0280 0283 0327 1443 0248 0503.
0286 0284 0283 0270 0248 0240 0237 0239 0238 0236 0238 0243
0255 0260 0276 0277 0284 0286 0312 0307 0306 0298 0296 0289 0313 1615 0236 0312.
0283 0274 0267 0263 0259 0257 0254 0249 0249 0248 0252 0269
0288 0305 0321 0327 0337 0347 0352 0350 0336 0326 0318 0312 0353 1556 0248 0415.
0305 0296 0287 0283 0280 0272 0268 0268 0267 0264 0269 0287
0299 0321 0336 0350 0358 0365 0367 0367 0362 0351 0343 0335 0370 1414 0263 0613.
0324 0319 0314 0306 0296 0292 0289 0286 0284 0277 0286 0308
0320 0343 0360 0365 0370 0376 0379 0379 0373 0362 0351 0343 0384 1520 0276 0605.
0332 0324 0320 0307 0304 0295 0290 0287 0285 0282 0290 0302
0315 0330 0342 0347 0356 0357 0369 0364 0354 0349 0339 0309 0371 1448 0282 0541.
0305 0298 0293 0293 0286 0283 0283 0275 0273 0270 0271 0279
0300 0315 0324 0334 0342 0347 0352 0350 0330 0290 0295 0291 0359 1449 0268 0610.
0288 0285 0278 0269 0249 0239 0241 0232 0232 0229 0234 0246
0260 0277 0287 0297 0305 0305 0309 0305 0305 0298 0292 0286 0310 1319 0229 0557.
0283 0272 0266 0260 0251 0246 0244 0237 0236 0231 0240 0257
0274 0291 0308 0317 0322 0327 0332 0332 0327 0320 0312 0303 0337 1542 0231 0559.
0297 0284 0266 0261 0255 0248 0244 0242 0238 0237 0243 0260
0281 0301 0311 0319 0329 0332 0337 0337 0328 0320 0311 0303 0343 1515 0236 0508.
0297 0292 0286 0282 0272 0266 0262 0259 0255 0252 0257 0273
0287 0302 0316 0326 0344 0345 0353 0358 0354 0344 0331 0323 0361 1603 0251 0609.
0315 0307 0287 0265 0268 0266 0260 0253 0252 0250 0261 0277
0294 0317 0331 0353 0357 0367 0373 0373 0359 0357 0351 0336 0380 1436 0250 0525.
0330 0316 0305 0298 0291 0286 0279 0275 0272 0265 0274 0290
0310 0335 0356 0372 0378 0383 0384 0384 0376 0364 0353 0341 0387 1419 0265 0558.
0332 0329 0284 0258 0261 0260 0259 0259 0262 0257 0260 0266
0276 0288 0309 0322 0336 0342 0348 0356 0350 0345 0336 0330 0358 1609 0255 0616=
IB
=
0221 0221 0224 0217 0223 0216 0218 0219 0221 0221 0221 0224
0216 0212 0205 0222 0215 0205 0211 0214 0215 0216 0204 0212.
0211 0218 0212 0216 0210 0216 0209 0209 0208 0205 0209 0225
0213 0215 0220 0216 0206 0207 0207 0198 0205 0226 0225 0234.
0233 0233 0235 0232 0229 0220 0226 0224 0224 0221 0220 0217
0225 0229 0224 0233 0236 0236 0241 0230 0234 0233 0240 0246.
0244 0244 0239 0242 0241 0245 0232 0234 0227 0211 0212 0201
0207 0208 0203 0210 0213 0205 0208 0210 0217 0210 0211 0204.
0206 0216 0214 0210 0210 0207 0202 0197 0200 0199 0193 0199
0201 0208 0212 0203 0214 0215 0210 0208 0207 0209 0204 0211.
0204 0211 0207 0209 0213 0209 0208 0207 0209 0208 0211 0206
0210 0203 0176 0185 0175 0174 0189 0189 0195 0198 0194 0194.
0196 0203 0204 0203 0206 0206 0205 0205 0206 0202 0201 0203
0205 0210 0206 0207 0207 0210 0208 0207 0210 0208 0209 0215.
0217 0219 0218 0218 0213 0219 0214 0210 0211 0216 0218 0219
0221 0219 0224 0217 0215 0225 0221 0224 0225 0220 0220 0217.
0211 0223 0225 0227 0224 0220 0220 0224 0221 0213 0216 0214
0218 0229 0224 0213 0210 0219 0212 0216 0183 0195 0192 0209.
0209 0214 0221 0219 0221 0216 0219 0216 0225 0217 0226 0228
0228 0228 0225 0227 0238 0230 0238 0249 0248 0249 0249 0238.
0240 0235 0242 0239 0249 0239 0244 0243 0239 0240 0245 0240
0233 0229 0220 0225 0226 0232 0232 0223 0234 0240 0230 0238.
0241 0244 0242 0242 0237 0236 0242 0237 0241 0240 0235 0226
0223 0222 0224 0210 0217 0211 0218 0204 0206 0201 0200 0203.
0208 0207 0206 0203 0206 0206 0196 0198 0200 0200 0199 0192
0191 0195 0201 0206 0211 0205 0207 0211 0207 0222 0224 0224.
0222 0222 0216 0220 0227 0215 0222 0221 0214 0218 0217 0218
0220 0226 0229 0232 0235 0231 0226 0227 0235 0235 0237 0229.
0230 0235 0225 0223 0227 0228 0224 0212 0211 0207 0214 0216
0220 0222 0218 0219 0216 0226 0223 0220 0219 0218 0218 0214.
0221 0223 0216 0223 0223 0222 0217 0215 0223 0219 0220 0225
0226 0224 0225 0222 0219 0224 0223 0232 0231 0227 0218 0228.
0230 0227 0231 0232 0233 0224 0232 0230 0223 0230 0228 0230
0228 0219 0229 0234 0228 0226 0231 0233 0230 0230 0231 0226.
0226 0232 0233 0234 0228 0229 0233 0233 0228 0234 0237 0234
0231 0231 0234 0234 0235 0243 0245 0246 0242 0232 0227 0234.
0254 0254 0257 0250 0236 0224 0223 0230 0230 0228 0228 0222
0226 0225 0240 0235 0231 0237 0238 0223 0222 0228 0231 0236.
0230 0232 0232 0230 0236 0239 0236 0226 0235 0230 0240 0236
0232 0239 0249 0242 0243 0252 0251 0246 0258 0262 0261 0248.
0258 0254 0255 0251 0256 0247 0246 0243 0245 0243 0249 0253
0252 0252 0256 0249 0238 0244 0249 0235 0251 0264 0268 0257.
0269 0262 0262 0265 0266 0260 0267 0260 0264 0255 0264 0265
0263 0248 0255 0244 0245 0233 0239 0239 0255 0263 0256 0260.
0265 0262 0270 0268 0266 0263 0256 0255 0255 0260 0266 0264
0265 0253 0256 0258 0269 0256 0251 0246 0247 0251 0242 0253.
0251 0247 0244 0248 0248 0239 0228 0235 0235 0237 0238 0237
0224 0228 0216 0212 0216 0221 0215 0216 0225 0237 0237 0235.
0241 0239 0246 0238 0212 0214 0208 0213 0220 0217 0211 0217
0214 0215 0215 0188 0172 0186 0172 0169 0176 0176 0177 0190.
0192 0193 0195 0203 0199 0194 0205 0208 0207 0199 0201 0198
0200 0188 0195 0197 0198 0199 0186 0182 0185 0193 0199 0200.
0197 0202 0204 0204 0207 0211 0211 0209 0207 0206 0202 0206
0209 0212 0216 0202 0190 0204 0205 0205 0213 0212 0219 0211.
0214 0214 0219 0217 0226 0229 0227 0222 0222 0227 0222 0229
0224 0218 0232 0218 0221 0212 0216 0216 0213 0243 0254 0249.
0258 0258 0251 0230 0224 0227 0219 0222 0219 0225 0230 0229
0234 0230 0234 0223 0237 0239 0222 0222 0217 0216 0214 0227.
0221 0232 0229 0235 0233 0235 0237 0233 0241 0238 0241 0237
0242 0226 0225 0225 0227 0219 0236 0224 0233 0236 0243 0241.
0244 0235 0217 0223 0211 0208 0213 0220 0223 0222 0221 0216
0223 0225 0228 0232 0230 0236 0228 0229 0227 0219 0221 0231=
EA
266 266 270 260 270 258 262 263 266 266 266 271
258 252 242 267 256 242 250 255 256 258 240 251.
250 261 251 257 249 257 248 248 246 241 247 272
254 257 264 258 242 244 245 231 241 274 272 288.
287 287 289 284 279 264 273 271 271 266 264 259
273 279 271 287 292 291 300 281 288 287 298 308.
305 305 296 302 300 308 285 288 275 250 251 236
244 245 239 248 253 242 246 249 260 249 250 240.
243 257 255 248 248 244 237 229 233 232 223 232
235 245 252 238 254 256 249 246 243 247 239 250.
240 250 245 247 254 248 246 244 247 245 250 243
249 239 201 213 200 199 218 218 227 230 226 226.
228 237 240 238 243 243 242 242 243 237 236 238
241 249 242 245 244 248 245 244 249 245 247 257.
260 263 261 261 253 263 255 249 251 258 261 262
266 262 271 259 257 272 267 270 272 265 264 259.
250 269 273 276 270 264 264 271 266 254 258 255
262 279 271 253 249 262 251 258 210 226 223 248.
247 254 266 262 265 258 262 258 272 260 274 278
278 277 272 275 294 280 294 316 314 315 314 295.
299 289 302 297 315 296 306 304 296 298 308 298
285 279 265 273 274 283 284 270 288 299 281 294.
301 305 302 302 293 292 301 293 301 299 290 275
270 268 271 249 260 251 261 240 243 235 234 239.
246 244 243 238 242 242 229 231 234 234 233 223
221 227 235 243 250 242 244 250 244 267 271 271.
268 267 258 264 275 257 267 265 255 261 259 261
264 274 278 284 290 283 274 275 289 289 292 279.
281 290 272 269 275 278 271 251 250 244 255 258
264 267 260 263 258 274 270 265 263 260 261 255.
266 269 258 269 269 267 259 256 268 262 264 272
274 270 273 268 263 271 270 284 282 276 261 277.
282 275 282 284 286 271 284 280 269 281 277 280
277 262 279 287 278 275 282 286 280 280 282 274.
274 284 285 287 277 279 285 287 277 288 293 287
282 282 289 288 290 304 307 310 301 284 276 288.
325 325 331 317 291 271 270 282 280 277 277 267
274 272 299 290 282 294 295 269 268 277 282 291.
281 285 284 280 291 297 292 274 290 282 298 291
285 297 316 302 303 321 318 309 333 339 338 314.
332 323 327 319 329 310 310 303 308 303 315 323
321 320 328 315 294 305 315 290 318 345 352 331.
355 340 340 347 348 336 350 337 344 327 344 346
342 314 327 305 308 285 297 297 325 342 328 335.
346 340 357 353 347 342 328 327 327 336 348 343
347 322 328 332 355 327 318 310 310 319 302 322.
319 310 306 314 313 296 277 290 290 292 294 293
272 277 258 252 258 265 256 259 272 292 293 290.
301 296 310 294 252 255 246 253 264 260 250 260
255 256 256 217 196 214 197 192 201 201 203 219.
223 224 226 239 233 226 241 246 245 232 236 231
234 218 227 229 231 232 214 209 213 223 232 233.
229 236 240 240 245 250 251 248 245 243 237 242
247 252 258 236 220 239 241 241 254 252 262 250.
254 255 262 260 274 279 275 267 268 276 267 279
272 262 284 261 267 252 257 259 253 305 324 314.
333 331 319 280 271 275 262 268 263 272 281 279
287 280 288 269 292 296 268 268 260 257 254 276.
267 284 279 289 286 290 293 286 299 294 299 292
301 274 273 273 275 263 291 271 285 292 303 300.
305 290 259 269 250 245 254 264 269 267 265 258
270 273 277 284 281 290 278 279 276 263 265 282=
UB
85 86 89 87 91 89 91 91 92 92 92 93
88 86 81 87 88 82 86 88 89 89 84 89 80 2001.
90 94 91 95 92 95 92 92 93 93 93 94
76 66 66 60 53 52 50 46 49 58 62 71 44 1603.
75 79 83 85 87 85 90 92 93 93 87 77
73 72 65 72 70 73 71 65 71 72 78 85 63 1111.
85 87 88 93 92 95 91 92 94 90 91 86
89 90 85 89 90 84 83 83 83 80 81 79 76 1850.
83 90 92 91 94 94 93 90 91 90 84 84
76 70 67 57 62 61 60 58 64 65 66 74 55 1157.
73 78 75 78 83 84 86 88 90 91 88 78
72 61 50 51 45 44 47 47 50 54 56 59 41 1304.
62 67 73 75 78 80 82 85 88 87 81 76
70 64 59 58 54 54 51 49 53 54 57 63 48 1606.
66 70 75 79 79 84 84 83 83 87 85 78
72 64 62 57 55 56 53 54 55 56 58 60 51 1521.
59 70 74 78 80 81 83 87 87 83 81 76
68 65 61 53 50 51 52 51 40 44 45 53 40 1654.
56 62 70 71 74 74 78 79 84 82 83 74
69 62 56 56 55 53 55 60 61 63 65 66 51 2001.
76 82 91 92 96 93 96 96 93 93 96 93
88 84 77 77 76 72 71 67 74 81 78 82 66 1513.
90 93 93 93 91 91 94 92 95 95 92 91
91 91 92 83 85 83 83 80 79 76 77 81 72 1734.
86 86 87 87 90 91 87 89 92 92 87 77
67 64 64 65 61 55 55 54 53 63 68 73 50 1552.
76 80 79 83 88 84 90 90 88 89 88 86
84 86 79 77 74 71 73 75 83 86 87 85 70 1355.
86 90 86 86 89 91 92 89 90 89 89 85
85 80 77 73 69 73 73 73 76 77 78 79 67 1345.
84 87 84 88 89 90 88 87 90 88 88 89
87 80 77 70 70 67 65 67 68 69 69 76 64 1513.
79 79 83 85 86 84 89 89 87 91 89 87
82 74 75 73 71 69 70 74 72 72 76 77 64 1433.
81 87 88 89 86 86 89 90 88 91 91 85
83 75 70 64 66 64 66 67 67 71 73 75 60 1536.
83 84 86 89 93 91 92 95 95 95 94 88
84 81 81 78 73 75 65 61 61 66 68 73 58 1612.
73 78 81 82 87 90 90 87 92 90 93 82
72 68 66 61 58 58 56 55 64 69 72 69 54 1358.
76 78 83 83 87 86 88 86 88 88 89 82
76 67 63 56 50 50 51 47 53 61 65 64 45 1539.
73 72 74 79 84 83 88 86 89 88 88 78
72 58 55 50 49 44 45 45 51 57 58 62 42 1448.
68 70 75 80 80 83 82 83 84 88 87 80
75 64 61 60 61 56 51 51 54 57 57 72 45 1508.
73 74 75 77 80 77 72 79 80 82 82 78
64 60 53 49 48 48 45 46 54 73 71 72 43 1450.
76 76 83 83 80 86 82 89 93 93 87 84
76 69 65 52 45 49 44 44 46 48 50 56 42 1307.
58 62 65 71 73 73 79 84 84 82 79 70
64 54 51 49 48 47 42 41 43 47 51 54 37 1520.
55 61 69 71 75 80 82 82 83 83 78 72
65 59 57 50 44 47 46 46 51 53 58 58 43 1451.
61 63 67 68 76 80 81 80 82 86 81 77
69 61 61 53 49 46 45 44 44 56 64 65 41 1558.
72 75 81 81 77 79 78 83 82 86 83 75
70 60 57 47 50 48 42 42 44 44 45 53 40 1441.
53 61 64 69 71 74 78 78 83 85 82 73
67 53 47 43 42 39 43 40 44 48 53 56 38 1330.
60 58 67 81 74 73 76 79 79 81 79 74
73 69 62 59 54 54 50 48 49 48 51 56 47 1611=
N=
H=
C=
V=
R6
0000 0017 0017
0005 0000 0005
0000 0000 0000
0049 0019 0068
0000 0000 0000
0000 0000 0000
0000 0000 0000
0000 0000 0000
0000 0000 0000
0000 0000 0000
1150 0000 1150
0026 0051 0077
0000 0000 0000
0000 0001 0001
0000 0001 0001
0000 0000 0000
0000 0000 0000
0000 0000 0000
0213 0000 0213
0000 0000 0000
0000 0000 0000
0000 0000 0000
0000 0000 0000
0000 0007 0007
0058 0000 0058
0000 0000 0000
0000 0000 0000
0000 0000 0000
0000 0000 0000
0000 0000 0000
0013 0000 0013=
0000 0000 0000 0000 0000 0000 0000 0000 0000 0000 0000 0000
0000 0000 0000 0005 0000 0000 0006 0006 0000 0000 0000 0000.
0001 0002 0002 0000 0000 0000 0000 0000 0000 0000 0000 0000
0000 0000 0000 0000 0000 0000 0000 0000 0000 0000 0000 0000.
0000 0000 0000 0000 0000 0000 0000 0000 0000 0000 0000 0000
0000 0000 0000 0000 0000 0000 0000 0000 0000 0000 0000 0000.
0000 0000 0003 0004 0001 0000 0003 0004 0005 0027 0001 0001
0003 0008 0000 0003 0000 0001 0001 0001 0002 0000 0000 0000.
0000 0000 0000 0000 0000 0000 0000 0000 0000 0000 0000 0000
0000 0000 0000 0000 0000 0000 0000 0000 0000 0000 0000 0000.
0000 0000 0000 0000 0000 0000 0000 0000 0000 0000 0000 0000
0000 0000 0000 0000 0000 0000 0000 0000 0000 0000 0000 0000.
0000 0000 0000 0000 0000 0000 0000 0000 0000 0000 0000 0000
0000 0000 0000 0000 0000 0000 0000 0000 0000 0000 0000 0000.
0000 0000 0000 0000 0000 0000 0000 0000 0000 0000 0000 0000
0000 0000 0000 0000 0000 0000 0000 0000 0000 0000 0000 0000.
0000 0000 0000 0000 0000 0000 0000 0000 0000 0000 0000 0000
0000 0000 0000 0000 0000 0000 0000 0000 0000 0000 0000 0000.
0000 0000 0000 0000 0000 0000 0000 0000 0000 0000 0000 0000
0000 0000 0000 0000 0000 0000 0000 0000 0000 0000 0000 0000.
0000 0000 0296 0485 0044 0222 0092 0010 0001 0000 0000 0000
0000 0000 0000 0000 0000 0000 0000 0000 0000 0000 0000 0000.
0008 0007 0000 0002 0000 0000 0001 0001 0001 0000 0003 0003
0012 0023 0014 0002 0000 0000 0000 0000 0000 0000 0000 0000.
0000 0000 0000 0000 0000 0000 0000 0000 0000 0000 0000 0000
0000 0000 0000 0000 0000 0000 0000 0000 0000 0000 0000 0000.
0000 0000 0000 0000 0000 0000 0000 0000 0000 0000 0000 0000
0000 0000 0000 0000 0000 0000 0000 0000 0000 0001 0000 0000.
0000 0000 0000 0000 0000 0000 0000 0000 0000 0000 0000 0000
0001 0000 0000 0000 0000 0000 0000 0000 0000 0000 0000 0000.
0000 0000 0000 0000 0000 0000 0000 0000 0000 0000 0000 0000
0000 0000 0000 0000 0000 0000 0000 0000 0000 0000 0000 0000.
0000 0000 0000 0000 0000 0000 0000 0000 0000 0000 0000 0000
0000 0000 0000 0000 0000 0000 0000 0000 0000 0000 0000 0000.
0000 0000 0000 0000 0000 0000 0000 0000 0000 0000 0000 0000
0000 0000 0000 0000 0000 0000 0000 0000 0000 0000 0000 0000.
0000 0000 0000 0000 0154 0046 0010 0000 0001 0000 0000 0002
0000 0000 0000 0000 0000 0000 0000 0000 0000 0000 0000 0000.
0000 0000 0000 0000 0000 0000 0000 0000 0000 0000 0000 0000
0000 0000 0000 0000 0000 0000 0000 0000 0000 0000 0000 0000.
0000 0000 0000 0000 0000 0000 0000 0000 0000 0000 0000 0000
0000 0000 0000 0000 0000 0000 0000 0000 0000 0000 0000 0000.
0000 0000 0000 0000 0000 0000 0000 0000 0000 0000 0000 0000
0000 0000 0000 0000 0000 0000 0000 0000 0000 0000 0000 0000.
0000 0000 0000 0000 0000 0000 0000 0000 0000 0000 0000 0000
0000 0000 0000 0000 0000 0000 0000 0000 0000 0000 0000 0000.
0000 0000 0000 0000 0000 0000 0000 0000 0000 0000 0000 0000
0000 0000 0000 0000 0000 0000 0000 0000 0000 0007 0000 0000.
0000 0000 0001 0001 0000 0002 0008 0036 0010 0000 0000 0000
0000 0000 0000 0000 0000 0000 0000 0000 0000 0000 0000 0000.
0000 0000 0000 0000 0000 0000 0000 0000 0000 0000 0000 0000
0000 0000 0000 0000 0000 0000 0000 0000 0000 0000 0000 0000.
0000 0000 0000 0000 0000 0000 0000 0000 0000 0000 0000 0000
0000 0000 0000 0000 0000 0000 0000 0000 0000 0000 0000 0000.
0000 0000 0000 0000 0000 0000 0000 0000 0000 0000 0000 0000
0000 0000 0000 0000 0000 0000 0000 0000 0000 0000 0000 0000.
0000 0000 0000 0000 0000 0000 0000 0000 0000 0000 0000 0000
0000 0000 0000 0000 0000 0000 0000 0000 0000 0000 0000 0000.
0000 0000 0000 0000 0000 0000 0000 0000 0000 0000 0000 0000
0000 0000 0000 0000 0000 0000 0000 0000 0000 0000 0000 0000.
0000 0000 0003 0010 0000 0000 0000 0000 0000 0000 0000 0000
0000 0000 0000 0000 0000 0000 0000 0000 0000 0000 0000 0000=
0000 ////////// 00000=
W=
LA
=
001 000 001 001 000 000 001 000 001 001 000 000
001 000 001 000 000 000 000 001 000 000 000 000 009.
002 001 000 001 001 000 001 001 000 000 000 000
000 002 001 001 003 000 003 005 002 003 003 004 034.
001 002 001 000 002 000 001 001 001 001 000 001
000 001 000 003 001 002 001 001 002 002 002 000 026.
000 000 001 001 000 001 000 001 001 002 001 001
000 001 000 002 000 000 000 000 000 001 000 001 014.
001 000 001 000 001 001 000 001 001 000 001 000
001 001 001 001 003 004 004 004 005 004 003 003 041.
001 002 000 002 000 001 001 000 001 000 002 001
001 002 002 003 003 008 003 004 004 007 004 003 055.
002 002 001 001 002 001 001 001 000 001 001 001
001 001 001 002 001 003 003 005 005 004 004 002 046.
002 003 001 000 002 001 001 002 000 002 001 000
002 000 000 002 004 002 004 003 003 004 002 007 048.
001 002 001 002 001 001 001 001 001 001 002 001
000 001 001 002 002 002 004 003 003 004 004 003 044.
002 001 002 001 002 001 000 001 001 001 001 000
001 000 002 002 000 005 003 003 004 003 004 003 043.
005 002 019 030 030 030 030 017 002 000 003 002
000 000 001 002 003 000 001 000 002 001 000 000 180.
001 001 001 001 000 001 000 001 002 000 001 001
011 018 018 007 001 003 001 000 001 000 002 000 072.
001 000 001 001 001 000 001 001 001 000 001 000
001 000 001 000 001 002 003 002 004 004 002 002 030.
002 001 001 001 002 001 001 001 000 001 001 001
000 001 001 000 002 001 001 002 000 000 001 000 022.
001 001 001 000 001 001 000 001 001 001 000 001
002 000 002 001 001 002 001 003 003 001 002 002 029.
001 001 001 001 000 001 001 001 000 001 001 000
000 001 001 001 002 001 003 002 002 003 002 003 030.
001 001 001 001 001 001 001 001 001 000 001 000
001 001 001 002 002 002 003 003 003 002 002 002 034.
002 001 002 000 001 000 001 001 000 000 001 001
000 001 000 002 002 000 003 002 004 003 003 000 030.
001 001 001 005 017 030 017 002 002 002 000 000
004 000 000 001 000 000 001 002 001 003 002 001 093.
000 003 000 001 001 001 000 002 001 000 001 000
001 001 000 002 001 001 004 004 006 004 001 004 039.
001 002 001 001 001 000 002 001 001 000 001 000
001 001 001 003 003 002 005 005 006 004 004 004 050.
002 002 001 001 002 001 001 001 001 001 000 001
001 000 002 002 004 005 003 006 005 003 007 006 058.
001 001 002 001 002 001 001 001 002 000 001 001
001 001 001 001 002 002 003 006 002 006 004 002 045.
003 002 002 003 001 003 002 001 000 001 002 002
000 000 003 001 003 004 004 003 002 000 004 002 048.
002 002 000 002 004 002 000 004 002 002 001 001
001 002 001 002 003 005 005 006 004 004 005 003 063.
002 001 002 003 000 002 002 000 001 002 002 001
002 001 001 002 003 005 005 005 002 007 004 003 058.
003 001 000 001 002 003 000 002 000 000 002 001
002 001 002 002 003 004 004 006 004 004 003 004 054.
000 001 002 002 002 000 001 002 000 001 000 002
000 002 001 001 003 003 006 004 005 002 005 001 046.
003 000 003 003 001 002 002 001 002 000 001 001
001 001 000 002 002 002 006 009 002 001 006 004 055.
005 002 002 001 002 001 002 000 002 001 000 001
001 001 000 002 002 006 002 009 000 007 007 004 060.
002 004 004 001 003 003 002 001 000 003 001 001
002 001 001 000 002 001 003 005 002 003 004 002 051=
Z=
G=
FN
072011 357005 187010 254006 PPC002 124004
321009 258007 154003 290003 260006 321008
010012 302005 311006 338007 192011 270012
332009 321007 273011 282006 145006 182011.
PPC001 PPC000 217006 322011 PPC000 194007
PPC000 319007 264010 PPC000 319003 258009
234012 203012 189019 113014 150023 142023
121024 155027 148026 108020 131029 129022.
107015 084012 007006 319005 325010 314008
259006 PPC001 066006 020007 348009 257010
137016 124017 116017 097021 158015 167010
107014 106014 167017 111020 138017 027009.
183009 115007 331009 316014 PPC001 PPC000
162010 282015 161013 288012 282021 266015
260011 243014 243009 319013 267015 254011
266014 268010 133005 224009 294007 260008.
PPC000 336007 239009 248008 252006 216007
273007 299009 342009 333009 290005 210008
293006 091016 224018 259010 175025 151038
136030 185030 152039 164035 153031 150020.
176009 151012 155012 225006 015007 316012
327013 239009 038007 026007 344014 326007
343006 189012 216017 180026 181022 156026
171027 163028 119023 177029 180019 156018.
156015 150005 338010 267007 351017 212012
239008 301003 244006 197008 PPC000 320008
294011 335013 140013 191023 080012 129013
107019 105021 133023 131029 158025 156012.
141010 232009 346009 350004 303004 009007
342003 PPC001 213006 345010 339009 260012
249008 131009 149016 295009 188034 153023
190030 115030 114027 134022 068012 180012.
174011 348009 325008 PPC002 331012 006008
265007 335006 326011 327006 258007 206014
344010 317007 228017 190029 156011 197018
191018 116011 164020 151014 112012 105012.
166007 316008 337015 248006 325010 332012
317003 336005 238005 269007 315006 PPC002
338010 170008 183024 176026 158018 156030
149032 142030 128023 113023 129031 090036.
147017 188016 109012 269012 183020 314008
224011 289007 006005 163009 159009 154013
145010 195015 163011 189006 183020 215007
299009 006006 033006 065009 352010 243012.
315009 274012 323012 316003 110003 021004
092005 320003 220007 216010 162009 150021
154023 084027 075013 114013 277015 268023
281017 299011 312015 265012 237009 261010.
238008 185006 266006 245011 255007 269006
248008 264004 270005 242005 327007 234009
274006 203015 211009 180016 106017 203022
092027 123021 134025 113028 094023 091018.
080010 079010 014005 194008 216006 043004
181008 140003 PPC000 182015 185007 121015
139015 165007 047006 071016 093008 152024
099020 125018 118015 182014 081014 092011.
098019 072016 067011 247007 309004 334010
PPC002 351007 212010 153006 077013 109014
119014 104017 131016 112023 179020 160020
138026 127022 156037 129031 151011 101013.
100016 062014 104012 155013 118013 097013
100008 PPC002 PPC001 157010 326005 267006
162004 141016 105017 118027 169029 156025
123026 167023 150027 116020 123016 102022.
089022 092021 082013 082011 014003 096008
136022 112020 071021 078012 140009 094016
110008 196010 150021 133035 138028 143031
150026 137044 125021 102025 082021 126019.
124024 123018 106014 014006 275010 238009
223006 294009 256007 213007 268011 PPC001
162017 140017 177017 346012 186018 156012
162021 099020 163012 238010 205013 329010.
120018 171004 073012 181028 123035 042013
055013 084012 298010 288013 266013 250014
350006 311008 021003 264008 279009 332010
119008 097014 173019 186016 179012 155011.
141011 342012 336013 025006 331009 339008
341006 334012 307007 PPC000 017009 305004
000012 335010 121013 156024 139019 143024
175024 129035 133036 121025 104021 110018.
070015 031007 343012 257008 221005 024006
328009 346006 233005 045005 341009 191011
248010 084007 204009 191020 164013 181027
152029 168036 135029 148030 146028 092021.
062013 085016 098022 026006 341014 335011
229005 PPC001 340006 329006 340007 215003
262012 128008 307011 076016 201025 178025
150028 136015 092022 133030 166017 096020.
046011 037011 211008 002009 357008 358009
330019 027006 PPC001 031008 345007 338006
352012 075022 069018 143018 159015 181020
174017 098040 129028 131021 333013 004022.
342013 345010 323011 273009 301013 301014
267020 334003 044004 323011 344005 277014
021008 284016 254008 212014 229035 185019
250016 198018 119021 072017 235017 225014.
326006 236010 310011 328010 267040 283019
239012 170015 257009 337011 132009 212009
208012 168016 175022 126028 124029 191031
183033 123026 165030 138029 144025 170011.
146007 332010 346010 320011 336012 285009
252008 289006 264006 293005 336008 353009
172012 292013 205019 182027 209015 175025
178028 181022 177030 147030 156027 156019.
185017 006014 343010 339009 327005 282006
308006 241014 282004 013005 004009 PPC002
021010 132005 142018 105023 100033 131014
136022 125025 148035 136021 147024 121026.
085006 039010 042006 359006 327011 284005
255007 269007 264006 332007 269004 247007
224012 082015 094019 089025 153020 137020
125036 134020 123029 124030 138027 106025.
120018 132009 351023 033021 316011 358009
004016 006009 003010 360008 356009 036010
342006 039010 248013 107015 193035 147021
154032 135049 158042 167031 132032 153029.
115020 056012 033011 281010 PPC002 331009
PPC001 PPC002 003006 028006 331009 344011
328011 342011 283014 218017 227019 143022
182022 188036 150037 132032 099039 094027.
059019 355024 279028 274015 279018 277026
309008 270017 259005 230007 288015 227006
248008 211010 296015 304013 009009 067007
158028 197024 160023 132020 153026 111016=
066010 353006 188006 259007 PPC000 035006
331009 264003 203005 229005 211006 330008
356011 335005 320006 353005 202007 278012
340007 345006 293009 235007 164006 179009.
112005 121003 239008 333007 PPC002 198007
PPC001 303005 259009 293004 329005 318009
258011 128011 184020 128015 136015 161025
144023 158030 148030 134021 127025 133020.
098013 080013 028006 306007 315008 309007
304006 292003 057004 003008 010007 283008
141013 133016 123018 097021 129013 124014
077011 090016 179017 108017 131015 039008.
175009 082007 341007 314010 198003 134005
148009 286016 167011 307011 282019 274009
259010 254013 247008 292012 271013 248016
260015 273013 239005 210009 264004 221007.
235004 352007 265010 270007 255007 233007
267007 275010 300011 325009 302007 228009
348009 105015 171016 198014 171031 172032
156029 180031 167040 169032 162025 152020.
167012 155009 152011 191008 012008 318009
309010 245006 010008 349008 340011 302008
279010 166010 198022 163026 176023 157028
176028 172026 145025 168030 168021 161016.
169014 162008 309008 255006 002014 210009
241007 315006 305008 198006 PPC002 289010
291010 327012 139016 190025 125023 138024
160022 102022 138021 142024 139024 137015.
148013 235009 338010 347003 294005 354009
288003 122004 198008 341008 332011 257009
202008 075009 152020 186017 154027 177025
185029 150028 138028 115027 126013 176012.
167012 337013 331009 133004 334011 348010
253008 349005 323009 358008 276008 232009
340008 311009 224016 193021 141014 182019
189021 139015 172014 131011 107014 108010.
159008 316010 332013 273005 290007 320009
303005 279003 243003 258007 324007 328005
347011 137014 173014 138026 111017 155029
161028 151028 127025 127029 116026 092038.
113019 173024 021009 254013 163015 338012
203009 267007 346006 176012 162012 179012
166015 194014 163010 154011 188014 215009
265011 064008 027006 058011 024011 221011.
287011 271012 300010 277008 068005 000006
136004 290005 243008 223009 175010 155022
153020 099021 117016 101015 289010 273029
282020 309015 298013 274008 249009 273010.
229009 215007 243005 234011 254007 286007
267009 PPC002 293006 297007 329009 214007
252006 179011 156008 180013 098017 195017
120027 131025 135024 098035 104024 104019.
098015 065010 037006 181008 204007 039003
153008 115008 270003 149006 167008 144019
132014 171013 102010 092013 135017 142021
106020 131015 125019 184015 071014 046010.
091014 081015 086013 251007 PPC002 315009
013004 335007 215008 157006 096011 101015
122019 100021 129016 117021 162021 142020
145030 133022 155029 139028 131016 090019.
120016 076014 106010 099010 087014 091014
061008 211003 134005 155010 PPC002 256005
153005 112017 130019 127021 150024 125024
105027 137025 136027 125021 102022 106022.
101021 091021 094016 085009 056008 074009
132020 120018 082014 063009 134011 119015
135008 187013 174018 143030 154027 119030
148022 136037 120020 099020 086020 123017.
114027 114021 103018 038010 315009 259009
227006 312013 225005 215007 287010 195005
154016 089012 153016 007012 177018 168015
130022 093020 174014 236013 218010 329006.
129019 088012 079013 150023 133037 046015
060016 099013 295008 306011 274009 258012
313006 233006 339005 217008 294008 005008
355013 114017 184016 180015 166014 160012.
147012 357009 299010 028006 353007 352007
360006 327011 301007 PPC002 002008 315008
337013 275006 095017 131020 116018 131025
145025 137028 127035 126032 116022 100020.
066013 040007 338011 262008 221007 358008
330010 353006 230006 010005 341008 207006
235008 146011 219010 193017 195016 140027
159024 155030 136031 150033 134028 108017.
069017 083024 098022 031007 335015 348011
294007 261003 324006 330008 345004 190005
242011 138011 283009 120019 183027 192026
134026 150021 120022 134027 152020 098019.
058012 026009 209007 018007 356008 345011
333016 009006 008005 042007 340006 339008
001011 055014 109015 196013 171022 120018
155023 117031 121028 117022 005010 359023.
354019 352011 327010 300011 292011 289015
273016 253005 334007 298009 312008 267012
314008 273016 234015 244014 240023 201020
252016 177020 118020 072015 214013 249010.
298006 250010 323014 290011 269038 280023
178010 177014 249009 329012 125009 201008
222014 162016 188022 115028 152031 171031
171032 123029 151026 156027 142025 165014.
221006 327011 332012 307009 340009 327008
246008 301007 285006 281010 323009 345007
179012 313014 212013 169019 193022 176033
171024 185021 175027 158029 163023 164023.
164014 003012 335011 001007 331006 262006
311003 231012 273006 008005 355013 002005
346010 196008 159021 140026 124028 087019
116019 153024 154032 148027 136025 124028.
121009 059010 046008 359007 330011 309008
252007 296008 245007 298009 252005 311007
216008 105014 132014 115020 126023 135025
130029 136020 133022 122023 124026 109023.
112023 122012 353020 023022 326010 343012
004015 023009 007009 012008 347008 039010
309006 016009 233015 100013 184027 167026
159035 154037 147037 153032 129029 153030.
116024 066014 038011 285008 295005 297008
231007 275006 357006 035007 336011 346011
311009 334011 258011 218017 197021 166022
176031 181030 140035 137034 115030 100024.
065019 011019 277036 267020 274024 281018
343010 268012 290008 218008 289015 293007
219008 216011 311016 286014 297012 131013
154023 180022 172021 119020 145023 118019=
013290 1405 019261 1357
031117 1819 047130 1510
024107 1026 033111 1143
028149 0528 036164 0524
041168 1521 060193 1639
035171 1747 054232 1628
029166 1314 046193 1310
033185 1504 048128 1642
023189 1123 033198 1159
038095 1959 057099 1955
043088 2016 062094 2007
030273 1357 041292 1353
036101 1811 052091 1802
027144 1405 039077 1402
034157 1650 043145 1440
029106 1832 048079 1455
038130 1528 054102 1535
029120 2118 046153 1542
043135 0106 069096 0101
040135 1744 056082 1709
035145 1833 050170 1802
033087 1709 048170 1824
038102 1643 061102 1637
027351 2042 050340 1725
043274 0127 057272 0114
035177 1737 046133 1804
032143 1204 050079 1744
032163 1726 050113 1825
042154 1750 060128 1746
040150 1729 054170 1540
036277 2258 062283 2253=
DB
0243 0241 0238 0236 0235 0233 0232 0232 0233 0234 0235 0239
0251 0243 0246 0261 0258 0253 0256 0255 0256 0254 0242 0233 0266 1209 0232 0250.
0230 0230 0229 0226 0225 0225 0226 0226 0222 0224 0239 0280
0351 0381 0402 0430 0420 0453 0458 0439 0412 0372 0303 0279 0462 1448 0222 0446.
0268 0260 0254 0248 0242 0238 0234 0229 0226 0228 0254 0310
0351 0365 0434 0336 0389 0342 0382 0398 0323 0298 0281 0267 0448 1103 0223 0527.
0266 0261 0258 0255 0254 0255 0250 0250 0243 0236 0238 0237
0239 0255 0250 0256 0263 0276 0280 0276 0283 0269 0256 0247 0287 1335 0233 0623.
0240 0233 0225 0220 0217 0214 0211 0216 0217 0218 0226 0245
0305 0362 0398 0384 0419 0423 0385 0394 0324 0323 0277 0255 0425 1322 0209 0309.
0247 0244 0249 0245 0240 0231 0225 0220 0218 0216 0241 0295
0349 0398 0404 0450 0472 0482 0468 0434 0400 0352 0301 0276 0484 1331 0215 0529.
0265 0257 0249 0251 0248 0240 0230 0224 0219 0219 0248 0299
0355 0408 0427 0444 0481 0462 0465 0438 0401 0357 0311 0286 0481 1300 0217 0536.
0275 0266 0259 0251 0246 0241 0237 0234 0231 0233 0259 0313
0365 0415 0457 0476 0470 0475 0459 0432 0401 0361 0321 0297 0495 1242 0229 0517.
0284 0274 0266 0258 0252 0247 0242 0237 0235 0241 0268 0287
0366 0400 0402 0452 0440 0465 0394 0428 0400 0364 0318 0294 0469 1141 0235 0445.
0284 0277 0269 0264 0260 0256 0252 0247 0244 0244 0272 0321
0369 0416 0450 0465 0490 0475 0443 0417 0386 0351 0326 0308 0497 1331 0242 0528.
0294 0272 0259 0252 0253 0252 0251 0251 0251 0252 0255 0256
0263 0272 0283 0290 0294 0333 0342 0316 0293 0281 0273 0270 0346 1444 0250 0244.
0264 0262 0259 0260 0259 0258 0258 0258 0257 0256 0256 0252
0252 0251 0262 0265 0267 0271 0276 0263 0264 0262 0252 0244 0283 1431 0244 1951.
0240 0237 0235 0232 0229 0227 0224 0221 0218 0217 0232 0254
0289 0327 0309 0336 0395 0404 0393 0384 0345 0314 0286 0269 0406 1353 0216 0536.
0259 0254 0249 0246 0242 0240 0237 0237 0236 0240 0249 0268
0275 0287 0321 0319 0336 0336 0296 0287 0274 0274 0270 0260 0353 1246 0236 0305.
0257 0256 0254 0254 0251 0246 0239 0230 0225 0223 0243 0266
0283 0331 0314 0335 0335 0329 0341 0324 0294 0286 0274 0256 0359 1340 0222 0533.
0248 0245 0248 0247 0246 0244 0244 0244 0245 0244 0247 0252
0259 0312 0334 0374 0331 0380 0365 0358 0341 0306 0279 0270 0384 1152 0243 0251.
0266 0262 0259 0259 0257 0250 0251 0250 0249 0246 0249 0274
0289 0305 0313 0387 0352 0382 0340 0358 0327 0314 0290 0272 0402 1412 0246 0552.
0263 0257 0256 0258 0258 0256 0253 0254 0248 0253 0266 0286
0294 0347 0415 0377 0367 0396 0386 0345 0321 0310 0295 0286 0432 1106 0248 0455.
0282 0279 0276 0272 0252 0249 0245 0245 0246 0244 0250 0261
0286 0286 0316 0315 0327 0330 0379 0351 0344 0311 0295 0282 0388 1456 0244 0517.
0276 0271 0267 0264 0259 0257 0256 0252 0249 0248 0259 0294
0343 0369 0403 0388 0403 0427 0425 0398 0353 0319 0305 0294 0430 1428 0248 0533.
0289 0284 0279 0275 0274 0269 0266 0262 0261 0261 0275 0304
0358 0407 0430 0442 0450 0448 0439 0421 0389 0358 0330 0314 0454 1244 0261 0421.
0307 0301 0296 0292 0287 0284 0281 0279 0276 0274 0289 0336
0387 0428 0448 0462 0471 0477 0470 0458 0419 0381 0348 0330 0481 1355 0273 0544.
0320 0313 0308 0301 0296 0291 0287 0283 0280 0279 0298 0337
0353 0389 0436 0438 0471 0437 0464 0426 0395 0362 0337 0312 0477 1302 0278 0541.
0304 0296 0292 0288 0282 0276 0271 0266 0264 0269 0279 0301
0352 0414 0428 0430 0447 0466 0427 0431 0348 0323 0313 0298 0482 1246 0264 0432.
0292 0286 0283 0278 0259 0253 0257 0248 0252 0250 0258 0296
0334 0384 0413 0417 0426 0422 0401 0377 0347 0317 0286 0277 0438 1318 0248 0350.
0276 0268 0264 0257 0249 0243 0243 0237 0233 0232 0253 0294
0342 0392 0421 0434 0445 0448 0428 0411 0378 0341 0307 0286 0455 1344 0232 0514.
0281 0268 0260 0253 0248 0243 0239 0236 0232 0231 0247 0299
0357 0401 0431 0455 0461 0470 0452 0422 0387 0352 0319 0300 0475 1334 0230 0539.
0295 0285 0282 0275 0270 0264 0261 0258 0253 0251 0270 0315
0375 0404 0426 0459 0484 0483 0452 0439 0405 0383 0340 0322 0492 1317 0251 0532.
0313 0300 0295 0279 0277 0270 0263 0257 0255 0254 0275 0331
0388 0424 0470 0490 0504 0502 0473 0457 0378 0378 0341 0322 0511 1311 0253 0524.
0311 0301 0294 0287 0282 0278 0272 0268 0264 0261 0281 0351
0405 0436 0478 0503 0518 0517 0488 0469 0426 0385 0354 0333 0523 1312 0261 0524.
0325 0320 0286 0275 0269 0263 0264 0262 0268 0260 0266 0275
0301 0336 0478 0478 0531 0457 0530 0517 0446 0373 0339 0321 0554 1329 0258 0553=
0256 0253 0250 0248 0246 0244 0243 0241 0241 0240 0240 0241
0243 0244 0244 0246 0249 0251 0252 0253 0251 0252 0250 0246.
0242 0240 0239 0237 0235 0234 0233 0233 0232 0231 0232 0238
0256 0281 0301 0316 0331 0341 0351 0352 0346 0336 0321 0306.
0294 0285 0278 0272 0267 0262 0258 0254 0250 0246 0247 0256
0270 0284 0301 0309 0308 0310 0308 0312 0313 0303 0294 0286.
0281 0276 0273 0269 0267 0265 0263 0261 0259 0254 0251 0250
0249 0250 0253 0254 0256 0263 0266 0269 0270 0270 0265 0261.
0256 0251 0247 0242 0238 0235 0232 0230 0230 0230 0231 0234
0242 0264 0289 0309 0312 0326 0330 0332 0325 0314 0302 0289.
0278 0270 0266 0263 0260 0256 0251 0246 0242 0239 0239 0246
0263 0284 0306 0324 0340 0352 0358 0358 0352 0340 0325 0310.
0298 0289 0282 0275 0272 0268 0262 0257 0252 0248 0247 0254
0269 0290 0305 0321 0332 0344 0353 0356 0353 0343 0330 0316.
0305 0296 0289 0282 0277 0272 0267 0263 0259 0256 0256 0263
0278 0296 0317 0337 0353 0363 0367 0366 0360 0349 0336 0324.
0313 0305 0297 0291 0285 0279 0275 0270 0266 0263 0264 0270
0281 0296 0313 0330 0341 0347 0349 0346 0348 0342 0332 0320.
0310 0303 0297 0291 0286 0282 0278 0275 0271 0268 0268 0274
0287 0305 0324 0342 0357 0367 0369 0364 0356 0347 0336 0326.
0318 0310 0289 0261 0259 0258 0257 0257 0257 0258 0259 0261
0262 0266 0271 0275 0282 0288 0298 0303 0298 0291 0285 0282.
0278 0275 0272 0270 0269 0268 0267 0266 0266 0265 0264 0263
0262 0261 0260 0265 0266 0268 0271 0270 0268 0267 0264 0260.
0256 0254 0251 0249 0247 0244 0242 0240 0237 0235 0235 0241
0254 0270 0284 0282 0303 0324 0333 0335 0330 0320 0307 0295.
0285 0278 0272 0267 0263 0260 0257 0255 0253 0252 0252 0256
0262 0266 0277 0285 0298 0300 0297 0290 0285 0282 0278 0274.
0270 0267 0265 0264 0262 0260 0258 0253 0248 0244 0244 0249
0260 0269 0283 0294 0300 0303 0302 0304 0298 0291 0285 0278.
0270 0265 0262 0260 0259 0257 0256 0255 0254 0254 0253 0254
0256 0261 0279 0291 0302 0306 0315 0317 0316 0310 0299 0289.
0282 0278 0274 0271 0269 0267 0263 0262 0260 0259 0258 0259
0267 0281 0286 0293 0310 0313 0321 0320 0316 0313 0305 0295.
0286 0279 0275 0272 0270 0268 0267 0265 0263 0262 0262 0268
0272 0284 0299 0318 0320 0324 0334 0335 0323 0315 0307 0300.
0294 0290 0287 0284 0277 0267 0263 0262 0260 0259 0258 0260
0265 0274 0280 0290 0295 0298 0312 0318 0317 0313 0306 0297.
0290 0285 0281 0278 0274 0271 0269 0267 0264 0262 0262 0268
0282 0302 0321 0339 0343 0351 0359 0358 0349 0337 0323 0313.
0306 0301 0296 0292 0288 0285 0282 0279 0276 0274 0274 0280
0294 0314 0335 0353 0366 0375 0377 0375 0368 0358 0346 0335.
0326 0319 0313 0309 0305 0301 0297 0294 0291 0289 0288 0293
0308 0328 0349 0367 0381 0390 0394 0394 0389 0378 0365 0352.
0342 0334 0327 0322 0317 0312 0308 0304 0300 0297 0297 0302
0312 0324 0339 0353 0366 0374 0381 0381 0374 0363 0353 0341.
0331 0323 0317 0312 0307 0302 0298 0293 0290 0287 0287 0290
0299 0313 0335 0353 0366 0374 0382 0378 0370 0351 0338 0329.
0320 0314 0308 0304 0298 0290 0285 0281 0277 0275 0273 0277
0288 0305 0325 0341 0351 0357 0358 0354 0345 0332 0319 0307.
0301 0296 0290 0285 0280 0275 0271 0268 0264 0260 0259 0265
0278 0297 0317 0335 0350 0360 0365 0366 0360 0349 0336 0323.
0312 0304 0297 0291 0285 0280 0275 0271 0267 0264 0263 0268
0281 0299 0321 0339 0355 0367 0374 0374 0367 0356 0344 0331.
0321 0314 0308 0303 0298 0293 0289 0286 0282 0279 0278 0282
0294 0309 0325 0341 0361 0374 0381 0381 0376 0367 0356 0344.
0334 0328 0321 0314 0307 0302 0297 0292 0288 0284 0283 0287
0300 0319 0341 0362 0380 0391 0397 0395 0379 0369 0359 0347.
0337 0329 0323 0317 0312 0307 0303 0299 0295 0292 0290 0294
0308 0328 0350 0370 0387 0399 0404 0403 0396 0386 0372 0360.
0350 0342 0335 0323 0315 0308 0302 0297 0295 0292 0290 0289
0292 0301 0318 0349 0370 0384 0390 0394 0389 0374 0360 0346=
0259 0256 0254 0252 0250 0249 0247 0246 0245 0244 0243 0243
0243 0244 0244 0244 0246 0247 0248 0249 0249 0249 0249 0248.
0246 0244 0243 0241 0240 0239 0238 0237 0237 0236 0235 0236
0240 0250 0262 0274 0286 0296 0305 0312 0315 0315 0311 0304.
0297 0290 0284 0279 0275 0271 0267 0263 0260 0257 0254 0254
0258 0265 0273 0283 0286 0289 0291 0292 0295 0295 0291 0287.
0283 0279 0276 0273 0271 0269 0267 0265 0263 0261 0259 0257
0255 0254 0254 0255 0255 0257 0259 0262 0263 0264 0264 0262.
0260 0257 0254 0251 0248 0246 0243 0241 0239 0238 0237 0237
0239 0245 0256 0270 0279 0288 0296 0301 0304 0302 0298 0291.
0285 0278 0273 0270 0267 0264 0261 0257 0254 0251 0248 0248
0252 0260 0271 0283 0296 0307 0316 0322 0325 0324 0319 0312.
0304 0297 0291 0285 0280 0277 0273 0269 0265 0262 0258 0258
0261 0268 0278 0288 0298 0306 0315 0322 0326 0326 0322 0316.
0309 0302 0297 0291 0286 0282 0278 0274 0271 0268 0265 0265
0268 0275 0285 0298 0310 0320 0329 0334 0335 0334 0329 0323.
0316 0310 0304 0299 0294 0290 0286 0282 0278 0275 0272 0272
0274 0281 0289 0298 0308 0315 0321 0323 0326 0326 0324 0319.
0313 0308 0303 0298 0294 0290 0287 0284 0281 0278 0275 0275
0278 0285 0294 0306 0317 0327 0334 0338 0337 0335 0330 0325.
0320 0314 0306 0270 0265 0264 0262 0262 0262 0263 0264 0264
0265 0266 0268 0271 0274 0278 0283 0288 0290 0289 0287 0284.
0282 0280 0278 0276 0274 0273 0272 0271 0270 0269 0269 0268
0267 0266 0265 0265 0266 0267 0268 0269 0269 0268 0268 0266.
0264 0261 0259 0257 0256 0254 0252 0250 0248 0246 0245 0245
0248 0254 0263 0268 0274 0286 0297 0304 0307 0307 0303 0298.
0292 0286 0281 0277 0273 0270 0267 0265 0262 0261 0259 0259
0261 0263 0266 0272 0277 0283 0286 0285 0283 0281 0279 0277.
0274 0272 0270 0268 0267 0265 0264 0262 0259 0256 0253 0253
0256 0260 0266 0273 0279 0283 0286 0289 0290 0287 0284 0281.
0277 0273 0270 0267 0265 0264 0262 0261 0260 0259 0258 0258
0258 0259 0263 0271 0279 0284 0290 0295 0298 0298 0296 0291.
0286 0282 0279 0276 0274 0272 0270 0268 0266 0265 0263 0263
0264 0268 0273 0277 0284 0291 0296 0300 0302 0301 0300 0296.
0291 0286 0282 0278 0276 0274 0272 0271 0269 0267 0266 0267
0269 0271 0278 0288 0296 0300 0305 0311 0311 0308 0304 0300.
0296 0293 0290 0288 0284 0277 0274 0271 0269 0267 0266 0265
0266 0269 0272 0277 0281 0285 0289 0296 0300 0301 0300 0297.
0293 0289 0286 0283 0280 0278 0275 0273 0271 0269 0268 0268
0271 0278 0288 0300 0309 0315 0323 0328 0330 0327 0321 0315.
0310 0305 0301 0297 0294 0291 0289 0286 0283 0281 0279 0279
0282 0290 0300 0312 0323 0333 0340 0344 0345 0344 0339 0334.
0327 0322 0317 0313 0310 0306 0303 0300 0298 0295 0293 0293
0296 0303 0313 0325 0337 0347 0355 0360 0363 0361 0357 0350.
0343 0337 0332 0327 0323 0319 0315 0311 0308 0305 0303 0302
0304 0309 0316 0325 0333 0342 0348 0354 0355 0352 0348 0342.
0336 0330 0325 0320 0316 0312 0308 0304 0301 0298 0296 0294
0296 0300 0309 0320 0330 0339 0347 0351 0352 0348 0340 0333.
0327 0322 0317 0313 0309 0304 0299 0295 0291 0288 0285 0284
0286 0291 0300 0311 0320 0327 0333 0335 0334 0330 0324 0317.
0310 0306 0301 0297 0293 0289 0285 0282 0279 0276 0273 0272
0275 0281 0291 0302 0314 0324 0332 0338 0340 0338 0334 0327.
0320 0314 0308 0303 0298 0293 0289 0285 0282 0279 0276 0275
0277 0284 0293 0305 0318 0329 0338 0344 0346 0344 0339 0333.
0326 0320 0315 0311 0307 0303 0299 0296 0293 0290 0287 0286
0288 0294 0302 0312 0323 0335 0344 0350 0353 0351 0348 0342.
0336 0331 0326 0321 0316 0312 0307 0303 0300 0296 0293 0292
0294 0301 0311 0324 0337 0349 0358 0363 0363 0358 0353 0347.
0341 0335 0330 0325 0320 0316 0313 0309 0306 0302 0300 0298
0301 0308 0318 0331 0344 0356 0365 0370 0372 0370 0365 0359.
0352 0346 0340 0334 0327 0321 0316 0311 0307 0304 0301 0299
0298 0300 0304 0316 0330 0344 0351 0359 0363 0360 0355 0348=
0259 0258 0256 0254 0253 0252 0251 0249 0248 0247 0247 0246
0246 0246 0246 0246 0246 0247 0247 0248 0248 0249 0249 0249.
0248 0247 0246 0245 0244 0243 0242 0241 0240 0240 0239 0239
0239 0243 0248 0256 0263 0271 0279 0286 0291 0295 0295 0294.
0291 0288 0284 0280 0277 0274 0271 0268 0265 0263 0260 0259
0258 0260 0264 0269 0274 0277 0279 0281 0283 0285 0285 0283.
0281 0279 0277 0275 0273 0271 0269 0268 0266 0265 0263 0261
0260 0259 0258 0257 0257 0257 0258 0259 0261 0262 0262 0262.
0261 0260 0258 0256 0254 0252 0250 0248 0246 0245 0244 0243
0243 0244 0248 0255 0262 0269 0275 0281 0286 0288 0288 0286.
0283 0279 0276 0273 0270 0268 0266 0263 0260 0258 0256 0254
0254 0256 0261 0267 0275 0283 0290 0297 0302 0305 0306 0304.
0300 0296 0292 0288 0284 0281 0278 0275 0272 0269 0266 0264
0263 0265 0269 0275 0281 0287 0293 0299 0305 0308 0309 0308.
0305 0301 0297 0294 0290 0287 0284 0281 0278 0275 0272 0270
0270 0272 0276 0282 0289 0297 0304 0310 0315 0317 0317 0315.
0312 0309 0305 0301 0298 0294 0291 0288 0285 0282 0279 0277
0277 0278 0281 0286 0292 0298 0303 0307 0310 0312 0313 0312.
0309 0306 0303 0300 0297 0294 0291 0289 0286 0284 0281 0280
0280 0281 0285 0291 0298 0305 0312 0317 0320 0321 0320 0318.
0316 0313 0310 0279 0273 0271 0269 0268 0268 0269 0269 0270
0270 0270 0271 0272 0274 0276 0278 0281 0284 0286 0286 0285.
0284 0282 0281 0280 0278 0277 0276 0275 0274 0274 0273 0272
0271 0270 0269 0269 0269 0269 0270 0270 0270 0270 0270 0269.
0268 0267 0265 0264 0262 0261 0259 0258 0256 0255 0253 0252
0252 0254 0258 0262 0265 0271 0278 0285 0290 0293 0294 0293.
0291 0288 0284 0281 0279 0276 0273 0271 0269 0267 0266 0265
0264 0265 0266 0268 0271 0275 0278 0279 0279 0279 0278 0277.
0276 0274 0273 0272 0270 0269 0268 0267 0265 0263 0261 0259
0259 0260 0263 0266 0270 0274 0277 0280 0282 0282 0282 0280.
0278 0276 0274 0272 0270 0268 0267 0266 0264 0263 0262 0262
0261 0261 0262 0265 0270 0274 0278 0282 0285 0288 0288 0288.
0286 0283 0281 0279 0277 0275 0274 0272 0270 0269 0268 0267
0266 0267 0269 0272 0275 0279 0283 0287 0290 0292 0292 0291.
0290 0287 0284 0282 0280 0278 0276 0275 0273 0272 0271 0270
0270 0270 0273 0277 0283 0287 0291 0295 0298 0299 0298 0297.
0295 0293 0290 0289 0287 0283 0280 0277 0275 0273 0272 0271
0270 0270 0272 0273 0276 0279 0281 0285 0288 0291 0293 0292.
0291 0289 0287 0285 0283 0281 0279 0278 0276 0274 0273 0272
0272 0274 0278 0284 0291 0297 0302 0308 0312 0313 0313 0310.
0308 0305 0302 0299 0297 0294 0292 0290 0288 0286 0284 0283
0283 0285 0289 0295 0302 0310 0316 0322 0325 0328 0328 0326.
0323 0320 0317 0314 0311 0308 0306 0303 0301 0299 0297 0296
0295 0297 0301 0308 0315 0322 0330 0336 0340 0343 0343 0341.
0338 0334 0331 0327 0324 0321 0318 0315 0312 0310 0307 0305
0305 0306 0309 0313 0318 0324 0329 0334 0338 0339 0339 0337.
0334 0330 0326 0323 0319 0316 0313 0310 0307 0305 0302 0300
0299 0300 0303 0308 0314 0320 0327 0332 0336 0337 0335 0331.
0327 0324 0320 0317 0314 0310 0307 0303 0300 0297 0294 0292
0291 0292 0295 0300 0306 0312 0317 0321 0323 0323 0321 0318.
0314 0310 0307 0304 0300 0297 0294 0291 0288 0286 0283 0281
0281 0282 0286 0291 0298 0306 0312 0318 0323 0325 0325 0323.
0319 0316 0312 0308 0304 0301 0297 0294 0291 0288 0286 0283
0283 0284 0288 0294 0301 0309 0316 0323 0327 0330 0329 0327.
0324 0321 0317 0314 0311 0308 0305 0302 0299 0297 0294 0293
0292 0293 0296 0301 0307 0315 0322 0329 0333 0336 0336 0335.
0332 0329 0326 0323 0319 0316 0313 0309 0306 0303 0301 0298
0297 0299 0303 0309 0317 0325 0333 0340 0345 0345 0344 0341.
0338 0334 0331 0327 0324 0321 0317 0314 0312 0309 0306 0304
0303 0305 0309 0316 0324 0332 0340 0347 0351 0353 0353 0351.
0348 0344 0340 0336 0332 0327 0323 0319 0315 0312 0309 0307
0305 0304 0305 0308 0315 0324 0331 0338 0343 0345 0345 0342=
0254 0254 0253 0252 0251 0250 0249 0248 0247 0247 0246 0245
0245 0244 0244 0244 0244 0244 0244 0245 0245 0245 0245 0245.
0245 0245 0244 0244 0243 0242 0242 0241 0240 0240 0239 0239
0238 0239 0241 0244 0248 0253 0259 0264 0269 0273 0276 0278.
0278 0277 0276 0274 0272 0270 0268 0266 0264 0262 0260 0258
0257 0257 0258 0260 0263 0265 0267 0269 0271 0272 0274 0274.
0273 0273 0271 0270 0269 0268 0267 0265 0264 0263 0262 0261
0259 0258 0257 0256 0256 0256 0256 0256 0256 0257 0257 0258.
0258 0257 0256 0255 0254 0253 0251 0250 0248 0247 0246 0245
0244 0244 0245 0247 0251 0255 0259 0264 0268 0271 0273 0274.
0274 0273 0271 0269 0267 0266 0264 0263 0261 0259 0257 0255
0254 0254 0255 0257 0261 0266 0271 0276 0281 0285 0287 0289.
0288 0287 0285 0283 0281 0279 0276 0274 0272 0270 0268 0266
0264 0263 0264 0266 0269 0273 0277 0281 0285 0289 0292 0293.
0293 0292 0290 0288 0286 0284 0282 0280 0277 0275 0273 0271
0270 0269 0270 0272 0276 0280 0285 0290 0294 0297 0300 0301.
0300 0299 0297 0295 0293 0291 0289 0286 0284 0282 0280 0278
0276 0276 0276 0278 0280 0284 0287 0291 0294 0296 0298 0299.
0299 0298 0297 0295 0293 0291 0289 0287 0285 0283 0282 0280
0279 0278 0279 0281 0284 0289 0293 0298 0301 0304 0305 0306.
0305 0304 0303 0286 0278 0275 0273 0271 0272 0272 0272 0272
0272 0271 0272 0272 0273 0274 0275 0276 0278 0280 0280 0281.
0281 0280 0279 0278 0278 0277 0276 0275 0274 0273 0273 0272
0271 0271 0270 0269 0269 0268 0268 0268 0269 0269 0268 0268.
0268 0267 0266 0265 0264 0263 0262 0261 0259 0258 0257 0256
0255 0255 0256 0257 0260 0262 0266 0270 0274 0278 0281 0282.
0282 0282 0280 0279 0277 0275 0273 0272 0270 0269 0267 0266
0265 0264 0264 0265 0266 0268 0270 0272 0273 0273 0273 0273.
0272 0272 0271 0270 0269 0268 0267 0266 0265 0264 0263 0261
0260 0260 0260 0262 0263 0266 0268 0270 0272 0273 0274 0274.
0274 0273 0272 0270 0269 0268 0267 0266 0265 0264 0263 0262
0262 0261 0261 0261 0263 0266 0268 0271 0273 0276 0278 0279.
0279 0278 0277 0276 0274 0273 0272 0271 0270 0269 0268 0267
0266 0265 0266 0267 0268 0270 0273 0275 0278 0280 0281 0282.
0282 0281 0280 0279 0278 0276 0275 0274 0272 0271 0270 0269
0269 0268 0269 0270 0273 0276 0278 0281 0284 0286 0287 0288.
0287 0286 0285 0284 0283 0282 0280 0278 0276 0275 0273 0272
0271 0270 0270 0270 0271 0273 0274 0276 0278 0280 0282 0284.
0284 0283 0283 0282 0280 0279 0278 0277 0275 0274 0273 0272
0271 0271 0272 0275 0278 0282 0286 0290 0294 0297 0298 0299.
0298 0297 0296 0294 0293 0291 0290 0288 0286 0285 0283 0282
0281 0281 0282 0284 0288 0292 0297 0302 0306 0309 0311 0312.
0311 0310 0309 0307 0306 0304 0302 0300 0299 0297 0296 0294
0293 0293 0294 0296 0300 0304 0309 0314 0318 0322 0324 0325.
0325 0324 0322 0320 0318 0316 0314 0312 0310 0308 0306 0304
0303 0302 0303 0304 0306 0309 0313 0316 0320 0322 0324 0324.
0324 0322 0320 0318 0316 0314 0311 0309 0307 0305 0303 0301
0299 0298 0299 0300 0303 0306 0310 0315 0318 0321 0322 0321.
0320 0318 0316 0314 0312 0309 0307 0304 0302 0299 0297 0295
0293 0292 0292 0294 0297 0300 0303 0307 0309 0311 0311 0311.
0309 0307 0305 0303 0301 0299 0296 0294 0292 0289 0287 0285
0284 0283 0284 0285 0289 0293 0297 0302 0306 0309 0311 0312.
0311 0310 0308 0306 0303 0301 0298 0296 0294 0291 0289 0287
0285 0285 0285 0287 0290 0295 0299 0304 0309 0312 0314 0315.
0315 0313 0312 0310 0308 0306 0304 0302 0300 0298 0296 0294
0292 0292 0292 0294 0297 0300 0305 0310 0314 0318 0320 0321.
0321 0320 0319 0317 0315 0313 0311 0308 0306 0304 0302 0300
0298 0297 0298 0300 0304 0308 0314 0319 0324 0327 0328 0328.
0328 0326 0324 0322 0320 0318 0316 0313 0311 0309 0307 0305
0303 0303 0303 0306 0310 0315 0320 0325 0330 0334 0336 0337.
0336 0335 0333 0330 0328 0325 0322 0319 0316 0313 0311 0309
0307 0305 0304 0304 0307 0311 0315 0320 0324 0328 0330 0330=
0239 0239 0240 0240 0240 0240 0240 0240 0240 0240 0240 0240
0239 0239 0239 0239 0239 0239 0239 0239 0239 0239 0239 0239.
0239 0239 0238 0238 0238 0238 0238 0238 0238 0238 0238 0237
0237 0237 0237 0237 0237 0237 0238 0238 0239 0240 0240 0241.
0242 0243 0243 0244 0244 0245 0245 0245 0245 0245 0245 0245
0245 0245 0245 0245 0245 0245 0245 0245 0245 0246 0246 0246.
0246 0247 0247 0247 0247 0247 0247 0247 0247 0247 0247 0247
0247 0247 0247 0247 0247 0246 0246 0246 0246 0246 0246 0246.
0246 0246 0246 0246 0245 0245 0245 0245 0245 0245 0244 0244
0244 0244 0243 0243 0243 0243 0243 0243 0244 0244 0245 0245.
0246 0246 0247 0247 0247 0247 0248 0248 0248 0248 0247 0247
0247 0247 0247 0247 0247 0247 0247 0247 0248 0248 0249 0249.
0250 0250 0251 0251 0251 0251 0251 0252 0251 0251 0251 0251
0251 0251 0250 0250 0250 0250 0250 0250 0251 0251 0251 0252.
0252 0253 0253 0253 0253 0254 0254 0254 0253 0253 0253 0253
0253 0253 0252 0252 0252 0252 0252 0253 0253 0254 0254 0254.
0255 0256 0256 0256 0256 0256 0257 0257 0257 0256 0256 0256
0256 0256 0256 0255 0255 0255 0255 0256 0256 0256 0256 0257.
0257 0257 0258 0258 0258 0258 0258 0258 0258 0258 0258 0258
0258 0257 0257 0257 0257 0257 0257 0257 0258 0258 0259 0259.
0260 0260 0261 0265 0264 0265 0265 0265 0265 0264 0264 0263
0263 0263 0262 0262 0262 0262 0262 0261 0261 0261 0261 0261.
0261 0261 0261 0261 0261 0261 0261 0261 0261 0261 0261 0261
0260 0260 0260 0260 0260 0260 0259 0259 0259 0259 0259 0259.
0258 0258 0258 0258 0258 0258 0257 0257 0257 0257 0256 0256
0256 0256 0255 0255 0255 0255 0254 0255 0255 0255 0255 0256.
0256 0256 0257 0257 0257 0257 0257 0257 0257 0257 0257 0257
0257 0257 0256 0256 0256 0256 0256 0256 0256 0256 0256 0256.
0257 0257 0256 0257 0257 0257 0257 0256 0256 0256 0256 0256
0256 0256 0255 0255 0255 0255 0255 0255 0255 0255 0255 0256.
0256 0256 0256 0256 0256 0256 0256 0256 0256 0256 0256 0255
0255 0255 0255 0255 0255 0255 0255 0255 0255 0255 0255 0256.
0256 0256 0256 0256 0257 0257 0257 0257 0257 0257 0257 0257
0257 0256 0256 0256 0256 0256 0256 0256 0257 0257 0257 0257.
0257 0258 0258 0258 0258 0258 0258 0258 0258 0258 0258 0258
0258 0258 0258 0258 0258 0258 0258 0258 0258 0259 0259 0259.
0259 0260 0260 0260 0260 0261 0261 0261 0261 0261 0261 0261
0260 0260 0260 0260 0260 0260 0260 0260 0260 0260 0260 0260.
0260 0260 0261 0261 0261 0261 0261 0261 0261 0261 0261 0261
0261 0261 0260 0260 0260 0261 0261 0261 0261 0262 0262 0263.
0263 0263 0264 0264 0264 0265 0265 0265 0265 0265 0265 0265
0265 0265 0265 0265 0265 0265 0265 0266 0266 0267 0267 0267.
0268 0268 0269 0269 0270 0270 0270 0270 0270 0270 0270 0270
0270 0270 0270 0270 0270 0271 0271 0271 0272 0272 0273 0273.
0273 0274 0274 0275 0275 0275 0275 0275 0275 0275 0275 0275
0275 0275 0275 0275 0275 0275 0275 0275 0275 0276 0276 0276.
0277 0277 0277 0277 0277 0277 0277 0277 0277 0277 0277 0277
0277 0276 0276 0276 0276 0276 0276 0276 0276 0276 0276 0277.
0277 0277 0277 0277 0277 0277 0277 0277 0277 0277 0277 0276
0276 0276 0276 0275 0275 0275 0275 0275 0275 0275 0275 0275.
0275 0275 0275 0275 0275 0275 0275 0275 0274 0274 0274 0273
0273 0273 0272 0272 0272 0271 0271 0272 0272 0272 0272 0272.
0272 0273 0273 0273 0273 0273 0273 0273 0272 0272 0272 0272
0271 0271 0271 0270 0270 0270 0270 0270 0270 0270 0271 0271.
0271 0271 0272 0272 0272 0272 0272 0272 0272 0271 0271 0271
0271 0271 0271 0270 0270 0270 0270 0270 0271 0271 0271 0272.
0272 0272 0273 0273 0273 0273 0273 0273 0273 0273 0273 0273
0273 0273 0272 0272 0272 0272 0272 0273 0273 0273 0274 0274.
0274 0275 0275 0275 0275 0276 0275 0276 0275 0275 0275 0275
0275 0275 0275 0274 0274 0274 0275 0275 0275 0275 0276 0276.
0277 0277 0277 0278 0278 0278 0278 0278 0278 0278 0278 0278
0277 0277 0277 0277 0277 0276 0276 0276 0277 0277 0277 0277=
KB
0228 0228 0228 0228 0229 0229 0229 0229 0229 0229 0229 0229
0229 0229 0229 0229 0229 0229 0229 0229 0229 0229 0229 0229.
0229 0229 0229 0229 0229 0229 0229 0229 0229 0229 0229 0229
0229 0229 0229 0229 0229 0229 0229 0229 0229 0229 0229 0229.
0229 0229 0229 0229 0229 0230 0230 0230 0230 0230 0230 0230
0230 0230 0230 0231 0231 0231 0231 0231 0231 0231 0231 0231.
0231 0231 0231 0231 0231 0232 0232 0232 0232 0232 0232 0232
0232 0232 0232 0232 0232 0233 0233 0233 0233 0233 0233 0233.
0233 0233 0233 0233 0233 0233 0233 0233 0233 0233 0233 0233
0233 0233 0233 0233 0233 0233 0233 0233 0233 0233 0233 0233.
0233 0233 0233 0233 0233 0233 0233 0233 0233 0234 0234 0234
0234 0234 0234 0234 0234 0234 0234 0234 0234 0234 0234 0234.
0234 0234 0234 0235 0235 0235 0235 0235 0235 0235 0235 0235
0235 0235 0236 0236 0236 0236 0236 0236 0236 0236 0236 0236.
0236 0236 0236 0236 0236 0236 0236 0237 0237 0237 0237 0237
0237 0237 0237 0237 0237 0237 0237 0237 0237 0237 0237 0237.
0238 0238 0238 0238 0238 0238 0238 0238 0238 0239 0239 0239
0239 0239 0239 0239 0239 0239 0239 0239 0239 0239 0240 0239.
0239 0240 0240 0240 0240 0240 0240 0240 0240 0240 0240 0241
0241 0241 0241 0241 0241 0241 0241 0241 0241 0241 0241 0241.
0241 0241 0243 0252 0247 0249 0249 0248 0248 0248 0248 0248
0249 0249 0249 0249 0249 0249 0249 0249 0249 0249 0249 0249.
0248 0248 0248 0248 0248 0248 0248 0248 0248 0248 0248 0248
0248 0248 0248 0248 0248 0248 0248 0248 0248 0248 0248 0248.
0248 0248 0248 0248 0248 0248 0248 0248 0248 0248 0248 0248
0248 0248 0248 0248 0248 0247 0247 0247 0247 0247 0247 0247.
0247 0247 0247 0247 0247 0247 0247 0247 0247 0247 0247 0247
0247 0247 0247 0247 0247 0247 0247 0247 0247 0247 0247 0247.
0247 0247 0247 0247 0247 0247 0247 0247 0247 0247 0247 0247
0247 0247 0247 0247 0247 0247 0247 0247 0247 0247 0247 0247.
0247 0246 0246 0246 0246 0246 0246 0246 0246 0247 0247 0247
0247 0246 0247 0247 0247 0247 0246 0247 0246 0247 0246 0247.
0246 0246 0246 0247 0247 0247 0246 0246 0247 0247 0247 0247
0247 0247 0247 0247 0247 0247 0247 0247 0247 0247 0247 0247.
0247 0247 0247 0247 0247 0247 0247 0247 0247 0247 0247 0247
0247 0247 0247 0247 0248 0248 0248 0248 0248 0248 0248 0248.
0248 0248 0248 0248 0248 0248 0248 0248 0248 0248 0249 0249
0249 0249 0249 0249 0249 0249 0249 0249 0249 0249 0249 0249.
0249 0249 0249 0249 0249 0249 0249 0249 0249 0249 0249 0249
0250 0250 0250 0250 0250 0250 0250 0250 0250 0250 0250 0250.
0250 0250 0250 0250 0250 0250 0250 0250 0250 0250 0250 0250
0251 0251 0251 0251 0251 0251 0251 0251 0251 0251 0251 0251.
0251 0251 0251 0252 0252 0252 0252 0252 0252 0252 0252 0253
0253 0253 0253 0253 0253 0253 0253 0253 0253 0253 0254 0254.
0254 0254 0254 0254 0254 0254 0254 0254 0255 0255 0255 0255
0255 0255 0255 0256 0256 0256 0256 0256 0256 0256 0256 0256.
0256 0257 0257 0257 0257 0257 0257 0257 0257 0257 0258 0258
0258 0258 0258 0258 0258 0258 0258 0258 0258 0258 0258 0259.
0259 0259 0259 0259 0259 0259 0259 0259 0259 0259 0259 0259
0259 0259 0260 0260 0260 0260 0260 0260 0260 0260 0260 0260.
0260 0260 0260 0260 0260 0260 0260 0260 0260 0260 0260 0260
0260 0260 0260 0260 0260 0260 0260 0260 0260 0260 0260 0260.
0260 0260 0260 0260 0259 0260 0260 0260 0260 0260 0260 0260
0260 0260 0260 0260 0260 0259 0260 0259 0259 0259 0259 0259.
0259 0259 0259 0259 0259 0259 0259 0259 0259 0259 0259 0259
0259 0259 0259 0259 0259 0259 0259 0259 0259 0259 0259 0259.
0259 0259 0259 0259 0259 0259 0259 0259 0259 0259 0259 0260
0260 0260 0260 0260 0260 0260 0260 0260 0260 0260 0260 0260.
0260 0260 0260 0260 0260 0260 0260 0260 0260 0260 0260 0261
0261 0261 0261 0261 0261 0261 0261 0261 0261 0261 0261 0261.
0261 0261 0261 0261 0261 0261 0261 0262 0262 0262 0262 0262
0262 0262 0262 0262 0262 0262 0262 0262 0262 0262 0262 0262=
0207 0207 0207 0207 0207 0207 0207 0207 0207 0207 0207 0207
0207 0207 0207 0207 0207 0207 0207 0207 0208 0208 0208 0207.
0207 0208 0207 0208 0208 0208 0208 0208 0208 0208 0208 0208
0208 0208 0208 0208 0208 0208 0208 0208 0208 0208 0208 0208.
0208 0208 0208 0208 0208 0208 0208 0208 0208 0208 0208 0208
0208 0208 0208 0208 0208 0208 0208 0208 0208 0208 0209 0208.
0208 0209 0208 0208 0209 0209 0208 0209 0209 0209 0209 0209
0209 0209 0209 0209 0209 0209 0209 0209 0209 0209 0209 0209.
0209 0209 0209 0209 0209 0209 0209 0209 0209 0209 0209 0209
0209 0209 0209 0209 0209 0209 0209 0209 0209 0209 0209 0209.
0209 0210 0209 0210 0210 0209 0210 0210 0210 0210 0210 0210
0210 0210 0210 0210 0210 0210 0210 0210 0210 0210 0210 0210.
0210 0210 0210 0210 0210 0210 0210 0210 0210 0210 0210 0210
0210 0210 0211 0211 0210 0211 0211 0211 0211 0211 0211 0211.
0211 0211 0211 0211 0211 0211 0211 0211 0211 0211 0211 0211
0211 0211 0211 0211 0211 0211 0211 0211 0211 0211 0211 0211.
0211 0211 0211 0211 0212 0212 0211 0212 0212 0212 0212 0212
0212 0212 0212 0212 0212 0212 0212 0212 0212 0212 0212 0212.
0212 0212 0212 0212 0212 0212 0212 0212 0212 0212 0212 0212
0212 0212 0212 0213 0212 0213 0213 0213 0213 0213 0213 0213.
0213 0213 0213 0219 0216 0216 0216 0216 0216 0216 0216 0216
0216 0216 0217 0217 0217 0217 0217 0217 0217 0218 0218 0218.
0218 0218 0218 0218 0218 0218 0218 0218 0218 0218 0218 0218
0218 0219 0219 0218 0218 0218 0219 0219 0219 0219 0219 0219.
0219 0219 0219 0219 0219 0219 0219 0219 0219 0219 0219 0219
0219 0219 0219 0219 0219 0219 0219 0219 0219 0220 0219 0220.
0220 0220 0220 0220 0220 0220 0220 0220 0220 0220 0220 0220
0220 0220 0220 0220 0220 0220 0220 0220 0220 0220 0220 0220.
0220 0220 0220 0220 0220 0221 0221 0221 0221 0221 0221 0221
0221 0221 0221 0221 0221 0221 0221 0221 0221 0221 0221 0221.
0221 0221 0221 0221 0221 0221 0221 0221 0221 0221 0221 0221
0221 0221 0221 0221 0222 0222 0222 0222 0222 0222 0222 0222.
0222 0222 0222 0222 0222 0222 0222 0222 0222 0222 0222 0222
0222 0222 0222 0222 0222 0222 0222 0222 0222 0222 0222 0222.
0222 0222 0222 0222 0222 0222 0222 0222 0222 0222 0222 0222
0223 0223 0223 0223 0223 0223 0223 0223 0223 0223 0223 0223.
0223 0223 0223 0223 0223 0223 0223 0223 0223 0223 0223 0223
0223 0223 0223 0223 0223 0223 0223 0223 0223 0224 0224 0223.
0223 0223 0223 0224 0224 0224 0224 0224 0224 0224 0224 0224
0224 0224 0224 0224 0224 0224 0224 0224 0224 0224 0224 0224.
0224 0224 0224 0224 0224 0224 0224 0224 0224 0224 0224 0224
0225 0224 0225 0225 0225 0225 0225 0225 0225 0225 0225 0225.
0225 0225 0225 0225 0225 0225 0225 0225 0225 0225 0225 0225
0225 0225 0225 0225 0225 0225 0225 0225 0225 0225 0225 0225.
0225 0225 0225 0225 0225 0225 0225 0225 0226 0226 0226 0226
0226 0226 0226 0226 0226 0226 0226 0226 0226 0226 0226 0226.
0226 0226 0226 0226 0226 0226 0226 0226 0226 0226 0226 0226
0226 0226 0226 0227 0227 0227 0227 0227 0227 0227 0227 0227.
0227 0227 0227 0227 0227 0227 0227 0227 0227 0227 0227 0227
0227 0227 0227 0227 0227 0227 0227 0227 0228 0228 0228 0228.
0228 0228 0228 0228 0228 0228 0228 0228 0228 0228 0228 0228
0228 0228 0228 0228 0228 0228 0228 0228 0228 0228 0228 0229.
0229 0229 0229 0229 0229 0229 0229 0229 0229 0229 0229 0229
0229 0229 0229 0229 0229 0229 0229 0229 0229 0230 0229 0229.
0229 0229 0230 0230 0230 0230 0230 0230 0230 0230 0230 0230
0230 0230 0230 0230 0230 0230 0230 0230 0230 0230 0230 0230.
0230 0230 0230 0230 0230 0231 0231 0231 0230 0231 0231 0231
0231 0231 0231 0231 0231 0231 0231 0231 0231 0231 0231 0231.
0231 0231 0231 0231 0231 0231 0231 0231 0231 0231 0231 0231
0231 0231 0231 0231 0232 0232 0232 0232 0232 0232 0232 0232.
0232 0232 0232 0232 0232 0232 0232 0232 0232 0232 0232 0232
0232 0232 0232 0232 0232 0232 0232 0232 0232 0232 0232 0232=
0183 0182 0183 0182 0182 0183 0183 0183 0183 0183 0183 0183
0183 0183 0183 0183 0183 0183 0183 0183 0183 0183 0183 0183.
0183 0183 0183 0183 0183 0183 0183 0183 0183 0183 0183 0183
0183 0183 0183 0183 0183 0183 0183 0183 0183 0183 0183 0183.
0183 0183 0183 0183 0183 0183 0183 0183 0183 0183 0183 0183
0184 0183 0184 0184 0183 0184 0184 0184 0184 0184 0184 0184.
0184 0184 0184 0184 0184 0184 0184 0184 0184 0184 0184 0184
0184 0184 0184 0184 0184 0184 0184 0184 0184 0184 0184 0184.
0184 0184 0184 0184 0184 0184 0184 0184 0184 0184 0184 0184
0184 0184 0184 0184 0184 0184 0184 0184 0184 0184 0184 0184.
0184 0184 0184 0184 0184 0184 0184 0184 0184 0184 0184 0184
0184 0185 0185 0185 0185 0185 0185 0185 0185 0185 0185 0185.
0185 0185 0185 0185 0185 0185 0185 0185 0185 0185 0185 0185
0185 0185 0185 0185 0185 0185 0185 0185 0185 0185 0185 0185.
0185 0185 0185 0185 0185 0185 0185 0185 0185 0185 0185 0185
0185 0185 0185 0185 0185 0185 0185 0185 0185 0185 0185 0185.
0185 0185 0185 0185 0185 0185 0185 0185 0185 0186 0185 0185
0186 0186 0186 0186 0186 0186 0186 0186 0186 0186 0186 0186.
0186 0186 0186 0186 0186 0186 0186 0186 0186 0186 0186 0186
0186 0186 0186 0186 0186 0186 0186 0186 0186 0186 0186 0186.
0186 0186 0186 0186 0186 0186 0187 0187 0187 0187 0187 0187
0187 0187 0187 0187 0188 0188 0188 0188 0188 0188 0188 0188.
0188 0188 0188 0188 0188 0188 0188 0188 0188 0188 0188 0188
0188 0188 0188 0188 0189 0189 0188 0189 0189 0189 0189 0189.
0189 0189 0189 0189 0189 0189 0189 0189 0189 0189 0189 0189
0189 0189 0189 0189 0189 0189 0189 0189 0189 0189 0189 0189.
0189 0189 0189 0189 0189 0189 0189 0189 0189 0189 0189 0189
0189 0189 0189 0189 0189 0189 0189 0189 0189 0190 0190 0190.
0190 0190 0190 0190 0190 0190 0190 0190 0190 0190 0190 0190
0190 0190 0190 0190 0190 0190 0190 0190 0190 0190 0190 0190.
0190 0190 0190 0190 0190 0190 0190 0190 0190 0190 0190 0190
0190 0190 0190 0190 0190 0190 0190 0190 0190 0190 0190 0190.
0190 0190 0191 0191 0191 0190 0191 0190 0190 0191 0191 0191
0191 0191 0191 0191 0191 0191 0191 0191 0191 0191 0191 0191.
0191 0191 0191 0191 0191 0191 0191 0191 0191 0191 0191 0191
0191 0191 0191 0191 0191 0191 0191 0191 0191 0191 0191 0191.
0191 0191 0191 0191 0191 0191 0191 0191 0191 0192 0192 0192
0192 0192 0192 0192 0192 0192 0192 0192 0192 0192 0192 0192.
0192 0192 0192 0192 0192 0192 0192 0192 0192 0192 0192 0192
0192 0192 0192 0192 0192 0192 0192 0192 0192 0192 0192 0192.
0192 0192 0192 0192 0192 0192 0192 0192 0192 0192 0192 0193
0193 0193 0193 0193 0193 0193 0193 0193 0193 0193 0193 0193.
0193 0193 0193 0193 0193 0193 0193 0193 0193 0193 0193 0193
0193 0193 0193 0193 0193 0193 0193 0193 0193 0193 0193 0193.
0193 0193 0193 0193 0193 0193 0193 0193 0193 0193 0193 0193
0193 0193 0193 0194 0194 0194 0194 0194 0194 0194 0194 0194.
0194 0194 0194 0194 0194 0194 0194 0194 0194 0194 0194 0194
0194 0194 0194 0194 0194 0194 0194 0194 0194 0194 0194 0194.
0194 0194 0194 0194 0194 0194 0194 0194 0194 0194 0194 0194
0194 0194 0194 0194 0194 0194 0194 0194 0194 0194 0194 0194.
0194 0194 0194 0195 0195 0194 0194 0194 0195 0195 0195 0195
0195 0195 0195 0195 0195 0195 0195 0195 0195 0195 0195 0195.
0195 0195 0195 0195 0195 0195 0195 0195 0195 0195 0195 0195
0195 0195 0195 0195 0195 0195 0195 0195 0195 0195 0195 0195.
0195 0195 0195 0195 0195 0195 0195 0195 0195 0195 0195 0196
0196 0196 0196 0196 0196 0196 0196 0196 0196 0196 0196 0196.
0196 0196 0196 0196 0196 0196 0196 0196 0196 0196 0196 0196
0196 0196 0196 0196 0196 0196 0196 0196 0196 0196 0196 0196.
0196 0196 0196 0196 0196 0196 0196 0196 0196 0196 0196 0196
0196 0196 0196 0196 0197 0197 0197 0197 0197 0197 0197 0197.
0197 0197 0197 0197 0197 0196 0197 0197 0197 0197 0197 0197
0197 0197 0197 0197 0197 0197 0197 0197 0197 0197 0197 0197=
A=
SA=
BA
0242 0236 0234 0232 0227 0229 0227 0228 0230 0231 0233 0234
0249 0242 0249 0243 0235 0242 0238 0234 0234 0232 0224 0222 0258 0855 0220 1909.
0219 0224 0222 0219 0217 0220 0220 0221 0216 0217 0231 0263
0359 0381 0381 0407 0389 0409 0412 0396 0380 0364 0301 0278 0433 1257 0215 0134.
0267 0257 0244 0239 0230 0226 0223 0212 0211 0224 0286 0323
0352 0346 0401 0310 0349 0320 0358 0371 0302 0288 0276 0254 0411 1103 0206 0526.
0254 0251 0248 0246 0246 0249 0242 0243 0232 0221 0221 0217
0221 0231 0227 0231 0236 0240 0244 0245 0246 0250 0244 0232 0254 2001 0217 0745.
0225 0221 0212 0209 0203 0198 0194 0207 0206 0208 0216 0243
0337 0371 0388 0364 0392 0380 0356 0375 0304 0311 0271 0250 0413 1251 0193 0302.
0239 0235 0247 0242 0231 0216 0212 0201 0205 0208 0267 0325
0369 0392 0374 0397 0404 0407 0401 0386 0359 0327 0288 0264 0425 1303 0198 0527.
0257 0233 0229 0231 0240 0225 0204 0201 0199 0203 0266 0312
0349 0399 0380 0390 0438 0417 0418 0410 0371 0330 0299 0274 0445 1301 0192 0539.
0264 0240 0236 0223 0220 0219 0217 0211 0216 0217 0267 0327
0371 0396 0410 0443 0399 0413 0414 0391 0375 0341 0307 0284 0460 1218 0206 0512.
0275 0258 0243 0233 0232 0232 0224 0214 0220 0228 0272 0285
0391 0422 0395 0411 0427 0437 0364 0418 0392 0370 0315 0294 0463 1347 0212 0449.
0271 0265 0259 0246 0243 0242 0236 0228 0224 0233 0287 0347
0389 0412 0419 0418 0457 0419 0396 0385 0358 0335 0320 0303 0464 1256 0223 0503.
0280 0253 0253 0250 0252 0247 0248 0247 0247 0249 0250 0249
0256 0270 0287 0299 0289 0352 0356 0313 0290 0273 0268 0265 0383 1443 0244 0511.
0249 0249 0247 0248 0248 0247 0247 0248 0246 0245 0245 0237
0236 0238 0246 0242 0242 0245 0267 0234 0258 0256 0238 0226 0281 1431 0226 1955.
0220 0221 0218 0219 0211 0211 0209 0202 0200 0201 0244 0270
0304 0334 0315 0379 0416 0406 0402 0405 0374 0335 0285 0263 0424 1259 0196 0420.
0253 0236 0228 0226 0221 0224 0223 0221 0221 0229 0247 0272
0275 0304 0343 0345 0341 0354 0294 0281 0252 0249 0254 0248 0399 1223 0216 0313.
0250 0250 0245 0244 0241 0233 0219 0209 0211 0202 0240 0289
0292 0367 0322 0341 0344 0324 0343 0324 0286 0288 0266 0243 0406 1340 0197 0532.
0237 0233 0240 0239 0238 0236 0235 0235 0237 0236 0243 0253
0265 0354 0352 0395 0326 0409 0374 0362 0357 0306 0275 0267 0419 1418 0233 2150.
0264 0260 0256 0253 0251 0239 0247 0246 0243 0240 0247 0292
0305 0302 0319 0409 0337 0390 0328 0344 0317 0303 0280 0260 0432 1409 0237 0150.
0255 0247 0247 0249 0248 0249 0242 0246 0235 0245 0274 0296
0304 0358 0438 0398 0364 0403 0376 0333 0314 0297 0281 0274 0492 1106 0234 0432.
0279 0274 0268 0262 0242 0236 0233 0232 0235 0232 0236 0247
0278 0271 0352 0323 0341 0365 0424 0396 0392 0319 0290 0268 0460 1457 0230 0324.
0268 0256 0253 0247 0241 0243 0241 0236 0233 0233 0261 0323
0399 0411 0467 0396 0445 0469 0449 0421 0365 0318 0305 0293 0488 1120 0231 0510.
0278 0268 0264 0260 0256 0248 0249 0243 0246 0247 0282 0337
0403 0456 0469 0484 0486 0476 0456 0439 0419 0376 0334 0314 0506 1336 0241 0433.
0300 0298 0294 0279 0278 0272 0268 0262 0261 0260 0319 0393
0425 0479 0500 0501 0475 0477 0475 0474 0440 0386 0340 0314 0515 1143 0257 0508.
0299 0293 0283 0278 0274 0273 0272 0263 0260 0261 0310 0362
0375 0411 0479 0476 0477 0447 0480 0425 0390 0353 0319 0293 0507 1504 0258 0437.
0287 0271 0268 0272 0260 0263 0263 0240 0240 0252 0276 0305
0385 0437 0447 0431 0429 0473 0405 0423 0290 0285 0268 0261 0492 1346 0237 0432.
0263 0258 0259 0254 0231 0224 0228 0225 0227 0225 0240 0307
0350 0399 0407 0413 0425 0412 0398 0384 0353 0326 0281 0270 0459 1318 0223 0346.
0257 0246 0245 0235 0219 0212 0216 0208 0202 0209 0247 0321
0359 0417 0425 0436 0433 0427 0428 0419 0374 0336 0299 0281 0470 1310 0200 0522.
0273 0238 0229 0217 0215 0208 0205 0211 0199 0201 0232 0322
0383 0420 0418 0452 0453 0485 0461 0416 0373 0336 0302 0287 0502 1351 0198 0534.
0271 0259 0259 0250 0245 0239 0235 0235 0229 0230 0268 0331
0383 0428 0450 0485 0486 0483 0453 0447 0408 0372 0321 0306 0502 1252 0225 0534.
0298 0278 0272 0258 0254 0247 0242 0234 0229 0230 0280 0359
0408 0459 0454 0510 0464 0485 0474 0448 0380 0382 0333 0316 0518 1322 0227 0534.
0299 0282 0273 0260 0252 0252 0243 0240 0237 0236 0288 0373
0422 0474 0493 0504 0505 0510 0490 0460 0432 0369 0339 0315 0547 1228 0233 0519.
0307 0308 0244 0239 0243 0244 0237 0241 0251 0237 0257 0273
0313 0348 0412 0411 0482 0404 0468 0463 0405 0344 0321 0305 0487 1327 0234 0536=
=
??????
******
YF
19011










=
JY
8888=
GK
01/
05/=
BZ
10/03/08;14;20

10/24/24
11/=
######
