57461 3042N 11118E 001331 001343 105 000 S14 11111999919199111991 0 2014 10
PC
0032 0032 0029 0028 0026 0020 0017 0008 0009 0010 0012 0014
0015 0012 0007 9999 9990 9984 9980 9983 9983 9990 9995 0001 0033 2133 9979 1455.
0008 0008 0006 0004 0001 9999 9998 9996 9998 9999 0001 0007
0007 0007 0003 9994 9984 9975 9968 9966 9968 9971 9975 9982 0010 2052 9966 1547.
9987 9988 9987 9984 9985 9983 9982 9983 9986 9989 9994 0001
0005 0004 0000 9992 9982 9975 9968 9965 9964 9966 9969 9981 0006 0908 9963 1706.
9989 9994 9993 9995 9995 9993 9994 9992 9996 0002 0009 0017
0023 0024 0023 0019 0014 0008 0005 0010 0014 0020 0027 0034 0034 1947 9981 2001.
0045 0049 0048 0050 0048 0047 0050 0049 0053 0058 0065 0074
0079 0080 0073 0065 0058 0051 0046 0046 0048 0051 0057 0066 0081 0929 0034 2001.
0074 0080 0082 0081 0081 0080 0079 0078 0081 0086 0093 0100
0105 0104 0098 0088 0076 0063 0053 0048 0045 0046 0049 0056 0105 0854 0045 1659.
0062 0064 0063 0061 0058 0054 0051 0050 0052 0053 0058 0064
0067 0064 0059 0048 0036 0024 0016 0011 0010 0013 0017 0024 0067 0850 0010 1614.
0030 0032 0033 0032 0030 0027 0023 0022 0025 0029 0033 0040
0044 0046 0042 0034 0022 0011 0000 9997 9995 9999 0004 0012 0046 0957 9995 1656.
0019 0021 0023 0023 0020 0015 0014 0009 0009 0015 0022 0030
0033 0031 0026 0020 0010 9999 9993 9989 9988 9991 9996 0001 0034 0839 9987 1638.
0009 0011 0014 0015 0015 0016 0017 0019 0021 0026 0032 0037
0043 0042 0039 0029 0019 0010 0004 0002 0001 0003 0009 0018 0044 0909 0001 2001.
0028 0030 0032 0032 0033 0032 0033 0033 0036 0040 0046 0051
0055 0057 0053 0044 0034 0026 0021 0021 0023 0032 0041 0053 0057 0928 0018 2001.
0062 0066 0070 0069 0068 0067 0069 0068 0071 0080 0086 0091
0096 0098 0095 0088 0079 0072 0067 0072 0078 0084 0088 0095 0099 0914 0053 2001.
0100 0104 0107 0107 0107 0106 0106 0104 0105 0111 0115 0123
0131 0133 0128 0123 0113 0098 0094 0094 0093 0092 0096 0101 0134 0923 0092 1725.
0106 0105 0105 0103 0099 0093 0091 0090 0089 0092 0093 0100
0099 0101 0097 0088 0074 0063 0056 0052 0053 0053 0058 0064 0106 2039 0051 1540.
0070 0071 0070 0069 0067 0061 0054 0048 0051 0054 0059 0062
0061 0062 0055 0045 0032 0023 0014 0014 0014 0015 0027 0036 0072 2134 0012 1646.
0042 0044 0046 0050 0047 0047 0045 0045 0050 0054 0057 0067
0075 0076 0077 0074 0066 0060 0056 0056 0055 0058 0066 0074 0079 1016 0036 2001.
0078 0077 0076 0068 0063 0059 0056 0051 0051 0052 0055 0062
0069 0069 0069 0062 0052 0046 0041 0035 0033 0035 0038 0043 0079 2031 0033 1641.
0044 0044 0044 0039 0035 0031 0026 0019 0019 0023 0025 0032
0036 0037 0031 0025 0015 0003 9997 9994 9995 9996 0000 0007 0045 2111 9993 1604.
0011 0012 0012 0007 9999 9994 9988 9985 9986 9987 9991 9994
9997 9997 9991 9983 9974 9968 9966 9968 9972 9978 9985 9991 0013 2209 9964 1508.
9996 9995 9994 9990 9988 9982 9980 9973 9972 9974 9977 9983
9988 9988 9985 9976 9971 9966 9969 9971 9979 9984 9990 0004 0004 1959 9965 1510.
0008 0015 0020 0023 0027 0026 0026 0029 0034 0041 0053 0064
0073 0079 0076 0073 0067 0060 0058 0058 0059 0064 0072 0080 0080 1952 0003 2015.
0085 0087 0087 0084 0083 0082 0078 0077 0078 0082 0088 0094
0098 0096 0092 0083 0070 0060 0052 0047 0045 0048 0053 0058 0099 0904 0045 1649.
0061 0063 0062 0061 0057 0052 0049 0046 0042 0044 0046 0049
0057 0055 0049 0039 0026 0016 0010 0008 0008 0010 0014 0020 0063 2133 0007 1527.
0023 0025 0023 0020 0017 0016 0014 0010 0011 0011 0016 0023
0028 0027 0021 0011 0000 9991 9986 9984 9986 9991 9996 0002 0028 0857 9984 1547.
0007 0011 0013 0010 0007 0006 0001 9997 9996 9999 0003 0009
0014 0012 0006 9998 9988 9980 9975 9975 9979 9984 9989 9996 0014 0851 9974 1509.
0002 0006 0006 0004 0003 0002 0001 0001 0003 0009 0015 0021
0029 0030 0027 0022 0013 0008 0006 0006 0008 0012 0020 0031 0031 1953 9996 2001.
0038 0046 0050 0051 0052 0053 0052 0056 0059 0063 0069 0077
//// //// //// //// //// //// //// //// //// //// //// //// 0077 0757 0031 2001.
//// //// //// //// //// //// //// //// //// //// //// ////
//// //// //// //// //// //// //// //// //// //// //// //// //// //// //// ////.
//// //// //// //// //// //// //// //// //// //// //// ////
//// //// //// //// //// //// //// //// //// //// //// //// //// //// //// ////.
//// //// //// //// //// //// //// //// //// //// //// ////
//// //// //// //// //// //// //// //// //// //// //// //// //// //// //// ////.
//// //// //// //// //// //// //// //// //// //// //// ////
//// //// //// //// //// //// //// //// //// //// //// //// //// //// //// ////=
0176 0171 0140 0158
0156 0165 0130 0139
0138 0158 0130 0138
0148 0174 0165 0192
0204 0232 0207 0224
0237 0259 0220 0215
0211 0223 0181 0182
0184 0199 0168 0171
0172 0189 0156 0160
0173 0196 0167 0177
0189 0210 0183 0212
0225 0250 0230 0255
0265 0283 0258 0262
0253 0261 0222 0224
0221 0222 0181 0195
0204 0225 0218 0233
0218 0221 0205 0203
0190 0192 0161 0166
0152 0152 0125 0149
0139 0140 0123 0162
0185 0224 0218 0240
0241 0255 0219 0218
0211 0209 0174 0179
0174 0182 0148 0161
0163 0167 0136 0154
0158 0179 0164 0189
0209 0235 //// ////
//// //// //// ////
//// //// //// ////
//// //// //// ////
//// //// //// ////=
TB
0227 0223 0221 0219 0215 0213 0211 0208 0207 0205 0205 0206
0211 0219 0221 0223 0224 0221 0230 0225 0222 0219 0215 0215 0232 1445 0205 0547.
0213 0207 0207 0205 0197 0191 0188 0185 0180 0177 0176 0185
0206 0235 0259 0282 0299 0305 0307 0301 0283 0271 0257 0240 0309 1448 0174 0634.
0227 0213 0207 0198 0194 0188 0185 0179 0178 0173 0172 0191
0222 0236 0259 0275 0285 0295 0295 0291 0284 0270 0255 0235 0296 1501 0171 0633.
0219 0206 0199 0195 0188 0184 0178 0175 0173 0177 0176 0185
0205 0232 0241 0243 0256 0258 0257 0252 0247 0241 0235 0228 0259 1409 0172 0502.
0222 0218 0214 0212 0210 0208 0203 0197 0190 0187 0185 0198
0214 0240 0265 0282 0285 0288 0288 0286 0279 0267 0252 0242 0292 1348 0185 0635.
0219 0204 0197 0189 0181 0176 0175 0167 0161 0156 0158 0173
0193 0217 0242 0254 0267 0270 0273 0275 0266 0251 0237 0221 0279 1446 0155 0547.
0205 0193 0184 0177 0174 0167 0165 0161 0156 0153 0153 0166
0187 0209 0226 0243 0257 0266 0276 0276 0268 0251 0236 0218 0277 1605 0150 0637.
0199 0185 0179 0170 0165 0162 0154 0150 0151 0145 0142 0158
0183 0202 0230 0241 0253 0260 0265 0263 0256 0246 0222 0204 0269 1524 0141 0644.
0193 0183 0174 0170 0167 0160 0153 0150 0149 0144 0140 0157
0178 0201 0228 0244 0254 0267 0267 0270 0261 0245 0222 0207 0277 1519 0140 0634.
0191 0182 0177 0169 0166 0160 0161 0152 0149 0152 0147 0157
0181 0207 0231 0250 0257 0264 0265 0262 0258 0244 0229 0221 0271 1414 0147 0543.
0207 0194 0189 0183 0178 0174 0168 0163 0159 0151 0151 0164
0182 0209 0228 0234 0251 0255 0259 0256 0250 0238 0223 0218 0265 1538 0150 0632.
0205 0195 0189 0182 0177 0177 0173 0169 0168 0169 0172 0179
0189 0211 0228 0228 0239 0240 0251 0237 0228 0219 0211 0207 0255 1451 0167 0452.
0203 0197 0195 0189 0184 0180 0177 0173 0172 0169 0169 0167
0168 0174 0176 0177 0182 0190 0193 0189 0186 0183 0183 0179 0207 2001 0166 0807.
0174 0172 0169 0169 0169 0169 0168 0163 0163 0162 0161 0163
0167 0173 0183 0196 0206 0209 0215 0218 0214 0206 0197 0193 0219 1502 0160 0639.
0181 0172 0162 0158 0154 0152 0146 0142 0140 0138 0136 0150
0173 0203 0224 0239 0242 0250 0252 0248 0242 0235 0226 0219 0253 1410 0135 0640.
0214 0209 0203 0199 0195 0196 0192 0190 0188 0187 0186 0189
0193 0198 0201 0211 0215 0221 0223 0219 0212 0206 0201 0195 0223 1500 0185 0606.
0187 0185 0185 0184 0182 0179 0179 0178 0177 0174 0172 0176
0184 0189 0190 0190 0188 0184 0181 0182 0183 0180 0176 0177 0195 2001 0172 0651.
0174 0173 0172 0172 0170 0169 0169 0168 0169 0170 0169 0170
0176 0179 0187 0194 0201 0208 0209 0212 0210 0201 0197 0194 0214 1545 0168 0224.
0190 0189 0187 0183 0181 0180 0179 0178 0176 0173 0174 0180
0189 0198 0204 0215 0224 0226 0231 0230 0225 0218 0216 0212 0235 1525 0173 0535.
0209 0208 0206 0203 0200 0200 0197 0195 0193 0195 0194 0196
0196 0193 0190 0190 0191 0190 0183 0181 0183 0183 0180 0179 0212 2001 0179 1946.
0178 0178 0179 0179 0178 0177 0176 0174 0175 0175 0174 0178
0184 0192 0201 0218 0222 0229 0237 0231 0227 0217 0208 0198 0242 1511 0173 0422.
0193 0180 0175 0164 0160 0156 0154 0150 0144 0144 0142 0149
0162 0190 0208 0218 0230 0237 0244 0241 0229 0215 0203 0190 0248 1512 0142 0646.
0182 0176 0166 0161 0158 0157 0159 0157 0158 0160 0159 0165
0177 0192 0211 0217 0233 0233 0236 0230 0225 0217 0204 0197 0239 1450 0156 0345.
0190 0180 0173 0170 0167 0163 0159 0156 0152 0150 0149 0156
0171 0200 0222 0238 0251 0260 0262 0261 0251 0238 0221 0211 0266 1456 0148 0628.
0200 0192 0187 0180 0175 0169 0166 0165 0160 0159 0155 0164
0196 0219 0242 0262 0271 0281 0284 0281 0268 0257 0234 0226 0288 1424 0154 0655.
0209 0202 0196 0187 0182 0178 0176 0172 0169 0163 0165 0176
0199 0223 0250 0268 0286 0296 0300 0297 0287 0267 0246 0225 0302 1504 0161 0646.
0213 0205 0198 0192 0186 0182 0180 0177 0182 0182 0180 0189
//// //// //// //// //// //// //// //// //// //// //// //// 0225 2001 0177 0348.
//// //// //// //// //// //// //// //// //// //// //// ////
//// //// //// //// //// //// //// //// //// //// //// //// //// //// //// ////.
//// //// //// //// //// //// //// //// //// //// //// ////
//// //// //// //// //// //// //// //// //// //// //// //// //// //// //// ////.
//// //// //// //// //// //// //// //// //// //// //// ////
//// //// //// //// //// //// //// //// //// //// //// //// //// //// //// ////.
//// //// //// //// //// //// //// //// //// //// //// ////
//// //// //// //// //// //// //// //// //// //// //// //// //// //// //// ////=
IB
=
0170 0172 0166 0166 0167 0167 0165 0164 0157 0155 0155 0168
0167 0168 0164 0163 0162 0173 0168 0170 0173 0177 0177 0173.
0179 0175 0179 0181 0180 0174 0178 0172 0172 0169 0168 0179
0176 0173 0170 0165 0145 0115 0106 0125 0138 0120 0136 0144.
0145 0156 0155 0150 0159 0155 0150 0150 0151 0151 0150 0160
0148 0146 0137 0131 0120 0111 0096 0103 0110 0107 0117 0137.
0140 0143 0140 0137 0149 0143 0143 0146 0140 0146 0147 0142
0144 0148 0139 0144 0150 0146 0151 0161 0159 0159 0168 0177.
0178 0172 0168 0170 0160 0164 0163 0160 0160 0163 0156 0170
0157 0150 0152 0137 0151 0139 0127 0121 0097 0087 0095 0098.
0122 0124 0129 0124 0128 0123 0118 0123 0130 0116 0118 0118
0116 0123 0122 0119 0116 0070 0072 0069 0081 0068 0082 0106.
0112 0111 0117 0119 0125 0123 0127 0125 0125 0124 0119 0129
0131 0131 0125 0132 0132 0123 0112 0080 0083 0086 0092 0090.
0114 0118 0117 0119 0123 0122 0120 0118 0119 0120 0114 0127
0125 0122 0114 0114 0092 0098 0098 0105 0102 0094 0104 0116.
0113 0118 0121 0119 0132 0131 0130 0125 0122 0121 0119 0121
0123 0118 0118 0107 0093 0096 0062 0064 0090 0097 0107 0113.
0117 0118 0110 0114 0113 0118 0113 0120 0111 0108 0118 0125
0125 0121 0118 0112 0107 0110 0118 0115 0119 0120 0119 0124.
0127 0138 0140 0136 0135 0129 0127 0130 0130 0124 0133 0139
0135 0131 0118 0111 0109 0113 0101 0110 0112 0121 0126 0126.
0135 0141 0140 0137 0132 0134 0136 0138 0137 0132 0133 0144
0133 0130 0133 0127 0125 0123 0109 0100 0103 0104 0103 0099.
0098 0099 0088 0088 0084 0080 0083 0084 0086 0081 0083 0087
0082 0091 0087 0086 0085 0086 0086 0080 0091 0088 0088 0087.
0077 0078 0073 0075 0081 0086 0088 0085 0085 0103 0104 0104
0096 0082 0080 0083 0092 0092 0091 0103 0106 0107 0110 0103.
0110 0121 0116 0118 0120 0127 0125 0121 0124 0124 0123 0127
0128 0128 0118 0125 0119 0126 0134 0124 0131 0131 0128 0138.
0141 0143 0149 0158 0156 0148 0149 0159 0153 0154 0158 0160
0162 0157 0159 0154 0146 0155 0152 0150 0155 0158 0159 0156.
0156 0154 0156 0147 0139 0132 0130 0125 0126 0131 0137 0135
0131 0129 0132 0143 0141 0139 0121 0139 0148 0154 0145 0159.
0156 0156 0155 0157 0150 0156 0153 0153 0159 0160 0159 0159
0159 0157 0165 0157 0151 0154 0143 0153 0144 0151 0147 0153.
0159 0160 0163 0159 0159 0160 0155 0160 0161 0162 0159 0162
0161 0166 0156 0160 0155 0157 0152 0156 0158 0159 0170 0172.
0173 0164 0174 0173 0170 0174 0167 0169 0167 0162 0162 0168
0163 0162 0168 0166 0158 0162 0166 0171 0170 0170 0172 0173.
0165 0165 0166 0166 0165 0166 0170 0168 0169 0164 0163 0165
0167 0170 0169 0152 0143 0128 0136 0130 0129 0133 0135 0135.
0137 0139 0148 0141 0144 0141 0143 0140 0134 0131 0134 0138
0151 0147 0140 0137 0138 0136 0130 0127 0131 0134 0137 0134.
0143 0141 0144 0138 0143 0144 0141 0139 0145 0147 0141 0147
0151 0151 0145 0144 0140 0132 0132 0151 0151 0141 0145 0145.
0153 0154 0153 0153 0154 0152 0149 0141 0139 0137 0141 0148
0154 0156 0146 0145 0154 0157 0133 0139 0146 0153 0150 0150.
0160 0157 0159 0158 0153 0154 0153 0154 0144 0148 0145 0154
0153 0138 0131 0133 0152 0144 0139 0129 0142 0129 0144 0144.
0150 0152 0157 0152 0149 0147 0149 0143 0147 0140 0142 0139
0129 0134 0136 0132 0137 0121 0124 0113 0113 0131 0138 0146.
0142 0148 0146 0142 0147 0145 0149 0140 0155 0149 0151 0150
//// //// //// //// //// //// //// //// //// //// //// ////.
//// //// //// //// //// //// //// //// //// //// //// ////
//// //// //// //// //// //// //// //// //// //// //// ////.
//// //// //// //// //// //// //// //// //// //// //// ////
//// //// //// //// //// //// //// //// //// //// //// ////.
//// //// //// //// //// //// //// //// //// //// //// ////
//// //// //// //// //// //// //// //// //// //// //// ////.
//// //// //// //// //// //// //// //// //// //// //// ////
//// //// //// //// //// //// //// //// //// //// //// ////=
EA
193 196 189 189 190 190 188 187 178 176 176 192
190 192 186 186 184 197 191 193 198 202 202 197.
205 200 205 207 206 199 204 196 196 192 191 204
201 197 194 187 165 135 128 145 158 140 155 164.
165 177 176 171 180 176 170 170 171 172 171 181
169 166 157 150 140 132 120 125 132 128 137 156.
160 162 160 156 169 163 163 166 160 166 167 162
164 168 159 164 171 166 172 183 180 180 191 203.
203 196 191 194 181 187 186 181 182 185 177 194
178 170 173 157 171 158 146 141 120 112 119 121.
142 144 149 144 147 143 138 143 150 136 138 138
136 143 142 139 137 100 102 099 108 099 108 128.
133 132 137 140 145 143 146 144 145 144 139 149
151 151 145 152 152 143 133 107 109 112 116 115.
135 138 137 139 143 142 140 138 139 140 134 147
145 142 135 135 116 121 121 127 125 117 126 137.
134 139 141 139 152 151 149 145 142 141 139 141
143 139 139 128 117 119 095 096 115 120 128 134.
137 138 132 135 134 138 133 140 132 129 139 144
145 142 138 133 129 131 138 136 139 141 140 144.
146 158 159 156 155 149 147 150 150 144 153 158
155 151 139 132 131 134 124 131 133 141 145 146.
154 161 159 157 152 154 156 158 157 152 153 164
153 150 153 147 145 143 131 123 125 126 125 122.
121 122 113 113 110 107 109 111 112 108 110 112
109 115 113 111 111 112 112 107 116 114 114 113.
105 106 102 104 108 112 113 111 111 125 126 126
120 109 107 109 116 116 115 125 127 129 131 125.
131 141 136 138 140 147 144 141 144 143 143 147
148 148 138 145 139 146 154 144 151 151 148 158.
160 163 169 179 177 169 169 180 174 175 180 181
183 178 181 175 167 175 172 171 176 179 181 177.
177 175 177 167 159 152 150 145 146 151 157 155
150 148 152 163 160 159 141 159 168 175 165 180.
177 178 177 178 170 177 173 174 181 182 181 180
181 178 188 178 172 174 163 174 164 172 167 173.
180 181 185 181 181 182 176 181 183 184 181 184
183 189 177 182 176 178 172 177 180 180 193 196.
198 187 199 198 194 199 190 193 190 184 185 192
185 183 191 189 179 184 189 195 193 193 196 197.
187 187 189 189 187 188 193 191 192 186 185 187
190 193 193 172 163 148 155 150 149 153 155 155.
157 159 168 160 164 161 163 160 154 151 154 157
171 167 160 157 157 155 150 147 151 154 157 154.
163 161 164 157 163 164 161 159 165 167 161 167
172 171 165 163 160 152 151 171 172 161 165 165.
173 175 174 174 175 172 170 161 159 157 161 168
175 178 166 165 175 178 153 159 166 174 170 170.
182 178 181 179 174 175 174 174 164 168 165 175
173 158 151 153 172 163 159 148 162 149 164 164.
170 173 178 172 169 167 169 163 167 159 161 159
149 153 155 151 157 141 144 133 134 151 158 166.
162 169 166 162 167 165 169 160 175 169 171 170
/// /// /// /// /// /// /// /// /// /// /// ///.
/// /// /// /// /// /// /// /// /// /// /// ///
/// /// /// /// /// /// /// /// /// /// /// ///.
/// /// /// /// /// /// /// /// /// /// /// ///
/// /// /// /// /// /// /// /// /// /// /// ///.
/// /// /// /// /// /// /// /// /// /// /// ///
/// /// /// /// /// /// /// /// /// /// /// ///.
/// /// /// /// /// /// /// /// /// /// /// ///
/// /// /// /// /// /// /// /// /// /// /// ///=
UB
70 73 71 72 74 75 75 76 73 73 73 79
76 73 70 69 68 74 68 71 74 77 79 77 66 1035.
81 82 84 86 90 90 94 92 95 95 95 96
83 68 58 49 39 31 29 34 41 39 47 55 24 1439.
60 70 72 74 80 81 80 83 84 87 87 82
63 57 47 41 36 32 29 31 34 36 42 54 25 1507.
61 67 69 69 78 77 80 83 81 82 83 76
68 59 53 54 52 50 52 57 58 60 66 73 49 1242.
76 75 75 77 73 76 78 79 83 86 83 84
70 57 50 41 44 40 37 36 32 32 37 40 31 1648.
54 60 65 66 71 71 69 75 82 77 77 70
61 55 47 43 39 28 28 27 31 31 37 48 24 1409.
55 59 65 69 73 75 78 79 82 83 80 79
70 61 53 50 46 41 36 29 31 35 40 44 24 1629.
58 65 67 72 76 77 80 81 81 85 83 82
69 60 48 45 36 36 35 37 38 38 47 57 33 1425.
60 66 71 72 80 83 86 85 84 86 87 79
70 59 50 42 36 34 27 27 34 39 48 55 25 1559.
62 66 65 70 71 76 73 81 78 75 83 81
70 58 49 42 39 38 40 40 42 46 50 54 36 1327.
60 70 73 74 76 75 77 81 83 84 89 85
74 61 50 46 41 41 37 40 42 48 54 56 36 1442.
64 71 73 75 75 76 79 82 82 79 78 80
70 60 55 53 49 48 41 42 45 48 50 50 39 1501.
51 53 50 52 52 52 54 56 57 56 57 59
57 58 56 55 53 51 50 49 54 54 54 55 48 2006.
53 54 53 54 56 58 59 60 60 68 69 68
63 55 51 48 48 47 45 48 50 53 57 56 44 1519.
63 72 74 77 80 85 87 87 90 91 92 86
75 62 51 49 46 46 48 46 50 52 54 60 44 1252.
63 66 71 77 78 74 76 82 80 81 84 83
82 77 77 70 65 66 64 65 70 74 77 78 58 2003.
82 82 83 79 76 74 73 71 72 76 80 77
71 68 69 74 74 75 68 76 80 85 82 89 62 1458.
89 90 90 91 88 92 90 91 94 94 94 93
90 87 87 79 73 71 66 69 66 73 73 77 65 1447.
82 83 86 86 87 88 86 89 91 93 91 89
84 82 74 71 65 65 61 63 66 69 75 78 60 1424.
80 76 82 83 83 85 83 85 85 81 82 84
81 82 87 86 81 84 90 94 92 92 95 96 75 2002.
92 92 92 92 92 93 96 96 96 93 93 92
90 87 82 66 61 53 53 53 54 59 63 67 47 1516.
70 77 84 86 90 91 93 94 94 92 95 93
93 76 65 60 56 53 49 49 54 60 66 70 39 1523.
78 80 87 86 91 92 89 89 92 92 89 89
85 77 66 63 56 53 52 61 63 62 69 72 52 1423.
79 85 88 90 92 93 94 91 92 92 95 95
90 76 62 56 55 53 45 47 52 59 64 68 44 1456.
78 80 84 87 87 91 92 93 90 93 94 94
76 60 50 45 48 43 41 39 46 45 57 60 36 1618.
69 73 78 80 81 82 84 83 87 86 86 79
64 57 49 43 40 34 34 32 34 43 51 61 30 1526.
64 70 72 73 78 79 82 79 84 81 83 78
// // // // // // // // // // // // 58 2005.
// // // // // // // // // // // //
// // // // // // // // // // // // // ////.
// // // // // // // // // // // //
// // // // // // // // // // // // // ////.
// // // // // // // // // // // //
// // // // // // // // // // // // // ////.
// // // // // // // // // // // //
// // // // // // // // // // // // // ////=
N=
H=
C=
V=
R6
0000 0000 0000
0000 0000 0000
0000 0000 0000
0000 0000 0000
0000 0000 0000
0000 0000 0000
0000 0000 0000
0000 0000 0000
0000 0000 0000
0000 0000 0000
0000 0000 0000
0000 0000 0000
0000 0000 0000
0000 0000 0000
0000 0000 0000
0000 0000 0000
0000 0011 0011
0002 0001 0003
0000 0000 0000
0000 0076 0076
0009 0000 0009
0000 0000 0000
0000 0000 0000
0000 0000 0000
0000 0000 0000
0000 0000 0000
0000 //// ////
//// //// ////
//// //// ////
//// //// ////
//// //// ////=
0000 0000 0000 0000 0000 0000 0000 0000 0000 0000 0000 0000
0000 0000 0000 0000 0000 0000 0000 0000 0000 0000 0000 0000.
0000 0000 0000 0000 0000 0000 0000 0000 0000 0000 0000 0000
0000 0000 0000 0000 0000 0000 0000 0000 0000 0000 0000 0000.
0000 0000 0000 0000 0000 0000 0000 0000 0000 0000 0000 0000
0000 0000 0000 0000 0000 0000 0000 0000 0000 0000 0000 0000.
0000 0000 0000 0000 0000 0000 0000 0000 0000 0000 0000 0000
0000 0000 0000 0000 0000 0000 0000 0000 0000 0000 0000 0000.
0000 0000 0000 0000 0000 0000 0000 0000 0000 0000 0000 0000
0000 0000 0000 0000 0000 0000 0000 0000 0000 0000 0000 0000.
0000 0000 0000 0000 0000 0000 0000 0000 0000 0000 0000 0000
0000 0000 0000 0000 0000 0000 0000 0000 0000 0000 0000 0000.
0000 0000 0000 0000 0000 0000 0000 0000 0000 0000 0000 0000
0000 0000 0000 0000 0000 0000 0000 0000 0000 0000 0000 0000.
0000 0000 0000 0000 0000 0000 0000 0000 0000 0000 0000 0000
0000 0000 0000 0000 0000 0000 0000 0000 0000 0000 0000 0000.
0000 0000 0000 0000 0000 0000 0000 0000 0000 0000 0000 0000
0000 0000 0000 0000 0000 0000 0000 0000 0000 0000 0000 0000.
0000 0000 0000 0000 0000 0000 0000 0000 0000 0000 0000 0000
0000 0000 0000 0000 0000 0000 0000 0000 0000 0000 0000 0000.
0000 0000 0000 0000 0000 0000 0000 0000 0000 0000 0000 0000
0000 0000 0000 0000 0000 0000 0000 0000 0000 0000 0000 0000.
0000 0000 0000 0000 0000 0000 0000 0000 0000 0000 0000 0000
0000 0000 0000 0000 0000 0000 0000 0000 0000 0000 0000 0000.
0000 0000 0000 0000 0000 0000 0000 0000 0000 0000 0000 0000
0000 0000 0000 0000 0000 0000 0000 0000 0000 0000 0000 0000.
0000 0000 0000 0000 0000 0000 0000 0000 0000 0000 0000 0000
0000 0000 0000 0000 0000 0000 0000 0000 0000 0000 0000 0000.
0000 0000 0000 0000 0000 0000 0000 0000 0000 0000 0000 0000
0000 0000 0000 0000 0000 0000 0000 0000 0000 0000 0000 0000.
0000 0000 0000 0000 0000 0000 0000 0000 0000 0000 0000 0000
0000 0000 0000 0000 0000 0000 0000 0000 0000 0000 0000 0000.
0000 0000 0000 0000 0000 0000 0000 0000 0000 0000 0000 0000
0000 0000 0000 0000 0003 0002 0004 0002 0000 0000 0000 0000.
0000 0000 0000 0000 0000 0001 0001 0000 0000 0000 0000 0000
0000 0000 0000 0000 0000 0001 0000 0000 0000 0000 0000 0000.
0000 0000 0000 0000 0000 0000 0000 0000 0000 0000 0000 0000
0000 0000 0000 0000 0000 0000 0000 0000 0000 0000 0000 0000.
0000 0000 0000 0000 0000 0000 0000 0000 0000 0000 0000 0000
0000 0000 0002 0000 0000 0003 0026 0020 0002 0001 0019 0003.
0009 0000 0000 0000 0000 0000 0000 0000 0000 0000 0000 0000
0000 0000 0000 0000 0000 0000 0000 0000 0000 0000 0000 0000.
0000 0000 0000 0000 0000 0000 0000 0000 0000 0000 0000 0000
0000 0000 0000 0000 0000 0000 0000 0000 0000 0000 0000 0000.
0000 0000 0000 0000 0000 0000 0000 0000 0000 0000 0000 0000
0000 0000 0000 0000 0000 0000 0000 0000 0000 0000 0000 0000.
0000 0000 0000 0000 0000 0000 0000 0000 0000 0000 0000 0000
0000 0000 0000 0000 0000 0000 0000 0000 0000 0000 0000 0000.
0000 0000 0000 0000 0000 0000 0000 0000 0000 0000 0000 0000
0000 0000 0000 0000 0000 0000 0000 0000 0000 0000 0000 0000.
0000 0000 0000 0000 0000 0000 0000 0000 0000 0000 0000 0000
0000 0000 0000 0000 0000 0000 0000 0000 0000 0000 0000 0000.
0000 0000 0000 0000 0000 0000 0000 0000 0000 0000 0000 0000
//// //// //// //// //// //// //// //// //// //// //// ////.
//// //// //// //// //// //// //// //// //// //// //// ////
//// //// //// //// //// //// //// //// //// //// //// ////.
//// //// //// //// //// //// //// //// //// //// //// ////
//// //// //// //// //// //// //// //// //// //// //// ////.
//// //// //// //// //// //// //// //// //// //// //// ////
//// //// //// //// //// //// //// //// //// //// //// ////.
//// //// //// //// //// //// //// //// //// //// //// ////
//// //// //// //// //// //// //// //// //// //// //// ////=
0000 ////////// 00000=
W=
LA
=
000 003 000 002 001 001 001 001 002 001 000 001
001 001 002 001 000 002 000 001 001 000 001 000 023.
002 000 001 000 001 000 001 000 001 000 000 001
000 001 001 001 001 003 004 003 004 005 002 001 033.
001 001 001 001 001 001 001 001 001 000 001 001
000 001 002 002 002 003 003 005 002 003 002 001 037.
001 001 002 002 001 001 000 001 001 002 000 001
001 001 002 000 002 000 001 001 001 000 002 000 024.
001 001 001 000 001 001 000 001 000 001 001 001
001 001 001 002 002 003 003 003 005 004 002 002 038.
002 001 001 001 002 000 002 001 000 001 001 001
001 002 002 002 002 004 004 002 003 003 002 002 042.
000 001 002 001 001 000 001 002 000 001 001 000
001 002 002 002 001 002 003 003 004 003 002 001 036.
001 001 002 000 001 001 001 001 001 000 000 001
002 002 002 002 002 003 002 003 002 002 001 001 034.
001 002 001 001 000 001 000 002 000 002 000 000
001 002 003 001 002 002 003 004 001 001 001 001 032.
001 001 001 001 001 000 002 001 001 000 001 000
001 002 002 001 003 002 002 004 001 002 002 001 033.
002 000 001 001 001 001 000 001 001 000 001 001
000 001 003 001 002 003 002 003 003 003 001 002 034.
001 001 000 001 000 002 001 000 001 000 001 000
001 001 002 001 002 003 002 003 002 002 002 001 030.
001 002 002 001 002 003 002 001 002 000 002 002
002 001 001 003 001 001 003 001 002 001 001 002 039.
002 001 001 002 001 000 001 002 001 000 001 000
002 000 001 003 000 003 002 002 001 001 002 000 029.
001 001 001 000 000 001 000 001 000 000 002 000
000 002 001 002 001 002 002 002 002 001 001 000 023.
001 000 001 000 001 000 000 001 001 000 000 000
000 001 001 000 001 000 001 000 001 000 001 001 012.
000 000 001 000 001 001 001 000 001 000 000 001
000 002 000 000 001 000 001 000 001 000 000 000 011.
000 001 000 000 001 000 000 002 000 000 000 000
001 001 000 000 001 001 002 000 000 000 002 000 012.
000 000 000 001 000 000 000 000 001 001 000 000
000 001 001 000 000 001 001 000 001 000 001 000 009.
001 000 000 000 001 000 000 000 001 000 001 000
000 000 000 000 001 001 000 002 000 002 000 000 010.
002 000 000 000 000 001 000 001 000 000 000 001
000 001 000 001 002 001 001 002 002 001 000 001 017.
001 001 000 000 001 001 000 000 000 001 001 000
001 001 001 002 002 001 002 003 002 002 001 000 024.
001 001 001 000 000 001 000 001 000 001 000 001
000 001 001 001 002 002 001 002 001 001 000 002 021.
000 000 001 000 000 000 001 001 000 001 000 001
000 001 000 002 000 003 002 002 003 001 001 000 020.
001 000 002 000 001 000 001 001 000 000 001 000
001 002 001 001 001 001 003 004 002 000 003 000 026.
002 000 001 000 001 001 001 000 000 001 000 000
002 001 001 001 001 002 003 003 002 002 001 001 027.
001 001 001 000 001 000 001 000 000 001 001 000
/// /// /// /// /// /// /// /// /// /// /// /// ///.
/// /// /// /// /// /// /// /// /// /// /// ///
/// /// /// /// /// /// /// /// /// /// /// /// ///.
/// /// /// /// /// /// /// /// /// /// /// ///
/// /// /// /// /// /// /// /// /// /// /// /// ///.
/// /// /// /// /// /// /// /// /// /// /// ///
/// /// /// /// /// /// /// /// /// /// /// /// ///.
/// /// /// /// /// /// /// /// /// /// /// ///
/// /// /// /// /// /// /// /// /// /// /// /// ///=
Z=
G=
FN
114014 111014 115009 133019 138007 214010
179014 147021 155015 161011 086011 120015
134019 133009 143011 067006 022006 348011
179009 194011 182011 219006 117005 131014.
162012 151009 153014 175009 288005 PPC000
292005 213011 276009 335003 344003 319008
302008 293012 227014 186013 138014 184016
145019 176017 133027 125026 118014 063009.
345011 313008 287009 248007 243009 278007
246006 263006 306008 273011 246007 353004
092008 349013 116011 089027 095020 174024
148017 132027 106024 127016 108013 344013.
352008 344014 013009 336018 323012 281007
280005 327010 PPC000 323011 227004 209010
328009 258013 268009 172015 293010 PPC002
PPC000 203007 286009 262004 327009 216003.
289006 319009 324009 265008 286011 316007
262005 277008 299006 342007 293008 335009
260012 295012 138009 114015 180023 180038
177029 171023 116026 127018 134017 142011.
025012 331012 360010 335015 306007 009010
353016 338008 PPC000 354010 003010 344009
315011 333014 006013 136015 054014 129030
127020 181021 123018 152015 130008 357009.
350010 328018 338011 344008 255006 328009
239007 241007 281006 243006 225007 PPC000
337003 001006 311008 325016 172020 121015
171025 193017 114022 124035 140019 159006.
330011 334011 185006 357008 348009 247008
309009 032005 325004 275004 238007 331010
304009 244014 001013 234011 213011 122016
040016 189016 080032 121017 202010 PPC001.
329015 341012 005009 350009 021004 312005
328006 302007 277009 240007 PPC000 340015
327010 310006 259010 115008 125015 349011
199016 185015 096012 157010 214008 281009.
316008 340010 257009 320005 229008 223005
248010 257006 213008 250010 PPC001 315006
247008 228010 246013 114012 200021 182016
203024 186022 150015 130021 148017 139012.
025008 347015 285008 274014 281013 257009
271010 327011 264010 262006 310005 330007
258010 200009 107011 117023 209014 159019
180020 154019 156021 107018 155014 088019.
029010 316009 346004 267007 274015 290015
320008 312007 238005 269004 247004 034005
338010 272004 126020 132030 189030 232019
117026 120030 091023 108013 124018 326005.
089012 112015 075025 059014 035024 045017
033013 054013 033008 030008 115017 144020
157020 111014 141015 179024 107017 077015
238012 196012 175014 155021 131016 108011.
131018 152014 159012 151017 183008 159010
153013 082014 115009 264011 221008 216007
144010 185008 258010 192018 085016 146023
031005 119017 121014 155015 102012 113012.
PPC000 353009 001009 338007 286004 028008
329010 PPC002 356008 325007 334007 360009
329013 139008 198013 097010 148013 136022
082022 086016 098015 108017 101009 027005.
065011 012010 360004 258008 315004 355013
236006 330006 126005 005007 356009 239018
323006 247009 342007 316010 177011 310003
PPC002 200004 031007 011012 017016 359015.
341021 230009 279012 282013 278017 305010
287008 287011 262010 324009 PPC002 239006
349009 349010 007011 055005 269009 240008
238007 307005 284003 274005 PPC000 325005.
270006 206006 234007 357006 040005 276005
270004 078006 006006 052004 014006 346007
336006 077008 115004 053010 127012 116010
098003 055006 062003 016005 001007 PPC000.
350005 339008 331007 261008 360006 330008
PPC000 076007 318009 PPC000 123004 PPC002
061010 050006 148010 096012 135006 197011
142015 147009 315006 264009 294007 215005.
001006 198005 305006 PPC000 140008 071006
080009 101009 159011 152008 133013 125010
102009 150018 099013 135015 157013 153006
053013 082004 114003 275004 234007 272014.
276010 123008 073008 178006 316008 242008
219006 335005 158008 102009 092009 153008
269008 240014 181015 097022 243015 142011
185010 157012 150016 129020 154016 097012.
168007 240007 322007 343010 350013 343004
231007 256009 321003 332009 253007 290007
330010 286011 198005 151018 152032 105022
159022 172025 132024 125014 089010 049007.
022010 010009 342012 339012 288005 348013
230006 303008 068005 PPC001 159007 117003
195011 195015 273007 129021 111020 137017
155021 089020 084017 096015 093010 018008.
349008 287003 344014 339011 PPC002 323005
318010 254005 PPC000 PPC000 PPC000 360005
334010 222009 143012 068021 088016 170032
172027 125027 150013 092012 067012 031005.
332015 343023 312007 PPC000 315006 233005
314006 297004 332007 266009 227004 346005
271007 239011 352009 157013 181024 164015
144020 169029 155032 113011 060010 358011.
336012 328017 305006 310008 298008 321013
322012 261007 283006 318007 269012 326008
345010 294009 002006 051011 102013 167025
170021 126018 084017 124006 099006 352011.
345012 337012 354007 347007 305011 330007
PPC000 337004 220006 PPC000 248007 182007
////// ////// ////// ////// ////// //////
////// ////// ////// ////// ////// //////.
////// ////// ////// ////// ////// //////
////// ////// ////// ////// ////// //////
////// ////// ////// ////// ////// //////
////// ////// ////// ////// ////// //////.
////// ////// ////// ////// ////// //////
////// ////// ////// ////// ////// //////
////// ////// ////// ////// ////// //////
////// ////// ////// ////// ////// //////.
////// ////// ////// ////// ////// //////
////// ////// ////// ////// ////// //////
////// ////// ////// ////// ////// //////
////// ////// ////// ////// ////// //////.
////// ////// ////// ////// ////// //////
////// ////// ////// ////// ////// //////
////// ////// ////// ////// ////// //////
////// ////// ////// ////// ////// //////=
119014 121013 129011 131016 125009 195013
179016 166017 153017 173009 106007 127013
154017 139016 157015 074009 019006 332010
081007 194012 187013 228007 156003 121013.
187007 171007 154012 191008 302008 PPC001
284007 233010 286008 303005 335004 300009
277011 285010 206010 175013 166014 191015
143013 154021 137029 135026 110016 065008.
356010 314010 286008 251007 233009 280006
230009 264005 280009 279011 268007 339006
112009 333012 094013 095019 128019 161026
135017 142024 105018 124015 106011 328011.
343010 360011 015010 331021 314010 291006
275007 305007 288004 321013 PPC001 214008
312009 256012 264011 173009 237012 228004
239004 215009 307008 287005 296011 282005.
312006 317008 325008 270009 293010 334008
293008 281009 297005 342009 293007 323010
258013 259008 073008 094018 174027 184031
162031 176029 120028 116018 153015 130009.
017011 338010 337011 337018 329009 004009
341021 348009 298003 354009 021008 352010
327011 320011 005009 129017 139018 108025
141023 171021 130024 151015 128007 340010.
339011 330015 347009 341008 306011 339007
337006 242007 288006 236007 230007 246003
300007 027008 324010 329012 197020 079018
155021 157016 120017 124025 138015 172005.
339011 328010 PPC002 354006 348008 239007
309008 036006 006008 302007 248007 320009
296007 244011 038008 152016 131017 095018
122019 149017 098023 119017 187010 019007.
331014 327010 006008 329007 PPC002 305006
287006 289007 284008 237008 PPC001 351013
323008 313011 262008 103011 161013 327011
193016 157014 095012 157012 196007 302008.
358008 340013 253008 281005 230007 266005
231009 252006 210008 253011 PPC002 295006
253008 274009 239011 127013 191018 173023
195023 176025 170018 117024 142016 142015.
044009 350017 267010 274012 268012 262010
270010 329011 264009 234005 299007 309007
265009 223010 273008 161020 226019 182020
166021 163019 175020 111026 149020 132016.
019009 333010 292005 266006 274014 282014
286008 290008 292005 283004 193003 049006
347012 210008 146016 128028 172029 189020
101021 111033 101019 104016 121014 063007.
064011 102013 065022 075013 049024 052021
033013 039009 045011 025009 106015 141019
154022 155017 153016 168020 163017 171011
190011 165010 164016 152017 130013 126014.
133018 153014 154012 166016 185009 143009
169012 071013 127011 263010 221006 240008
155009 146010 239009 285014 078009 110024
067014 141014 116019 151016 099009 112011.
189004 349008 348009 354007 348004 008008
338010 300004 358009 323007 294004 359008
355011 001007 132012 131015 127019 093017
090016 118014 089015 114019 089007 046006.
063007 357010 360006 295008 287005 281010
234007 273006 340008 269008 357005 232012
266007 305008 337010 314009 178010 305006
PPC001 226004 018006 003011 024015 360014.
335021 158004 268012 270017 284014 309008
281009 274011 265009 301007 246003 273006
321009 360008 016009 022005 247009 240009
245007 298005 PPC002 238007 306004 307004.
238008 194008 251006 315004 015004 313006
244003 009006 343006 054006 018005 357006
339004 066004 135005 130009 127013 141011
121009 052006 075007 345008 344008 PPC001.
351006 349007 301006 256008 PPC002 329005
108005 064006 269007 111006 106004 PPC001
102008 006008 148009 174008 129011 223009
104015 143009 312006 242008 274009 225008.
340007 176004 213006 PPC001 167008 067006
084007 106009 105008 131009 131011 112008
118011 157019 099014 113015 157010 149008
048010 050005 029004 237003 267008 275013.
268011 117007 070007 151005 281008 229007
243008 313003 151007 099012 097008 157011
267010 254013 246011 109014 245012 196011
205011 163012 150016 131018 148015 109011.
143008 252007 332008 358009 353014 351005
253007 250009 315003 279004 245007 298005
326009 324008 106013 113023 136023 111024
134019 150022 120025 126017 093011 060008.
020010 359008 336012 334011 316003 346011
234007 282008 065003 PPC000 157006 090006
215009 219013 110011 109019 121011 104015
126019 086026 087014 096015 087008 022008.
351008 341004 337009 333014 PPC001 337006
315009 268007 PPC001 PPC000 PPC000 348006
325009 258010 128012 097017 107017 179028
146023 138023 138013 089011 067011 002008.
326012 330018 298007 PPC002 327008 239007
310005 334005 330006 259008 232003 327006
219007 236008 133012 158016 164021 152017
179023 164024 156030 124014 060010 347010.
335013 330016 322007 291007 306008 318012
324010 254008 280007 347004 267014 317007
316008 315009 002010 044011 117012 154020
174024 130022 100017 121009 115006 351010.
346013 334011 002005 348009 309010 328005
PPC000 248003 203007 261004 253003 170005
////// ////// ////// ////// ////// //////
////// ////// ////// ////// ////// //////.
////// ////// ////// ////// ////// //////
////// ////// ////// ////// ////// //////
////// ////// ////// ////// ////// //////
////// ////// ////// ////// ////// //////.
////// ////// ////// ////// ////// //////
////// ////// ////// ////// ////// //////
////// ////// ////// ////// ////// //////
////// ////// ////// ////// ////// //////.
////// ////// ////// ////// ////// //////
////// ////// ////// ////// ////// //////
////// ////// ////// ////// ////// //////
////// ////// ////// ////// ////// //////.
////// ////// ////// ////// ////// //////
////// ////// ////// ////// ////// //////
////// ////// ////// ////// ////// //////
////// ////// ////// ////// ////// //////=
022179 0447 032170 0441
035155 1633 051176 1625
029148 1356 044133 1348
022336 2353 030346 2349
035182 1403 047193 1402
030341 0220 046162 1313
028132 1807 038139 1758
027094 1244 036108 1239
019339 0747 034145 1217
029117 1805 053096 1803
026111 1757 044108 1753
039174 1313 056176 1306
031047 0138 050023 0134
024110 1400 035156 1315
027076 1425 037156 1316
019025 1907 026037 1902
022343 2113 029343 2106
013168 1135 022145 1346
015104 1500 022099 1454
019157 1000 027156 0956
023137 1733 032108 1725
030169 1529 042145 1549
026089 1558 033105 1544
037171 1413 046133 1405
033155 1650 045153 1642
027180 1431 037102 1640
019331 2037 023343 2030
////// //// ////// ////
////// //// ////// ////
////// //// ////// ////
////// //// ////// ////=
DB
0217 0213 0212 0210 0209 0207 0204 0201 0200 0200 0202 0208
0247 0300 0282 0260 0250 0241 0278 0242 0225 0220 0214 0210 0305 1006 0199 0441.
0210 0199 0200 0204 0190 0181 0176 0174 0168 0164 0170 0218
0312 0372 0417 0450 0451 0445 0391 0333 0295 0242 0219 0205 0458 1222 0160 0627.
0198 0192 0185 0180 0174 0169 0165 0160 0159 0157 0163 0220
0315 0374 0422 0444 0438 0426 0394 0336 0305 0241 0212 0197 0453 1228 0155 0624.
0189 0183 0177 0173 0169 0163 0160 0157 0158 0163 0173 0208
0308 0365 0349 0328 0357 0320 0302 0278 0254 0231 0217 0212 0386 1217 0155 0414.
0209 0206 0202 0198 0195 0193 0181 0172 0167 0164 0171 0217
0315 0389 0437 0459 0436 0421 0384 0323 0289 0234 0206 0191 0461 1143 0161 0634.
0182 0171 0165 0161 0152 0150 0146 0139 0130 0129 0138 0193
0298 0360 0409 0431 0432 0414 0379 0315 0281 0219 0189 0177 0444 1219 0127 0540.
0169 0163 0158 0152 0148 0142 0138 0135 0130 0127 0135 0189
0281 0343 0397 0424 0421 0421 0383 0320 0290 0217 0190 0169 0431 1210 0127 0600.
0160 0153 0144 0138 0134 0126 0125 0118 0121 0115 0121 0182
0289 0351 0389 0420 0421 0410 0377 0313 0272 0209 0175 0164 0432 1220 0110 0629.
0158 0149 0144 0136 0130 0125 0120 0115 0112 0108 0116 0179
0284 0343 0402 0411 0421 0430 0404 0354 0299 0210 0174 0160 0434 1356 0107 0601.
0151 0149 0138 0133 0129 0126 0123 0119 0115 0114 0121 0178
0267 0336 0394 0414 0408 0411 0373 0334 0283 0221 0195 0182 0422 1231 0112 0540.
0170 0167 0154 0152 0144 0138 0130 0126 0123 0118 0125 0187
0272 0338 0380 0395 0411 0405 0374 0333 0273 0217 0195 0186 0418 1340 0116 0627.
0178 0170 0152 0142 0149 0154 0146 0135 0140 0146 0161 0188
0261 0325 0346 0344 0367 0312 0349 0274 0239 0212 0197 0194 0382 1448 0132 0440.
0190 0184 0184 0179 0174 0170 0167 0159 0163 0159 0159 0171
0202 0220 0249 0248 0274 0312 0279 0233 0198 0180 0177 0172 0320 1405 0155 0632.
0166 0164 0161 0162 0163 0163 0162 0159 0158 0159 0161 0167
0192 0215 0285 0314 0328 0333 0330 0287 0246 0197 0172 0162 0353 1351 0157 0445.
0149 0144 0138 0132 0126 0125 0119 0112 0114 0108 0115 0194
0268 0339 0382 0391 0368 0339 0317 0290 0254 0222 0211 0205 0409 1238 0105 0627.
0201 0197 0192 0186 0185 0184 0181 0179 0178 0174 0175 0186
0203 0223 0232 0249 0262 0251 0251 0230 0204 0195 0191 0186 0282 1336 0174 0553.
0171 0175 0172 0168 0169 0167 0166 0165 0165 0163 0167 0183
0210 0206 0205 0220 0197 0201 0192 0194 0185 0178 0175 0175 0229 1205 0163 0532.
0170 0168 0169 0170 0169 0167 0169 0168 0168 0169 0171 0175
0194 0191 0243 0249 0268 0269 0251 0242 0227 0198 0190 0184 0305 1342 0165 0032.
0184 0181 0179 0172 0173 0172 0173 0172 0164 0160 0171 0190
0215 0243 0263 0297 0329 0288 0296 0250 0234 0205 0207 0204 0332 1309 0159 0538.
0203 0201 0200 0198 0194 0194 0191 0191 0188 0190 0188 0196
0201 0182 0187 0188 0186 0189 0183 0187 0185 0184 0181 0180 0204 2001 0179 1947.
0178 0178 0178 0178 0178 0177 0175 0174 0173 0171 0173 0187
0209 0238 0268 0323 0306 0332 0320 0275 0235 0191 0178 0171 0364 1325 0171 0539.
0163 0158 0152 0148 0144 0136 0130 0126 0121 0119 0120 0161
0233 0303 0333 0342 0348 0341 0336 0289 0230 0189 0173 0164 0365 1256 0118 0559.
0157 0152 0146 0140 0137 0144 0147 0151 0153 0154 0144 0187
0227 0282 0341 0324 0353 0334 0316 0263 0225 0196 0178 0172 0367 1241 0136 0113.
0166 0159 0152 0150 0142 0138 0136 0130 0125 0120 0122 0172
0249 0311 0363 0388 0394 0377 0352 0305 0244 0213 0187 0177 0409 1218 0118 0619.
0172 0167 0160 0152 0148 0142 0139 0136 0132 0127 0127 0185
0274 0350 0390 0418 0406 0407 0372 0328 0269 0220 0195 0186 0423 1150 0124 0631.
0178 0175 0165 0157 0154 0148 0141 0134 0128 0125 0131 0196
0284 0357 0401 0433 0433 0414 0394 0348 0288 0215 0192 0182 0436 1213 0123 0610.
0177 0170 0163 0160 0156 0151 0151 0151 0163 0163 0162 0196
//// //// //// //// //// //// //// //// //// //// //// //// 0197 0755 0149 0217.
//// //// //// //// //// //// //// //// //// //// //// ////
//// //// //// //// //// //// //// //// //// //// //// //// //// //// //// ////.
//// //// //// //// //// //// //// //// //// //// //// ////
//// //// //// //// //// //// //// //// //// //// //// //// //// //// //// ////.
//// //// //// //// //// //// //// //// //// //// //// ////
//// //// //// //// //// //// //// //// //// //// //// //// //// //// //// ////.
//// //// //// //// //// //// //// //// //// //// //// ////
//// //// //// //// //// //// //// //// //// //// //// //// //// //// //// ////=
0234 0231 0228 0226 0224 0222 0221 0218 0216 0215 0214 0214
0218 0230 0241 0244 0241 0238 0241 0242 0237 0233 0229 0226.
0224 0220 0218 0217 0215 0209 0205 0201 0198 0194 0191 0195
0211 0235 0260 0283 0299 0307 0306 0296 0283 0267 0253 0243.
0235 0228 0222 0217 0211 0206 0202 0198 0194 0191 0189 0193
0209 0234 0259 0281 0297 0305 0304 0295 0284 0269 0255 0242.
0233 0225 0219 0213 0208 0203 0199 0196 0192 0192 0190 0195
0209 0230 0245 0250 0262 0263 0260 0256 0252 0245 0238 0232.
0228 0225 0222 0219 0216 0214 0211 0206 0201 0197 0194 0198
0212 0235 0261 0284 0300 0309 0308 0298 0284 0268 0252 0241.
0231 0223 0216 0209 0203 0198 0193 0189 0184 0179 0176 0179
0195 0219 0244 0269 0288 0298 0297 0288 0276 0259 0244 0232.
0223 0215 0209 0203 0197 0192 0188 0184 0180 0177 0174 0177
0192 0214 0240 0264 0283 0294 0297 0288 0276 0259 0243 0230.
0220 0211 0204 0197 0191 0185 0180 0176 0173 0169 0166 0169
0186 0211 0237 0261 0280 0292 0294 0286 0273 0256 0240 0227.
0216 0208 0201 0195 0189 0183 0178 0174 0170 0166 0163 0166
0183 0208 0235 0261 0281 0294 0301 0296 0282 0263 0244 0229.
0218 0209 0201 0195 0189 0184 0179 0175 0171 0168 0165 0168
0184 0207 0233 0259 0280 0292 0297 0291 0278 0260 0243 0231.
0222 0214 0208 0201 0196 0191 0186 0181 0177 0173 0169 0173
0188 0211 0237 0261 0280 0293 0297 0291 0277 0259 0243 0231.
0224 0218 0210 0202 0196 0193 0190 0186 0182 0182 0183 0187
0196 0215 0237 0254 0264 0274 0275 0268 0254 0243 0232 0225.
0219 0214 0209 0205 0200 0195 0193 0192 0189 0187 0185 0184
0187 0198 0203 0213 0220 0231 0240 0236 0227 0217 0209 0203.
0198 0194 0190 0188 0186 0185 0184 0183 0181 0181 0180 0181
0182 0188 0200 0222 0242 0257 0259 0257 0248 0235 0222 0211.
0203 0196 0190 0185 0180 0175 0171 0167 0164 0160 0157 0162
0178 0203 0233 0260 0272 0276 0273 0268 0257 0245 0235 0229.
0224 0220 0216 0212 0210 0207 0205 0202 0201 0199 0198 0197
0200 0204 0208 0216 0220 0227 0226 0224 0220 0215 0210 0206.
0203 0200 0198 0195 0193 0191 0190 0189 0188 0186 0186 0187
0191 0196 0199 0202 0207 0207 0208 0207 0206 0201 0197 0194.
0192 0190 0189 0187 0187 0186 0185 0185 0185 0184 0184 0185
0188 0191 0196 0209 0219 0227 0228 0227 0222 0216 0210 0206.
0202 0200 0198 0195 0192 0191 0190 0189 0188 0184 0183 0187
0195 0203 0212 0222 0232 0241 0244 0242 0235 0227 0220 0217.
0214 0212 0210 0209 0207 0206 0204 0203 0201 0200 0200 0200
0201 0202 0201 0201 0201 0200 0199 0197 0197 0196 0195 0194.
0192 0191 0190 0190 0189 0189 0188 0187 0186 0185 0185 0186
0191 0203 0212 0226 0241 0251 0256 0250 0240 0227 0214 0206.
0199 0193 0187 0182 0178 0174 0169 0165 0161 0157 0154 0157
0170 0193 0218 0239 0252 0261 0260 0255 0242 0226 0213 0204.
0196 0190 0184 0180 0175 0172 0172 0171 0172 0172 0172 0172
0184 0201 0220 0238 0251 0256 0256 0251 0239 0226 0215 0207.
0201 0195 0190 0185 0181 0176 0173 0169 0165 0162 0159 0161
0175 0198 0223 0247 0265 0274 0274 0267 0255 0241 0228 0218.
0210 0203 0198 0192 0187 0183 0178 0175 0172 0168 0165 0166
0182 0207 0233 0258 0276 0287 0289 0281 0267 0250 0236 0226.
0218 0211 0205 0199 0194 0189 0184 0180 0175 0171 0168 0169
0185 0210 0238 0264 0283 0294 0296 0290 0276 0257 0242 0230.
0221 0213 0207 0202 0197 0193 0189 0186 0186 0187 0186 0189
//// //// //// //// //// //// //// //// //// //// //// ////.
//// //// //// //// //// //// //// //// //// //// //// ////
//// //// //// //// //// //// //// //// //// //// //// ////.
//// //// //// //// //// //// //// //// //// //// //// ////
//// //// //// //// //// //// //// //// //// //// //// ////.
//// //// //// //// //// //// //// //// //// //// //// ////
//// //// //// //// //// //// //// //// //// //// //// ////.
//// //// //// //// //// //// //// //// //// //// //// ////
//// //// //// //// //// //// //// //// //// //// //// ////=
0241 0239 0236 0234 0232 0230 0229 0227 0225 0224 0222 0222
0222 0225 0231 0235 0237 0237 0237 0239 0238 0236 0234 0232.
0230 0228 0226 0224 0223 0221 0218 0215 0212 0209 0206 0205
0208 0216 0229 0243 0257 0268 0275 0277 0275 0269 0261 0254.
0248 0242 0237 0232 0228 0224 0220 0216 0212 0209 0207 0205
0208 0216 0229 0243 0256 0267 0274 0276 0274 0269 0262 0254.
0247 0241 0235 0230 0226 0221 0218 0214 0211 0208 0206 0206
0208 0216 0226 0234 0240 0246 0248 0249 0247 0245 0242 0238.
0235 0233 0230 0228 0225 0224 0221 0219 0215 0212 0209 0208
0210 0218 0230 0245 0259 0270 0277 0278 0276 0269 0261 0253.
0246 0239 0233 0227 0222 0218 0213 0209 0205 0201 0198 0195
0197 0206 0218 0233 0248 0260 0267 0270 0267 0262 0253 0245.
0238 0232 0226 0221 0216 0212 0208 0204 0201 0197 0194 0192
0194 0202 0214 0229 0243 0256 0264 0268 0266 0260 0252 0244.
0236 0229 0222 0217 0211 0207 0202 0198 0194 0191 0188 0186
0188 0197 0210 0225 0240 0253 0262 0265 0263 0257 0249 0240.
0232 0226 0220 0214 0209 0204 0200 0196 0192 0188 0185 0183
0185 0194 0207 0223 0239 0252 0263 0268 0267 0262 0252 0243.
0234 0227 0220 0214 0209 0204 0200 0196 0193 0189 0186 0184
0187 0195 0207 0222 0238 0252 0261 0266 0264 0259 0250 0242.
0235 0228 0223 0218 0213 0209 0205 0201 0197 0193 0190 0188
0190 0198 0211 0225 0240 0253 0262 0266 0265 0259 0250 0242.
0235 0230 0225 0219 0214 0210 0206 0203 0200 0197 0196 0196
0198 0204 0214 0226 0236 0246 0250 0253 0250 0245 0239 0233.
0229 0224 0221 0217 0213 0210 0207 0205 0202 0200 0199 0197
0196 0198 0202 0207 0212 0218 0224 0228 0226 0222 0218 0213.
0210 0206 0203 0201 0198 0197 0195 0194 0193 0191 0191 0190
0190 0191 0195 0204 0215 0227 0235 0239 0239 0235 0229 0222.
0216 0211 0206 0201 0197 0193 0190 0186 0183 0180 0177 0175
0179 0187 0201 0218 0233 0242 0248 0249 0247 0243 0237 0233.
0229 0225 0222 0219 0217 0214 0212 0210 0209 0207 0206 0204
0204 0205 0207 0210 0214 0217 0220 0221 0220 0218 0215 0213.
0211 0208 0206 0204 0202 0201 0199 0198 0197 0196 0195 0194
0195 0197 0199 0201 0203 0205 0206 0207 0207 0206 0204 0202.
0200 0198 0197 0195 0194 0194 0193 0192 0192 0191 0191 0191
0191 0193 0195 0200 0206 0212 0216 0218 0218 0216 0214 0211.
0208 0206 0204 0202 0200 0199 0198 0196 0196 0194 0192 0192
0194 0198 0203 0208 0215 0222 0226 0230 0229 0226 0223 0220.
0217 0216 0214 0213 0212 0210 0209 0208 0207 0206 0205 0204
0204 0205 0204 0204 0204 0204 0204 0203 0202 0201 0201 0200.
0199 0198 0197 0196 0196 0195 0195 0194 0193 0193 0192 0191
0193 0196 0201 0208 0218 0226 0233 0237 0235 0230 0224 0217.
0212 0207 0202 0198 0194 0191 0187 0184 0180 0177 0174 0172
0174 0181 0193 0207 0220 0230 0236 0239 0237 0231 0223 0216.
0210 0205 0201 0196 0192 0189 0187 0185 0184 0183 0183 0182
0184 0189 0199 0210 0221 0230 0235 0237 0235 0230 0223 0218.
0212 0208 0204 0200 0196 0192 0189 0186 0183 0180 0177 0175
0177 0185 0197 0211 0226 0237 0245 0247 0245 0240 0234 0227.
0221 0216 0211 0206 0202 0198 0195 0191 0188 0185 0182 0180
0182 0191 0204 0219 0234 0246 0255 0258 0256 0250 0242 0235.
0228 0223 0218 0213 0209 0205 0201 0197 0193 0190 0186 0184
0186 0194 0208 0223 0239 0252 0260 0264 0263 0256 0248 0240.
0233 0226 0221 0216 0212 0208 0204 0201 0199 0198 0197 0196
//// //// //// //// //// //// //// //// //// //// //// ////.
//// //// //// //// //// //// //// //// //// //// //// ////
//// //// //// //// //// //// //// //// //// //// //// ////.
//// //// //// //// //// //// //// //// //// //// //// ////
//// //// //// //// //// //// //// //// //// //// //// ////.
//// //// //// //// //// //// //// //// //// //// //// ////
//// //// //// //// //// //// //// //// //// //// //// ////.
//// //// //// //// //// //// //// //// //// //// //// ////
//// //// //// //// //// //// //// //// //// //// //// ////=
0245 0243 0241 0239 0238 0236 0235 0234 0232 0231 0230 0229
0228 0228 0230 0233 0235 0236 0237 0238 0238 0238 0237 0236.
0235 0233 0232 0231 0230 0228 0226 0224 0222 0220 0218 0216
0215 0217 0222 0230 0238 0247 0254 0260 0262 0262 0260 0256.
0252 0249 0245 0241 0238 0235 0231 0228 0225 0223 0220 0218
0217 0218 0223 0230 0239 0247 0254 0259 0262 0262 0260 0257.
0253 0248 0244 0240 0237 0233 0230 0227 0224 0221 0219 0217
0217 0219 0223 0228 0232 0237 0240 0242 0243 0243 0242 0241.
0239 0237 0236 0234 0232 0231 0229 0227 0225 0223 0220 0218
0218 0219 0224 0231 0240 0248 0255 0260 0263 0263 0260 0256.
0252 0247 0243 0239 0235 0231 0227 0224 0220 0217 0214 0211
0210 0211 0215 0222 0231 0240 0248 0253 0256 0256 0253 0249.
0245 0240 0236 0232 0229 0225 0222 0219 0215 0212 0210 0207
0206 0207 0212 0219 0227 0236 0244 0250 0253 0253 0251 0247.
0243 0238 0233 0229 0225 0221 0217 0214 0210 0207 0205 0202
0201 0202 0207 0215 0223 0233 0241 0247 0250 0250 0248 0244.
0239 0235 0230 0226 0222 0218 0215 0211 0208 0205 0202 0199
0198 0199 0204 0212 0222 0231 0241 0248 0252 0253 0250 0246.
0241 0236 0231 0226 0222 0218 0214 0211 0208 0205 0202 0199
0198 0200 0204 0212 0221 0231 0240 0247 0250 0251 0248 0244.
0240 0236 0232 0228 0224 0221 0217 0214 0211 0208 0205 0202
0201 0203 0207 0215 0224 0233 0242 0248 0251 0251 0249 0245.
0240 0236 0233 0229 0225 0221 0218 0216 0213 0210 0208 0207
0206 0207 0211 0217 0224 0231 0237 0241 0243 0242 0240 0236.
0233 0231 0228 0225 0222 0220 0217 0215 0213 0211 0209 0208
0206 0206 0207 0209 0211 0215 0218 0222 0224 0224 0222 0219.
0217 0215 0212 0210 0208 0206 0205 0204 0202 0201 0200 0199
0199 0198 0199 0202 0208 0215 0222 0227 0230 0231 0229 0226.
0222 0219 0215 0212 0209 0206 0203 0200 0197 0195 0192 0190
0189 0191 0196 0205 0215 0224 0231 0235 0237 0237 0235 0233.
0230 0228 0226 0224 0222 0220 0218 0217 0215 0214 0212 0211
0210 0210 0211 0212 0213 0215 0218 0219 0220 0219 0218 0217.
0216 0214 0213 0211 0210 0208 0207 0206 0205 0204 0203 0202
0201 0202 0203 0204 0205 0206 0207 0208 0209 0209 0208 0207.
0206 0204 0203 0202 0201 0201 0200 0199 0199 0198 0198 0197
0197 0198 0198 0200 0203 0207 0210 0213 0215 0215 0215 0213.
0212 0210 0209 0208 0207 0205 0204 0203 0202 0201 0200 0199
0199 0200 0203 0205 0209 0213 0218 0221 0223 0223 0222 0221.
0219 0218 0217 0216 0215 0214 0213 0212 0212 0211 0210 0209
0209 0209 0208 0208 0208 0208 0208 0207 0207 0206 0206 0205.
0204 0204 0203 0202 0202 0201 0201 0200 0199 0199 0198 0198
0198 0198 0201 0204 0209 0214 0220 0225 0227 0227 0225 0222.
0218 0215 0212 0209 0206 0203 0200 0197 0194 0191 0189 0187
0185 0186 0191 0198 0206 0214 0221 0225 0228 0227 0225 0221.
0217 0214 0210 0207 0204 0201 0198 0196 0195 0194 0193 0192
0191 0193 0196 0202 0209 0215 0221 0225 0227 0227 0224 0221.
0218 0215 0212 0209 0206 0203 0201 0198 0196 0193 0191 0188
0187 0189 0193 0200 0209 0218 0226 0231 0234 0234 0232 0229.
0225 0222 0218 0215 0212 0209 0206 0203 0200 0198 0196 0193
0192 0193 0198 0206 0215 0225 0233 0239 0242 0242 0239 0236.
0232 0228 0225 0221 0218 0215 0212 0209 0206 0203 0200 0197
0196 0197 0202 0210 0219 0229 0238 0244 0247 0248 0245 0241.
0237 0232 0228 0225 0221 0218 0215 0212 0210 0208 0206 0205
//// //// //// //// //// //// //// //// //// //// //// ////.
//// //// //// //// //// //// //// //// //// //// //// ////
//// //// //// //// //// //// //// //// //// //// //// ////.
//// //// //// //// //// //// //// //// //// //// //// ////
//// //// //// //// //// //// //// //// //// //// //// ////.
//// //// //// //// //// //// //// //// //// //// //// ////
//// //// //// //// //// //// //// //// //// //// //// ////.
//// //// //// //// //// //// //// //// //// //// //// ////
//// //// //// //// //// //// //// //// //// //// //// ////=
0243 0242 0241 0240 0239 0237 0236 0235 0234 0233 0232 0231
0230 0230 0230 0231 0232 0233 0234 0235 0235 0236 0236 0235.
0235 0234 0233 0232 0231 0230 0229 0228 0227 0225 0224 0222
0221 0220 0221 0224 0228 0233 0239 0243 0247 0250 0251 0250.
0249 0247 0245 0243 0241 0238 0236 0234 0231 0229 0227 0225
0223 0222 0223 0226 0230 0234 0239 0244 0248 0250 0251 0250.
0249 0247 0245 0243 0240 0238 0235 0233 0231 0228 0226 0224
0223 0222 0223 0225 0227 0230 0233 0235 0237 0238 0238 0238.
0237 0236 0236 0234 0233 0232 0231 0230 0229 0227 0225 0224
0222 0222 0223 0225 0229 0234 0239 0244 0248 0250 0251 0250.
0249 0246 0244 0241 0239 0236 0233 0231 0228 0225 0223 0221
0218 0217 0217 0220 0223 0228 0233 0238 0242 0244 0245 0244.
0243 0241 0238 0236 0233 0231 0228 0226 0223 0221 0219 0216
0214 0214 0214 0216 0220 0225 0230 0235 0239 0242 0243 0242.
0241 0238 0236 0233 0230 0228 0225 0222 0219 0217 0215 0212
0210 0209 0209 0212 0216 0221 0226 0232 0236 0238 0239 0239.
0237 0235 0233 0230 0227 0225 0222 0219 0217 0214 0212 0209
0207 0206 0207 0209 0213 0219 0225 0231 0236 0239 0240 0240.
0238 0236 0233 0230 0227 0224 0222 0219 0216 0214 0211 0209
0207 0206 0207 0209 0213 0218 0224 0230 0235 0237 0239 0238.
0237 0235 0232 0230 0228 0225 0223 0220 0218 0215 0213 0211
0209 0208 0209 0211 0215 0220 0226 0231 0236 0238 0240 0239.
0237 0235 0233 0231 0228 0226 0223 0221 0219 0217 0215 0213
0212 0211 0212 0214 0217 0221 0225 0229 0232 0233 0234 0233.
0232 0230 0229 0227 0225 0223 0221 0220 0218 0216 0215 0213
0212 0211 0210 0211 0211 0213 0215 0217 0219 0220 0220 0219.
0218 0217 0216 0214 0213 0211 0210 0209 0208 0207 0205 0205
0204 0203 0203 0203 0205 0208 0212 0216 0220 0222 0223 0223.
0221 0220 0218 0216 0214 0211 0209 0207 0205 0203 0201 0199
0197 0196 0198 0201 0205 0211 0216 0221 0224 0226 0227 0227.
0226 0225 0224 0223 0222 0221 0219 0218 0217 0216 0215 0214
0213 0212 0212 0212 0212 0213 0215 0216 0217 0217 0217 0217.
0216 0215 0214 0213 0212 0211 0210 0209 0208 0207 0206 0206
0205 0204 0204 0205 0205 0206 0207 0207 0208 0208 0208 0208.
0207 0207 0206 0205 0204 0204 0203 0202 0202 0201 0201 0200
0200 0200 0200 0200 0201 0203 0205 0208 0209 0211 0211 0211.
0211 0210 0210 0209 0208 0207 0206 0205 0205 0204 0203 0202
0202 0202 0202 0203 0205 0207 0210 0213 0215 0217 0217 0217.
0217 0216 0216 0215 0214 0214 0213 0213 0212 0211 0211 0210
0210 0209 0209 0209 0209 0209 0208 0208 0208 0207 0207 0207.
0206 0206 0205 0204 0204 0203 0203 0203 0202 0202 0201 0201
0200 0200 0201 0202 0204 0207 0210 0214 0217 0219 0219 0219.
0217 0216 0214 0212 0210 0208 0206 0204 0201 0199 0197 0195
0193 0192 0193 0195 0199 0203 0208 0213 0216 0218 0219 0218.
0216 0215 0213 0211 0208 0206 0204 0202 0201 0199 0198 0197
0196 0196 0197 0199 0202 0206 0210 0214 0217 0218 0219 0218.
0217 0215 0213 0212 0210 0208 0206 0204 0202 0200 0198 0196
0194 0194 0194 0197 0201 0206 0211 0216 0220 0222 0223 0223.
0222 0220 0219 0217 0214 0212 0210 0208 0206 0204 0202 0200
0199 0198 0198 0201 0205 0211 0216 0222 0226 0229 0230 0229.
0228 0226 0224 0222 0220 0218 0216 0213 0211 0209 0207 0204
0203 0201 0202 0205 0209 0215 0221 0226 0231 0233 0234 0234.
0232 0230 0228 0226 0223 0221 0219 0216 0214 0212 0211 0210
//// //// //// //// //// //// //// //// //// //// //// ////.
//// //// //// //// //// //// //// //// //// //// //// ////
//// //// //// //// //// //// //// //// //// //// //// ////.
//// //// //// //// //// //// //// //// //// //// //// ////
//// //// //// //// //// //// //// //// //// //// //// ////.
//// //// //// //// //// //// //// //// //// //// //// ////
//// //// //// //// //// //// //// //// //// //// //// ////.
//// //// //// //// //// //// //// //// //// //// //// ////
//// //// //// //// //// //// //// //// //// //// //// ////=
0238 0238 0238 0239 0239 0239 0239 0239 0239 0239 0238 0238
0238 0238 0238 0238 0238 0237 0237 0237 0237 0237 0237 0237.
0237 0238 0237 0237 0237 0237 0237 0237 0237 0236 0236 0236
0235 0235 0235 0235 0234 0234 0234 0235 0235 0235 0236 0236.
0237 0237 0237 0237 0238 0237 0237 0237 0237 0237 0236 0236
0236 0235 0235 0235 0234 0234 0234 0234 0235 0235 0235 0236.
0236 0236 0236 0236 0237 0236 0236 0236 0236 0235 0235 0235
0234 0234 0234 0233 0233 0233 0233 0233 0233 0233 0233 0233.
0233 0233 0233 0233 0233 0233 0233 0233 0233 0233 0233 0233
0233 0232 0232 0232 0232 0232 0232 0232 0232 0232 0233 0233.
0234 0234 0234 0234 0234 0234 0234 0234 0234 0233 0233 0232
0232 0232 0231 0231 0230 0230 0230 0230 0230 0230 0230 0231.
0231 0231 0231 0231 0231 0231 0231 0231 0230 0230 0229 0229
0228 0228 0228 0227 0227 0227 0227 0227 0227 0227 0227 0227.
0228 0228 0228 0228 0228 0228 0228 0227 0227 0227 0226 0226
0225 0225 0224 0224 0224 0223 0223 0223 0223 0224 0224 0224.
0224 0225 0225 0225 0225 0225 0225 0224 0224 0224 0223 0223
0222 0222 0221 0221 0221 0220 0220 0220 0221 0221 0221 0222.
0222 0222 0222 0222 0222 0222 0222 0222 0221 0221 0221 0220
0220 0219 0219 0219 0218 0218 0218 0218 0218 0219 0219 0220.
0220 0220 0221 0221 0221 0221 0221 0221 0221 0220 0220 0220
0219 0219 0219 0219 0218 0218 0218 0218 0219 0219 0219 0220.
0220 0220 0221 0221 0221 0221 0221 0221 0221 0220 0220 0220
0219 0219 0219 0219 0218 0218 0218 0219 0219 0219 0219 0220.
0220 0220 0220 0220 0220 0220 0220 0220 0220 0220 0220 0219
0219 0219 0219 0218 0218 0218 0218 0218 0218 0218 0218 0218.
0218 0218 0218 0218 0217 0217 0217 0217 0217 0216 0216 0216
0215 0215 0215 0215 0215 0214 0214 0214 0214 0215 0215 0215.
0215 0215 0215 0216 0215 0215 0215 0215 0215 0214 0214 0214
0213 0213 0212 0212 0212 0212 0212 0212 0212 0212 0213 0213.
0213 0214 0214 0214 0214 0215 0215 0215 0215 0215 0215 0215
0215 0214 0214 0214 0214 0214 0214 0214 0214 0214 0215 0215.
0215 0215 0215 0215 0215 0215 0215 0215 0214 0214 0214 0214
0214 0214 0214 0213 0213 0213 0213 0213 0213 0213 0213 0213.
0213 0213 0213 0213 0213 0212 0212 0212 0212 0212 0212 0212
0211 0211 0211 0211 0211 0211 0211 0211 0211 0211 0211 0212.
0212 0212 0212 0212 0212 0212 0212 0212 0212 0212 0212 0212
0212 0212 0212 0211 0211 0211 0211 0212 0212 0212 0212 0213.
0213 0213 0213 0214 0214 0214 0214 0214 0214 0214 0214 0214
0214 0214 0214 0214 0214 0214 0214 0214 0214 0214 0213 0213.
0213 0213 0213 0213 0213 0213 0213 0213 0212 0212 0212 0212
0212 0212 0212 0212 0212 0212 0212 0212 0212 0212 0213 0213.
0213 0213 0214 0214 0214 0214 0214 0213 0213 0213 0212 0212
0212 0211 0211 0211 0210 0210 0210 0210 0210 0210 0211 0211.
0211 0212 0212 0212 0212 0212 0212 0212 0211 0211 0211 0211
0210 0210 0210 0210 0210 0209 0210 0210 0210 0210 0210 0211.
0211 0211 0211 0212 0212 0212 0211 0211 0211 0211 0211 0210
0210 0210 0210 0209 0209 0209 0209 0209 0209 0209 0210 0210.
0211 0211 0211 0211 0211 0211 0211 0211 0211 0211 0211 0210
0210 0210 0210 0209 0209 0209 0209 0209 0210 0210 0210 0211.
0211 0211 0212 0212 0212 0212 0212 0212 0212 0212 0211 0211
0211 0211 0211 0210 0210 0210 0210 0210 0210 0211 0211 0211.
0212 0212 0212 0212 0213 0213 0213 0213 0212 0212 0212 0212
//// //// //// //// //// //// //// //// //// //// //// ////.
//// //// //// //// //// //// //// //// //// //// //// ////
//// //// //// //// //// //// //// //// //// //// //// ////.
//// //// //// //// //// //// //// //// //// //// //// ////
//// //// //// //// //// //// //// //// //// //// //// ////.
//// //// //// //// //// //// //// //// //// //// //// ////
//// //// //// //// //// //// //// //// //// //// //// ////.
//// //// //// //// //// //// //// //// //// //// //// ////
//// //// //// //// //// //// //// //// //// //// //// ////=
KB
0240 0240 0239 0239 0240 0239 0240 0240 0240 0240 0240 0240
0239 0240 0240 0240 0240 0239 0240 0239 0239 0239 0239 0239.
0239 0239 0239 0239 0239 0239 0239 0239 0239 0239 0239 0239
0239 0239 0239 0239 0239 0239 0239 0239 0239 0239 0239 0238.
0238 0238 0238 0238 0238 0238 0238 0238 0238 0238 0238 0238
0238 0238 0238 0238 0238 0238 0238 0238 0238 0238 0238 0238.
0238 0238 0238 0238 0238 0238 0238 0238 0238 0238 0238 0238
0238 0238 0238 0238 0238 0238 0238 0238 0238 0238 0238 0237.
0237 0237 0237 0237 0237 0237 0237 0237 0237 0237 0237 0237
0237 0237 0237 0237 0237 0237 0237 0237 0237 0236 0236 0236.
0236 0236 0236 0236 0236 0236 0236 0236 0236 0236 0236 0236
0236 0236 0236 0236 0236 0236 0236 0236 0236 0236 0236 0236.
0236 0236 0235 0235 0236 0235 0235 0235 0235 0235 0235 0235
0235 0235 0235 0235 0235 0235 0235 0235 0235 0235 0235 0234.
0234 0234 0234 0234 0234 0234 0234 0234 0234 0234 0234 0234
0234 0234 0234 0234 0233 0233 0233 0233 0233 0233 0233 0233.
0233 0232 0232 0232 0232 0232 0232 0232 0232 0232 0232 0232
0232 0232 0232 0232 0232 0232 0231 0231 0231 0231 0231 0231.
0231 0231 0231 0230 0230 0230 0230 0230 0230 0230 0230 0230
0230 0230 0230 0230 0230 0230 0230 0230 0229 0229 0229 0229.
0229 0229 0229 0229 0229 0229 0229 0229 0228 0228 0228 0228
0228 0228 0228 0228 0228 0228 0228 0228 0228 0228 0228 0228.
0228 0228 0228 0227 0227 0227 0227 0227 0227 0227 0227 0227
0227 0227 0227 0227 0227 0227 0227 0227 0227 0227 0227 0227.
0227 0227 0227 0227 0227 0227 0227 0227 0227 0227 0227 0226
0227 0226 0226 0226 0226 0226 0226 0226 0226 0226 0226 0226.
0226 0226 0226 0226 0226 0226 0226 0226 0226 0226 0226 0225
0225 0225 0225 0225 0225 0225 0225 0225 0225 0225 0225 0225.
0224 0224 0224 0224 0224 0224 0224 0224 0224 0224 0224 0224
0224 0224 0224 0224 0224 0224 0223 0223 0223 0223 0223 0223.
0223 0223 0222 0222 0222 0222 0222 0222 0222 0222 0222 0222
0222 0222 0222 0222 0222 0222 0222 0222 0222 0222 0222 0222.
0222 0222 0222 0222 0222 0222 0222 0222 0222 0222 0222 0222
0222 0222 0222 0222 0221 0222 0222 0222 0221 0221 0221 0221.
0221 0221 0221 0221 0221 0221 0221 0221 0221 0221 0221 0221
0221 0221 0220 0220 0220 0220 0220 0220 0220 0220 0220 0220.
0220 0220 0220 0220 0220 0220 0220 0220 0220 0219 0219 0219
0219 0219 0220 0219 0219 0219 0219 0219 0219 0219 0219 0219.
0219 0219 0219 0219 0219 0219 0219 0219 0219 0219 0219 0219
0219 0219 0219 0219 0219 0219 0219 0219 0219 0219 0219 0219.
0219 0219 0219 0219 0219 0219 0219 0219 0219 0219 0219 0219
0219 0219 0219 0219 0219 0219 0219 0219 0219 0219 0219 0218.
0218 0218 0218 0218 0218 0218 0218 0218 0218 0218 0218 0218
0218 0218 0218 0218 0218 0218 0218 0218 0218 0218 0218 0218.
0218 0218 0218 0218 0218 0218 0218 0218 0218 0218 0218 0218
0218 0218 0218 0218 0218 0218 0218 0218 0217 0217 0217 0217.
0217 0217 0217 0217 0217 0217 0217 0217 0217 0217 0217 0217
0217 0217 0217 0217 0217 0217 0217 0217 0217 0217 0217 0217.
0217 0217 0217 0217 0216 0216 0216 0216 0216 0216 0216 0216
0217 0217 0217 0217 0217 0216 0216 0216 0216 0216 0216 0216.
0216 0216 0216 0216 0216 0216 0216 0216 0216 0216 0216 0216
0216 0216 0216 0216 0216 0216 0216 0216 0216 0216 0216 0216.
0216 0216 0216 0216 0216 0216 0216 0216 0216 0216 0216 0216
//// //// //// //// //// //// //// //// //// //// //// ////.
//// //// //// //// //// //// //// //// //// //// //// ////
//// //// //// //// //// //// //// //// //// //// //// ////.
//// //// //// //// //// //// //// //// //// //// //// ////
//// //// //// //// //// //// //// //// //// //// //// ////.
//// //// //// //// //// //// //// //// //// //// //// ////
//// //// //// //// //// //// //// //// //// //// //// ////.
//// //// //// //// //// //// //// //// //// //// //// ////
//// //// //// //// //// //// //// //// //// //// //// ////=
0237 0237 0237 0237 0237 0237 0237 0237 0237 0237 0237 0237
0237 0237 0237 0237 0237 0237 0237 0237 0237 0237 0237 0237.
0237 0237 0237 0237 0237 0237 0237 0237 0237 0237 0237 0237
0237 0237 0237 0237 0237 0237 0237 0237 0237 0237 0237 0237.
0237 0237 0236 0236 0236 0236 0236 0236 0236 0236 0236 0236
0236 0236 0236 0236 0236 0236 0236 0236 0236 0236 0236 0236.
0236 0236 0236 0236 0236 0236 0236 0236 0236 0236 0236 0236
0236 0236 0236 0236 0236 0236 0236 0236 0236 0236 0236 0236.
0236 0236 0236 0236 0236 0236 0236 0236 0236 0236 0236 0236
0236 0236 0236 0236 0236 0236 0236 0236 0236 0236 0236 0236.
0236 0236 0236 0235 0236 0236 0236 0236 0235 0235 0236 0235
0236 0236 0235 0235 0235 0235 0236 0236 0235 0235 0235 0235.
0235 0235 0235 0235 0235 0235 0235 0235 0235 0235 0235 0235
0235 0235 0235 0235 0235 0235 0235 0235 0235 0235 0235 0235.
0235 0235 0235 0235 0235 0235 0235 0235 0235 0235 0235 0235
0235 0235 0235 0235 0235 0235 0235 0235 0235 0235 0235 0235.
0235 0235 0235 0235 0235 0235 0234 0234 0234 0234 0234 0234
0234 0235 0235 0235 0234 0234 0234 0234 0234 0234 0234 0234.
0234 0234 0234 0234 0234 0234 0234 0234 0234 0234 0234 0234
0234 0234 0234 0234 0234 0234 0234 0234 0234 0234 0234 0234.
0234 0234 0234 0234 0234 0234 0234 0234 0234 0234 0234 0234
0234 0234 0234 0234 0233 0233 0233 0233 0233 0233 0233 0233.
0233 0233 0233 0233 0233 0233 0233 0233 0233 0233 0233 0233
0233 0233 0233 0233 0233 0233 0233 0233 0233 0233 0233 0233.
0233 0233 0233 0232 0233 0233 0233 0232 0233 0232 0232 0232
0232 0232 0232 0232 0232 0232 0232 0232 0232 0232 0232 0232.
0232 0232 0232 0232 0232 0232 0232 0232 0232 0232 0232 0232
0232 0232 0232 0232 0232 0232 0232 0232 0232 0232 0232 0231.
0231 0232 0231 0231 0231 0231 0231 0231 0231 0231 0231 0231
0231 0231 0231 0231 0231 0231 0231 0231 0231 0231 0231 0231.
0231 0231 0231 0231 0231 0231 0231 0231 0231 0231 0231 0231
0231 0231 0231 0230 0231 0230 0230 0230 0230 0230 0230 0230.
0230 0230 0230 0230 0230 0230 0230 0230 0230 0230 0230 0230
0230 0230 0230 0230 0230 0230 0230 0230 0230 0230 0230 0230.
0229 0230 0229 0229 0229 0229 0229 0229 0229 0229 0229 0229
0229 0229 0229 0229 0229 0229 0229 0229 0229 0229 0229 0229.
0229 0229 0229 0229 0229 0229 0229 0229 0229 0229 0229 0229
0229 0228 0229 0229 0229 0228 0228 0228 0228 0228 0228 0228.
0228 0228 0228 0228 0228 0228 0228 0228 0228 0228 0228 0228
0228 0228 0228 0228 0228 0228 0228 0228 0228 0228 0228 0227.
0228 0228 0227 0228 0227 0227 0227 0227 0227 0227 0227 0227
0227 0227 0227 0227 0227 0227 0227 0227 0227 0227 0227 0227.
0227 0227 0227 0227 0227 0227 0227 0227 0227 0227 0227 0227
0227 0227 0227 0227 0227 0227 0227 0227 0226 0226 0227 0226.
0226 0226 0226 0226 0226 0226 0226 0226 0226 0226 0226 0226
0226 0226 0226 0226 0226 0226 0226 0226 0226 0226 0226 0226.
0226 0226 0226 0226 0226 0226 0226 0226 0226 0226 0226 0226
0226 0225 0226 0226 0226 0226 0226 0225 0225 0225 0225 0225.
0225 0225 0225 0225 0225 0225 0225 0225 0225 0225 0225 0225
0225 0225 0225 0225 0225 0225 0225 0225 0225 0225 0225 0225.
0225 0225 0225 0225 0225 0225 0225 0225 0225 0225 0225 0225
0225 0225 0225 0224 0224 0224 0225 0225 0224 0224 0224 0224.
0224 0224 0224 0224 0224 0224 0224 0224 0224 0224 0224 0224
//// //// //// //// //// //// //// //// //// //// //// ////.
//// //// //// //// //// //// //// //// //// //// //// ////
//// //// //// //// //// //// //// //// //// //// //// ////.
//// //// //// //// //// //// //// //// //// //// //// ////
//// //// //// //// //// //// //// //// //// //// //// ////.
//// //// //// //// //// //// //// //// //// //// //// ////
//// //// //// //// //// //// //// //// //// //// //// ////.
//// //// //// //// //// //// //// //// //// //// //// ////
//// //// //// //// //// //// //// //// //// //// //// ////=
0218 0218 0218 0218 0218 0218 0218 0218 0218 0218 0218 0218
0218 0218 0218 0218 0218 0218 0218 0218 0218 0218 0218 0218.
0218 0218 0218 0218 0218 0218 0218 0218 0218 0218 0218 0218
0218 0218 0218 0218 0218 0218 0218 0218 0218 0218 0218 0218.
0218 0218 0218 0218 0218 0218 0218 0218 0218 0218 0218 0218
0218 0218 0218 0218 0218 0218 0218 0218 0218 0218 0218 0218.
0218 0218 0218 0218 0218 0218 0218 0218 0218 0218 0218 0218
0218 0218 0218 0218 0218 0218 0218 0218 0218 0218 0218 0218.
0218 0218 0218 0218 0218 0218 0218 0218 0218 0218 0218 0218
0218 0218 0218 0218 0218 0218 0218 0218 0218 0218 0218 0218.
0218 0218 0218 0218 0218 0218 0218 0218 0218 0218 0218 0218
0218 0218 0218 0218 0218 0218 0218 0218 0218 0218 0218 0218.
0218 0218 0218 0218 0218 0218 0218 0218 0218 0218 0218 0218
0218 0218 0218 0218 0218 0218 0218 0218 0218 0218 0218 0218.
0218 0218 0218 0218 0218 0218 0218 0218 0218 0218 0218 0218
0218 0218 0218 0218 0218 0218 0218 0218 0218 0218 0218 0218.
0218 0218 0218 0218 0218 0218 0218 0218 0218 0218 0218 0218
0218 0218 0218 0218 0218 0218 0218 0218 0218 0218 0218 0218.
0218 0218 0218 0218 0218 0218 0218 0218 0218 0218 0218 0218
0218 0218 0218 0218 0218 0218 0218 0218 0218 0218 0218 0218.
0218 0218 0218 0218 0218 0218 0218 0218 0218 0218 0218 0218
0218 0218 0218 0218 0218 0218 0218 0218 0218 0218 0218 0218.
0218 0218 0218 0218 0218 0218 0218 0218 0218 0218 0218 0218
0218 0218 0218 0218 0218 0218 0218 0218 0218 0218 0218 0218.
0218 0218 0218 0218 0218 0218 0218 0218 0218 0218 0218 0218
0218 0218 0218 0218 0218 0218 0218 0218 0218 0218 0218 0218.
0218 0218 0218 0218 0218 0218 0218 0218 0218 0218 0218 0218
0218 0218 0218 0218 0218 0218 0218 0218 0218 0218 0218 0218.
0218 0218 0218 0218 0218 0218 0218 0218 0218 0218 0218 0218
0218 0218 0218 0218 0218 0218 0218 0218 0218 0218 0218 0218.
0218 0218 0218 0218 0218 0218 0218 0218 0218 0218 0218 0218
0218 0218 0218 0218 0218 0218 0218 0218 0218 0218 0218 0218.
0218 0218 0218 0218 0218 0218 0218 0218 0218 0218 0218 0218
0218 0218 0218 0218 0218 0218 0218 0218 0218 0218 0218 0218.
0218 0218 0218 0218 0218 0218 0218 0218 0218 0218 0218 0218
0218 0218 0218 0218 0218 0218 0218 0218 0218 0218 0218 0218.
0218 0218 0218 0218 0218 0218 0218 0218 0218 0218 0218 0218
0218 0218 0218 0218 0218 0218 0218 0218 0218 0218 0218 0218.
0218 0218 0218 0218 0218 0218 0218 0218 0218 0218 0218 0218
0218 0218 0218 0218 0218 0218 0218 0218 0218 0218 0218 0218.
0218 0218 0218 0218 0218 0218 0218 0218 0218 0218 0218 0218
0218 0218 0218 0218 0218 0218 0218 0218 0218 0218 0218 0218.
0218 0218 0218 0218 0218 0218 0218 0218 0218 0218 0218 0218
0218 0218 0218 0218 0218 0218 0218 0218 0218 0218 0218 0218.
0218 0218 0218 0218 0218 0218 0218 0218 0218 0218 0218 0218
0218 0218 0218 0218 0218 0218 0218 0218 0218 0218 0218 0218.
0218 0218 0218 0218 0218 0218 0218 0218 0217 0218 0217 0218
0218 0218 0218 0218 0218 0218 0218 0218 0218 0218 0218 0218.
0218 0218 0218 0218 0218 0218 0218 0218 0218 0218 0218 0218
0218 0218 0218 0218 0218 0218 0218 0218 0218 0218 0218 0218.
0218 0217 0217 0217 0217 0218 0217 0218 0218 0217 0217 0217
0217 0218 0218 0218 0218 0218 0218 0218 0218 0217 0218 0217.
0217 0217 0217 0217 0217 0217 0217 0217 0217 0217 0217 0217
//// //// //// //// //// //// //// //// //// //// //// ////.
//// //// //// //// //// //// //// //// //// //// //// ////
//// //// //// //// //// //// //// //// //// //// //// ////.
//// //// //// //// //// //// //// //// //// //// //// ////
//// //// //// //// //// //// //// //// //// //// //// ////.
//// //// //// //// //// //// //// //// //// //// //// ////
//// //// //// //// //// //// //// //// //// //// //// ////.
//// //// //// //// //// //// //// //// //// //// //// ////
//// //// //// //// //// //// //// //// //// //// //// ////=
A=
SA=
BA
0213 0210 0207 0208 0202 0202 0202 0201 0198 0195 0196 0208
0248 0306 0277 0254 0246 0236 0276 0237 0220 0212 0201 0200 0312 1006 0194 0625.
0201 0184 0190 0196 0171 0159 0154 0157 0144 0143 0152 0208
0294 0359 0404 0433 0420 0405 0401 0359 0292 0245 0194 0173 0436 1159 0138 0623.
0166 0160 0155 0154 0146 0143 0140 0137 0134 0135 0141 0207
0296 0355 0401 0412 0409 0377 0385 0348 0294 0223 0171 0160 0419 1230 0129 0625.
0154 0155 0146 0155 0143 0135 0131 0131 0137 0147 0155 0188
0289 0341 0324 0309 0336 0304 0290 0269 0245 0215 0203 0194 0357 1218 0130 0335.
0193 0192 0187 0184 0180 0179 0163 0150 0147 0146 0152 0213
0297 0358 0405 0422 0386 0373 0371 0324 0281 0220 0182 0156 0423 1137 0142 0615.
0152 0138 0133 0142 0123 0121 0132 0111 0105 0104 0114 0180
0277 0331 0374 0393 0397 0376 0372 0323 0271 0202 0154 0140 0400 1226 0101 0550.
0136 0136 0128 0123 0120 0115 0110 0108 0106 0104 0112 0174
0255 0322 0356 0380 0370 0389 0369 0340 0275 0202 0174 0133 0392 1213 0102 0606.
0126 0120 0115 0109 0106 0100 0098 0096 0096 0088 0097 0168
0258 0323 0363 0369 0376 0384 0372 0323 0258 0184 0140 0131 0394 1242 0086 0635.
0129 0119 0113 0109 0100 0096 0094 0088 0086 0081 0090 0161
0250 0315 0362 0381 0383 0393 0376 0326 0263 0180 0138 0126 0395 1410 0080 0615.
0121 0122 0111 0108 0102 0101 0098 0095 0091 0090 0099 0168
0242 0317 0368 0381 0374 0368 0343 0308 0263 0213 0181 0168 0385 1130 0089 0551.
0147 0150 0132 0134 0120 0114 0107 0103 0099 0096 0105 0173
0253 0320 0359 0355 0362 0366 0346 0306 0254 0210 0189 0174 0385 1132 0095 0606.
0155 0146 0129 0118 0130 0140 0125 0114 0123 0129 0150 0170
0243 0299 0331 0335 0332 0286 0341 0264 0228 0203 0190 0182 0366 1445 0111 0427.
0183 0179 0183 0175 0174 0170 0165 0156 0159 0157 0157 0169
0193 0203 0232 0228 0253 0287 0248 0213 0188 0174 0170 0168 0291 1405 0150 0627.
0163 0159 0159 0160 0159 0159 0160 0155 0154 0155 0155 0162
0187 0212 0257 0280 0332 0325 0309 0282 0235 0190 0154 0150 0336 1309 0148 1938.
0135 0132 0129 0121 0114 0121 0114 0099 0107 0100 0105 0163
0243 0312 0350 0358 0347 0327 0304 0281 0248 0219 0201 0194 0385 1154 0092 0643.
0190 0192 0184 0184 0175 0181 0174 0174 0173 0171 0169 0185
0200 0218 0223 0239 0257 0242 0247 0227 0195 0192 0192 0186 0271 1335 0168 0644.
0167 0166 0172 0174 0172 0165 0165 0166 0164 0159 0162 0180
0204 0203 0194 0216 0182 0179 0169 0178 0177 0167 0164 0165 0225 1205 0157 0549.
0163 0162 0161 0162 0162 0162 0162 0164 0163 0164 0165 0168
0181 0190 0237 0242 0272 0262 0240 0238 0227 0191 0185 0174 0287 1343 0160 2310.
0175 0174 0173 0165 0166 0166 0167 0166 0160 0157 0168 0197
0220 0238 0265 0285 0324 0275 0294 0246 0228 0196 0204 0200 0327 1301 0151 0539.
0199 0196 0197 0192 0193 0192 0189 0188 0186 0188 0188 0196
0202 0180 0182 0184 0182 0181 0179 0180 0181 0179 0176 0176 0203 0905 0175 1945.
0173 0173 0174 0172 0174 0172 0170 0168 0168 0168 0169 0182
0205 0223 0254 0319 0289 0335 0324 0275 0240 0190 0179 0154 0356 1407 0153 1958.
0152 0136 0132 0142 0139 0117 0110 0113 0098 0102 0102 0155
0210 0282 0314 0331 0331 0332 0321 0290 0231 0191 0165 0145 0348 1209 0097 0553.
0152 0144 0139 0128 0121 0141 0138 0146 0146 0147 0131 0174
0222 0257 0307 0309 0327 0317 0293 0253 0220 0191 0162 0163 0341 1239 0118 0117.
0153 0149 0142 0147 0126 0128 0134 0117 0107 0103 0107 0168
0229 0285 0341 0350 0364 0345 0339 0308 0242 0203 0166 0162 0378 1226 0102 0603.
0173 0173 0151 0135 0133 0125 0127 0121 0118 0118 0112 0179
0269 0320 0353 0379 0357 0375 0357 0322 0271 0219 0179 0179 0392 1336 0108 0645.
0174 0180 0154 0149 0155 0145 0138 0118 0115 0112 0132 0183
0275 0325 0355 0380 0404 0390 0378 0355 0291 0197 0167 0174 0417 1343 0109 0602.
0177 0169 0151 0156 0156 0141 0137 0141 0158 0155 0154 0197
//// //// //// //// //// //// //// //// //// //// //// //// 0198 0757 0134 0218.
//// //// //// //// //// //// //// //// //// //// //// ////
//// //// //// //// //// //// //// //// //// //// //// //// //// //// //// ////.
//// //// //// //// //// //// //// //// //// //// //// ////
//// //// //// //// //// //// //// //// //// //// //// //// //// //// //// ////.
//// //// //// //// //// //// //// //// //// //// //// ////
//// //// //// //// //// //// //// //// //// //// //// //// //// //// //// ////.
//// //// //// //// //// //// //// //// //// //// //// ////
//// //// //// //// //// //// //// //// //// //// //// //// //// //// //// ////=
=
??????
******
YF
19011










=
JY
8888=
GK
01/
05/=
BZ
10/03/08;14;20

10/24/24
11/=
######
