57461 3042N 11118E 001331 001343 105 000 S14 11111999919199111991 0 2014 05
PC
9949 9956 9957 9958 9956 9956 9954 9952 9955 9960 9968 9972
9971 9971 9969 9964 9956 9946 9938 9935 9936 9939 9948 9961 9973 0801 9934 1552.
9975 9984 9991 9999 0005 0012 0007 0013 0018 0027 0035 0041
0051 0064 0070 0075 0073 0068 0059 0054 0051 0053 0057 0062 0076 1126 9961 2001.
0069 0072 0071 0067 0060 0052 0042 0037 0035 0033 0035 0037
0037 0033 0032 0025 0022 0019 0017 0018 0013 0012 0015 0024 0072 2157 0009 1812.
0028 0032 0031 0025 0016 0008 0007 0005 0005 0006 0017 0018
0022 0028 0033 0035 0033 0028 0030 0029 0030 0035 0042 0050 0050 1956 0002 0350.
0060 0067 0066 0066 0062 0056 0054 0053 0055 0056 0063 0065
0069 0069 0065 0057 0048 0039 0032 0022 0020 0023 0028 0036 0069 0841 0020 1631.
0042 0044 0042 0035 0032 0023 0018 0016 0016 0015 0020 0020
0019 0012 0006 9993 9982 9975 9967 9960 9956 9958 9957 9958 0044 2142 9955 1727.
9964 9964 9960 9960 9959 9951 9945 9941 9940 9941 9946 9949
9948 9947 9944 9936 9924 9917 9910 9906 9906 9910 9913 9919 9965 2141 9905 1533.
9927 9933 9935 9937 9934 9931 9932 9933 9937 9940 9947 9949
9952 9955 9952 9944 9933 9926 9916 9908 9905 9908 9913 9913 9956 0940 9904 1704.
9919 9922 9923 9918 9911 9909 9907 9909 9907 9906 9909 9912
9915 9915 9916 9910 9901 9898 9893 9889 9889 9889 9893 9897 9924 2241 9888 1614.
9901 9904 9908 9905 9896 9892 9890 9888 9886 9888 9892 9895
9896 9897 9895 9889 9881 9876 9871 9870 9874 9879 9889 9901 9909 2236 9868 1524.
9909 9920 9929 9932 9935 9933 9933 9935 9940 9949 9958 9963
9967 9969 9967 9957 9948 9937 9935 9925 9928 9933 9938 9946 9971 0909 9901 2001.
9956 9964 9965 9964 9961 9959 9957 9953 9954 9958 9965 9966
9966 9968 9964 9955 9948 9941 9930 9928 9923 9923 9925 9930 9969 0834 9923 1658.
9935 9936 9934 9930 9925 9919 9913 9910 9904 9904 9907 9905
9905 9906 9900 9891 9882 9872 9864 9863 9864 9866 9870 9881 9938 2216 9862 1523.
9885 9890 9892 9891 9887 9884 9881 9882 9881 9886 9888 9894
9897 9901 9903 9910 9909 9908 9913 9913 9915 9918 9928 9943 9943 1953 9881 2001.
9955 9965 9964 9959 9951 9948 9945 9948 9950 9957 9960 9966
9966 9964 9961 9954 9944 9935 9926 9920 9916 9915 9915 9921 9966 0739 9914 1747.
9926 9929 9934 9934 9929 9924 9920 9917 9920 9922 9925 9931
9933 9935 9933 9934 9930 9927 9925 9924 9927 9930 9935 9940 9940 1956 9915 0407.
9952 9959 9958 9958 9955 9955 9945 9946 9943 9946 9952 9959
9960 9960 9961 9959 9955 9953 9948 9947 9941 9940 9944 9953 9962 1108 9939 1738.
9962 9972 9977 9973 9969 9966 9961 9962 9963 9959 9960 9968
9968 9973 9968 9961 9957 9951 9943 9935 9930 9927 9927 9935 9977 2300 9926 1732.
9946 9958 9961 9959 9956 9950 9942 9950 9955 9954 9953 9953
9954 9952 9952 9948 9939 9931 9927 9925 9921 9922 9923 9929 9962 2246 9920 1712.
9938 9944 9946 9945 9944 9940 9941 9938 9935 9938 9941 9944
9947 9947 9944 9941 9930 9930 9920 9914 9909 9909 9909 9914 9948 1018 9905 1719.
9920 9925 9926 9923 9915 9911 9909 9904 9907 9905 9905 9918
9924 9926 9927 9926 9924 9919 9916 9914 9910 9911 9912 9915 9929 1127 9903 0535.
9920 9924 9921 9918 9914 9912 9907 9905 9907 9912 9917 9922
9924 9927 9927 9925 9919 9910 9909 9906 9905 9905 9909 9915 9928 1004 9904 1645.
9921 9926 9926 9926 9921 9916 9917 9917 9918 9921 9927 9928
9929 9933 9932 9930 9928 9920 9914 9914 9911 9911 9915 9922 9933 0950 9909 1711.
9929 9934 9933 9929 9924 9920 9915 9912 9913 9915 9922 9924
9929 9933 9929 9930 9928 9918 9906 9908 9912 9915 9921 9931 9935 2154 9906 1457.
9942 9949 9954 9952 9947 9946 9945 9948 9949 9956 9962 9970
9971 9972 9972 9974 9969 9966 9965 9965 9968 9968 9977 9983 9983 1953 9931 2001.
9991 9997 9997 9995 9991 9989 9986 9983 9987 9990 9992 9996
9996 9996 9997 9993 9987 9983 9976 9967 9960 9952 9949 9951 9999 0943 9948 1854.
9954 9956 9958 9953 9948 9945 9941 9938 9938 9938 9942 9940
9943 9941 9939 9932 9925 9922 9918 9911 9905 9904 9908 9912 9958 2254 9902 1716.
9916 9918 9921 9919 9917 9916 9915 9914 9918 9920 9926 9932
9932 9931 9929 9927 9923 9916 9912 9909 9904 9903 9904 9906 9933 0804 9903 1734.
9911 9917 9918 9914 9911 9908 9906 9905 9904 9906 9909 9914
9918 9916 9914 9911 9906 9899 9893 9891 9889 9889 9894 9898 9919 2235 9887 1710.
9903 9907 9906 9903 9896 9896 9899 9899 9899 9901 9908 9913
9917 9915 9912 9907 9905 9896 9895 9900 9899 9905 9907 9915 9918 0908 9893 1447.
9921 9925 9927 9920 9918 9916 9909 9902 9902 9900 9904 9909
9911 9911 9905 9900 9899 9889 9880 9878 9870 9873 9872 9878 9927 2206 9869 1701=
0111 0129 0101 0117
0167 0197 0226 0221
0211 0197 0178 0184
0168 0179 0187 0210
0216 0226 0199 0196
0182 0179 0132 0115
0107 0106 0071 0075
0085 0105 0081 0068
0062 0067 0053 0053
0048 0051 0032 0058
0090 0121 0093 0103
0115 0122 0097 0085
0074 0060 0027 0037
0040 0050 0064 0099
0105 0124 0091 0077
0079 0087 0083 0097
0112 0117 0110 0111
0124 0125 0107 0091
0105 0109 0086 0085
0095 0100 0085 0069
0066 0074 0076 0072
0069 0079 0065 0070
0070 0083 0075 0078
0075 0080 0072 0086
0100 0125 0121 0139
0145 0153 0139 0107
0101 0095 0077 0066
0070 0086 0069 0060
0060 0068 0052 0051
0049 0066 0048 0069
0069 0064 0043 0032=
TB
0226 0216 0204 0193 0189 0182 0174 0171 0165 0162 0167 0184
0209 0238 0257 0273 0286 0296 0296 0300 0297 0289 0274 0260 0301 1438 0161 0612.
0253 0240 0226 0218 0217 0218 0219 0220 0214 0204 0205 0207
0211 0209 0210 0207 0207 0210 0200 0201 0201 0198 0194 0189 0260 2001 0189 1958.
0182 0175 0175 0169 0165 0157 0156 0151 0150 0146 0153 0163
0173 0193 0205 0206 0193 0190 0181 0169 0163 0158 0154 0152 0214 1132 0146 0558.
0149 0145 0142 0142 0143 0141 0142 0144 0143 0143 0143 0146
0153 0164 0176 0199 0203 0219 0224 0212 0210 0205 0198 0182 0225 1452 0140 0201.
0169 0151 0144 0136 0130 0124 0119 0117 0114 0112 0120 0136
0153 0177 0192 0205 0207 0221 0228 0228 0225 0222 0211 0192 0235 1509 0111 0528.
0184 0168 0159 0151 0144 0139 0136 0134 0128 0123 0137 0167
0190 0217 0238 0254 0260 0260 0256 0267 0265 0257 0247 0230 0268 1545 0123 0558.
0221 0206 0190 0181 0175 0168 0157 0156 0150 0146 0158 0180
0212 0244 0272 0283 0301 0306 0304 0304 0301 0290 0280 0252 0313 1328 0145 0542.
0242 0221 0213 0204 0195 0189 0184 0180 0179 0174 0180 0196
0212 0229 0250 0263 0274 0281 0285 0288 0275 0270 0263 0256 0290 1536 0173 0550.
0251 0245 0236 0230 0229 0227 0214 0209 0198 0197 0198 0199
0200 0201 0202 0202 0208 0206 0200 0202 0199 0199 0199 0199 0256 2001 0197 0507.
0199 0198 0196 0194 0193 0193 0190 0187 0188 0186 0188 0189
0190 0193 0191 0195 0204 0204 0206 0205 0197 0193 0192 0184 0208 1509 0184 1931.
0183 0184 0178 0176 0176 0174 0171 0170 0168 0165 0168 0174
0185 0209 0225 0245 0253 0259 0261 0262 0254 0247 0238 0230 0271 1542 0165 0527.
0223 0211 0197 0190 0183 0177 0173 0172 0169 0167 0174 0196
0205 0216 0229 0250 0254 0256 0254 0257 0265 0259 0250 0243 0265 1657 0165 0543.
0222 0216 0209 0195 0193 0192 0182 0177 0173 0173 0181 0188
0186 0184 0191 0192 0194 0217 0229 0225 0219 0211 0206 0201 0243 2001 0171 0512.
0197 0195 0193 0189 0189 0189 0186 0187 0187 0185 0190 0206
0227 0224 0217 0206 0210 0212 0211 0208 0208 0208 0205 0204 0236 0925 0185 0556.
0209 0199 0194 0187 0180 0173 0172 0173 0164 0165 0168 0175
0196 0219 0231 0242 0254 0266 0268 0264 0258 0252 0244 0236 0274 1432 0164 0458.
0229 0216 0206 0201 0197 0193 0190 0190 0186 0184 0185 0187
0196 0202 0212 0214 0219 0218 0216 0213 0208 0208 0206 0197 0236 2001 0183 0612.
0195 0192 0187 0185 0184 0183 0182 0179 0179 0178 0180 0182
0186 0188 0188 0192 0197 0201 0204 0206 0205 0202 0198 0195 0207 1541 0178 0438.
0194 0192 0191 0189 0186 0184 0181 0181 0180 0180 0185 0193
0202 0215 0234 0245 0253 0264 0266 0261 0262 0257 0252 0241 0268 1456 0180 0316.
0235 0229 0224 0212 0205 0197 0191 0188 0187 0185 0187 0195
0206 0209 0218 0230 0251 0275 0273 0268 0264 0261 0254 0241 0276 1405 0185 0521.
0226 0214 0209 0202 0195 0190 0185 0181 0176 0173 0180 0201
0229 0262 0275 0277 0278 0274 0266 0261 0257 0246 0245 0238 0279 1121 0172 0546.
0219 0207 0198 0195 0190 0185 0185 0188 0187 0188 0191 0192
0181 0184 0183 0187 0186 0190 0191 0190 0185 0179 0178 0178 0238 2001 0177 1828.
0177 0177 0177 0178 0178 0178 0176 0174 0171 0172 0184 0207
0211 0224 0234 0247 0256 0265 0260 0258 0263 0255 0250 0245 0269 1327 0170 0502.
0239 0234 0230 0225 0221 0216 0214 0213 0211 0210 0206 0215
0228 0233 0241 0245 0246 0242 0246 0231 0223 0222 0220 0218 0252 1236 0206 0646.
0218 0217 0216 0216 0216 0213 0212 0211 0209 0209 0213 0217
0233 0242 0254 0255 0266 0269 0275 0286 0281 0275 0270 0260 0288 1605 0208 0548.
0240 0238 0237 0236 0234 0234 0232 0229 0229 0227 0230 0230
0233 0235 0240 0249 0256 0257 0251 0249 0245 0243 0226 0215 0260 2001 0215 1950.
0217 0216 0213 0217 0215 0209 0206 0205 0201 0203 0204 0213
0236 0239 0233 0236 0243 0238 0242 0246 0245 0245 0238 0228 0249 1739 0201 0458.
0220 0209 0203 0197 0193 0191 0187 0189 0188 0197 0205 0230
0257 0263 0275 0282 0282 0270 0280 0282 0279 0275 0262 0252 0287 1214 0186 0304.
0243 0235 0224 0221 0220 0216 0216 0219 0211 0213 0215 0238
0265 0282 0300 0315 0327 0318 0304 0300 0282 0276 0267 0259 0328 1308 0208 0621.
0254 0244 0238 0234 0233 0228 0224 0219 0217 0217 0220 0232
0248 0265 0278 0293 0304 0304 0306 0299 0297 0283 0279 0271 0311 1418 0215 0538.
0258 0248 0243 0239 0231 0227 0220 0217 0213 0208 0219 0241
0257 0276 0293 0303 0311 0322 0300 0295 0267 0258 0243 0233 0324 1347 0208 0552.
0220 0218 0216 0218 0218 0218 0217 0218 0213 0210 0216 0228
0240 0248 0253 0248 0254 0259 0262 0260 0262 0257 0256 0253 0264 1531 0210 0520=
IB
=
0144 0135 0145 0146 0146 0147 0149 0144 0143 0144 0140 0145
0143 0153 0160 0147 0144 0146 0138 0137 0147 0147 0148 0154.
0144 0152 0152 0159 0158 0159 0148 0123 0125 0113 0085 0080
0097 0134 0132 0084 0047 0054 0064 0061 0075 0079 0093 0099.
0110 0115 0124 0116 0121 0113 0118 0107 0118 0110 0117 0112
0109 0116 0100 0092 0108 0089 0102 0098 0115 0125 0132 0118.
0128 0129 0121 0121 0130 0130 0131 0130 0135 0135 0130 0136
0133 0139 0139 0138 0133 0066 0009 0039 0062 0057 0051 0064.
0070 0088 0088 0091 0102 0103 0086 0091 0091 0091 0088 0093
0092 0086 0097 0065 0070 0042 0012 0039 0063 0076 0084 0088.
0081 0092 0098 0099 0106 0091 0098 0104 0098 0099 0109 0114
0113 0117 0090 0084 0089 0076 0072 0077 0085 0087 0082 0079.
0086 0104 0108 0112 0104 0119 0113 0112 0108 0110 0103 0116
0121 0124 0117 0100 0091 0116 0104 0104 0101 0111 0124 0131.
0128 0132 0130 0136 0137 0131 0137 0129 0136 0137 0135 0142
0139 0142 0151 0157 0157 0173 0161 0160 0165 0154 0168 0170.
0165 0175 0176 0179 0180 0174 0182 0173 0185 0185 0188 0184
0190 0191 0189 0194 0195 0185 0190 0194 0191 0191 0186 0186.
0189 0188 0179 0182 0181 0183 0180 0174 0181 0179 0176 0182
0178 0180 0183 0187 0191 0187 0187 0184 0184 0183 0182 0155.
0157 0155 0154 0154 0152 0150 0158 0159 0157 0152 0157 0159
0163 0163 0158 0140 0129 0124 0136 0130 0130 0123 0125 0132.
0134 0145 0147 0151 0140 0148 0149 0154 0145 0143 0147 0151
0144 0145 0145 0148 0151 0156 0157 0163 0161 0159 0142 0141.
0169 0163 0165 0165 0156 0161 0143 0153 0146 0153 0150 0143
0153 0158 0165 0170 0164 0173 0167 0158 0150 0163 0160 0169.
0171 0169 0171 0169 0172 0172 0169 0170 0170 0172 0173 0174
0165 0169 0183 0185 0193 0195 0189 0178 0180 0178 0181 0168.
0095 0103 0096 0125 0149 0138 0139 0136 0139 0147 0141 0138
0138 0125 0105 0086 0051 0044 0051 0059 0059 0074 0071 0077.
0086 0116 0113 0118 0120 0130 0123 0125 0124 0126 0123 0136
0131 0134 0136 0136 0130 0121 0125 0130 0133 0125 0128 0136.
0139 0138 0140 0127 0137 0138 0131 0146 0144 0151 0151 0153
0153 0155 0153 0149 0149 0153 0154 0147 0148 0152 0152 0154.
0153 0147 0158 0160 0158 0162 0161 0154 0154 0160 0157 0162
0164 0158 0139 0146 0144 0151 0153 0149 0153 0151 0149 0156.
0158 0155 0162 0164 0167 0162 0165 0166 0165 0170 0172 0167
0172 0177 0176 0179 0178 0177 0169 0173 0180 0172 0176 0171.
0182 0180 0181 0180 0169 0173 0172 0164 0165 0158 0163 0155
0155 0156 0158 0157 0155 0141 0147 0142 0151 0150 0149 0148.
0150 0155 0148 0147 0149 0146 0148 0151 0148 0149 0148 0153
0163 0164 0170 0172 0168 0171 0174 0178 0167 0153 0160 0165.
0164 0166 0157 0165 0160 0165 0159 0163 0161 0164 0174 0173
0169 0171 0169 0179 0165 0170 0174 0180 0184 0184 0182 0187.
0185 0193 0192 0185 0189 0190 0184 0190 0189 0193 0194 0194
0200 0203 0198 0193 0197 0199 0201 0204 0202 0205 0210 0204.
0210 0210 0209 0209 0209 0206 0205 0204 0202 0197 0206 0207
0208 0213 0211 0214 0216 0205 0213 0209 0214 0215 0217 0225.
0221 0224 0229 0220 0224 0226 0224 0219 0214 0210 0200 0215
0206 0196 0189 0199 0202 0205 0208 0206 0184 0204 0175 0177.
0179 0166 0163 0155 0149 0157 0152 0159 0161 0161 0154 0161
0156 0157 0148 0154 0152 0156 0134 0150 0128 0125 0115 0127.
0146 0148 0142 0141 0137 0133 0131 0129 0130 0127 0130 0138
0132 0141 0135 0141 0141 0141 0143 0141 0142 0149 0143 0137.
0147 0150 0150 0145 0141 0138 0138 0135 0135 0140 0149 0145
0146 0155 0141 0118 0129 0145 0157 0153 0177 0180 0175 0173.
0173 0167 0171 0174 0164 0161 0167 0166 0158 0158 0167 0160
0162 0152 0158 0131 0137 0149 0173 0160 0165 0184 0180 0189.
0192 0187 0185 0190 0188 0185 0186 0169 0175 0178 0185 0176
0174 0162 0161 0170 0163 0173 0184 0192 0223 0223 0218 0208.
0194 0188 0193 0188 0184 0178 0183 0186 0185 0184 0184 0179
0195 0183 0192 0201 0183 0183 0189 0194 0196 0198 0195 0201=
EA
164 155 165 166 166 167 169 164 163 164 160 165
163 174 182 167 164 166 158 157 167 167 168 175.
164 173 173 180 179 180 168 143 145 134 111 107
120 153 152 110 085 089 096 094 103 106 117 122.
132 136 144 137 141 134 138 129 138 131 137 133
130 136 123 116 130 114 125 121 135 145 152 138.
147 149 141 141 150 150 151 149 155 155 150 156
153 158 159 158 152 097 065 081 094 092 088 096.
100 113 113 115 124 125 111 115 116 116 114 117
116 111 120 096 100 082 067 080 095 104 110 113.
108 117 121 122 128 116 121 126 121 122 130 135
134 138 115 110 114 104 102 105 111 112 109 107.
112 126 130 133 126 140 134 133 130 131 126 136
141 144 137 123 115 136 126 126 124 132 144 151.
148 152 149 156 156 151 157 149 156 157 155 162
159 162 171 178 179 198 183 182 187 175 192 194.
188 200 201 205 207 199 209 198 212 213 217 211
220 221 218 225 226 213 220 225 221 221 214 214.
218 217 205 209 208 210 206 198 208 206 202 210
204 206 210 215 220 216 216 212 211 210 209 176.
179 176 175 175 173 171 179 180 178 173 178 181
185 185 180 160 148 144 156 150 149 143 144 152.
153 165 167 171 160 168 170 175 165 163 167 171
164 165 165 168 172 177 178 185 183 180 162 161.
193 186 188 188 177 182 163 174 166 174 170 163
173 180 188 193 187 197 190 180 171 185 182 193.
195 193 195 192 196 196 193 194 194 196 198 199
188 192 210 213 224 226 218 204 206 204 207 192.
119 125 119 144 169 158 159 156 158 167 161 158
157 144 127 112 088 084 088 093 093 103 101 105.
112 137 133 139 140 150 143 145 144 146 143 155
150 154 156 155 150 141 144 149 152 145 148 156.
159 158 159 147 157 158 150 166 164 171 171 173
173 176 174 169 170 174 175 167 169 173 173 174.
173 167 179 181 180 184 183 174 175 182 179 183
187 179 158 166 164 172 174 169 173 172 170 177.
179 176 184 186 190 184 188 189 188 194 196 190
196 203 201 205 204 202 192 197 206 196 201 195.
208 206 208 206 193 198 196 187 187 180 186 176
176 177 180 178 176 161 167 162 172 170 169 168.
171 176 169 168 169 166 168 171 168 169 168 173
185 186 193 196 191 195 199 204 189 174 181 187.
186 188 178 187 181 187 181 185 183 186 199 198
193 195 193 205 187 194 198 206 212 212 209 215.
213 224 222 213 218 219 211 220 218 224 226 226
233 237 231 224 229 232 235 240 237 241 248 240.
248 249 248 248 248 243 242 240 237 230 243 244
246 254 250 254 258 241 253 247 255 257 260 272.
265 271 278 265 270 273 270 262 254 248 233 256
243 229 218 233 236 241 245 242 212 240 200 202.
205 188 185 176 169 178 172 181 183 183 175 182
178 178 169 175 173 177 154 170 148 144 136 147.
166 168 162 161 157 152 151 148 150 147 149 157
152 161 154 161 161 160 163 161 162 169 163 157.
167 171 171 165 161 157 157 155 155 160 169 165
166 176 161 139 148 165 178 174 203 207 200 197.
198 189 195 199 186 183 190 189 179 179 190 182
185 173 179 151 156 169 198 181 188 212 207 219.
223 216 213 219 218 212 214 192 200 204 213 201
198 185 183 194 185 197 212 223 270 269 261 246.
225 217 224 217 211 204 210 214 213 211 211 205
227 210 222 235 211 210 218 225 228 231 226 235=
UB
60 60 69 74 76 80 85 84 87 89 84 78
66 59 55 46 42 40 38 37 40 42 46 52 36 1557.
51 58 63 69 69 69 64 54 57 56 46 44
48 62 61 45 35 36 41 40 44 46 52 56 31 1251.
63 68 72 71 75 75 78 75 81 79 79 72
66 61 51 48 58 52 60 63 73 81 87 80 44 1145.
87 90 87 87 92 93 93 91 95 95 92 94
88 85 79 68 64 37 24 32 38 38 38 46 23 1445.
52 66 69 74 83 87 80 84 86 87 81 75
67 55 54 40 41 31 24 29 35 39 44 51 22 1516.
51 61 67 71 78 73 78 82 82 85 83 71
61 53 39 34 34 31 31 30 32 34 35 38 29 1601.
42 52 59 64 63 73 75 75 76 79 70 66
56 47 38 32 27 31 29 29 29 33 38 47 25 1245.
49 57 59 65 69 69 74 72 76 79 75 71
63 58 54 52 49 52 47 46 51 49 56 59 42 1619.
59 65 69 73 74 72 82 80 92 93 94 91
94 94 92 95 92 88 94 95 95 95 92 92 58 2007.
94 94 90 93 93 94 94 92 96 96 93 96
93 92 95 95 92 90 89 88 92 94 94 83 83 1549.
85 83 86 87 86 86 92 93 93 92 93 91
87 75 66 52 46 43 46 44 46 46 49 54 41 1327.
57 66 73 78 76 83 86 89 86 86 84 75
68 64 59 53 53 54 55 56 53 54 51 53 47 1928.
72 72 76 83 79 82 78 86 84 88 82 75
81 85 85 87 83 76 68 66 65 74 75 82 53 2001.
85 85 87 88 90 90 90 90 90 92 90 82
68 71 81 88 90 90 87 83 84 83 86 80 64 0907.
48 54 53 67 82 80 81 79 85 89 84 79
69 55 45 37 27 24 25 27 28 32 33 36 23 1333.
40 53 55 59 61 67 65 66 67 69 67 72
66 65 62 61 57 54 56 59 62 59 61 68 35 2012.
70 71 74 69 74 75 72 81 80 84 83 83
81 81 80 76 74 74 73 69 70 73 75 77 64 2122.
77 75 81 83 84 87 88 84 85 88 84 82
79 70 55 54 51 50 50 50 51 52 53 59 46 1404.
62 63 68 74 79 80 85 87 87 91 91 84
81 82 77 73 64 55 53 56 60 58 62 65 51 1408.
76 81 84 87 85 90 92 90 93 91 90 75
63 52 49 48 47 44 48 48 52 55 55 57 42 1405.
65 72 73 74 77 78 79 79 78 78 76 78
89 88 92 91 89 89 90 93 89 85 89 92 55 2005.
92 93 88 92 89 92 90 93 94 95 94 81
77 72 67 66 57 56 59 62 62 65 66 70 53 1334.
72 78 79 78 82 85 83 87 87 90 93 88
84 83 77 73 74 77 76 85 88 90 94 92 68 2003.
95 96 96 96 96 96 96 96 96 93 96 94
86 84 77 78 74 68 69 63 67 70 73 81 62 1609.
89 92 95 91 94 95 95 94 91 90 83 91
85 79 73 74 72 73 77 77 69 79 73 79 68 1123.
79 73 73 68 66 72 71 75 78 77 73 72
61 60 59 60 57 60 51 55 48 47 46 53 42 1719.
63 68 68 70 70 69 70 68 69 64 62 56
46 47 42 42 42 45 43 42 43 46 48 49 39 1215.
55 59 63 62 61 61 61 59 62 63 66 56
48 46 38 30 30 35 41 41 53 56 57 59 25 1310.
61 62 66 69 65 66 70 72 69 69 72 64
59 50 48 37 36 39 45 43 45 55 55 61 33 1305.
67 69 70 74 77 77 81 74 79 83 81 67
60 50 45 45 41 41 50 54 77 81 86 86 37 1306.
85 83 87 83 81 78 81 82 84 85 82 74
76 67 69 75 65 63 64 67 67 70 69 73 60 1427=
N=
H=
C=
V=
R6
0000 0000 0000
0000 0000 0000
0000 0014 0014
0026 0000 0026
0000 0000 0000
0000 0000 0000
0000 0000 0000
0000 0000 0000
0011 0150 0161
0037 0101 0138
0005 0000 0005
0000 0000 0000
0000 0024 0024
0000 0031 0031
0000 0000 0000
0000 0000 0000
0000 0000 0000
0000 0000 0000
0003 0000 0003
0000 0000 0000
0000 0186 0186
0000 0000 0000
0007 0012 0019
0019 0000 0019
0020 0002 0022
0000 0001 0001
0000 0000 0000
0000 0000 0000
0000 0000 0000
0000 0017 0017
0009 0000 0009=
0000 0000 0000 0000 0000 0000 0000 0000 0000 0000 0000 0000
0000 0000 0000 0000 0000 0000 0000 0000 0000 0000 0000 0000.
0000 0000 0000 0000 0000 0000 0000 0000 0000 0000 0000 0000
0000 0000 0000 0000 0000 0000 0000 0000 0000 0000 0000 0000.
0000 0000 0000 0000 0000 0000 0000 0000 0000 0000 0000 0000
0000 0000 0000 0000 0002 0000 0001 0003 0003 0005 0000 0000.
0006 0002 0006 0004 0001 0005 0002 0000 0000 0000 0000 0000
0000 0000 0000 0000 0000 0000 0000 0000 0000 0000 0000 0000.
0000 0000 0000 0000 0000 0000 0000 0000 0000 0000 0000 0000
0000 0000 0000 0000 0000 0000 0000 0000 0000 0000 0000 0000.
0000 0000 0000 0000 0000 0000 0000 0000 0000 0000 0000 0000
0000 0000 0000 0000 0000 0000 0000 0000 0000 0000 0000 0000.
0000 0000 0000 0000 0000 0000 0000 0000 0000 0000 0000 0000
0000 0000 0000 0000 0000 0000 0000 0000 0000 0000 0000 0000.
0000 0000 0000 0000 0000 0000 0000 0000 0000 0000 0000 0000
0000 0000 0000 0000 0000 0000 0000 0000 0000 0000 0000 0000.
0000 0000 0000 0001 0000 0000 0000 0000 0006 0003 0000 0001
0002 0022 0019 0011 0001 0002 0020 0006 0018 0029 0009 0011.
0002 0000 0000 0000 0003 0000 0001 0007 0006 0012 0005 0001
0000 0000 0003 0013 0007 0005 0004 0000 0012 0032 0023 0002.
0000 0000 0000 0000 0000 0000 0002 0001 0002 0000 0000 0000
0000 0000 0000 0000 0000 0000 0000 0000 0000 0000 0000 0000.
0000 0000 0000 0000 0000 0000 0000 0000 0000 0000 0000 0000
0000 0000 0000 0000 0000 0000 0000 0000 0000 0000 0000 0000.
0000 0000 0000 0000 0000 0000 0000 0000 0000 0000 0000 0000
0000 0008 0002 0012 0002 0000 0000 0000 0000 0000 0000 0000.
0000 0000 0000 0000 0000 0000 0000 0000 0000 0000 0000 0000
0000 0000 0013 0007 0009 0001 0001 0000 0000 0000 0000 0000.
0000 0000 0000 0000 0000 0000 0000 0000 0000 0000 0000 0000
0000 0000 0000 0000 0000 0000 0000 0000 0000 0000 0000 0000.
0000 0000 0000 0000 0000 0000 0000 0000 0000 0000 0000 0000
0000 0000 0000 0000 0000 0000 0000 0000 0000 0000 0000 0000.
0000 0000 0000 0000 0000 0000 0000 0000 0000 0000 0000 0000
0000 0000 0000 0000 0000 0000 0000 0000 0000 0000 0000 0000.
0000 0000 0000 0000 0000 0000 0000 0000 0000 0000 0000 0000
0000 0000 0000 0000 0000 0000 0000 0000 0000 0000 0000 0000.
0000 0000 0000 0000 0000 0000 0000 0000 0000 0003 0000 0000
0000 0000 0000 0000 0000 0000 0000 0000 0000 0000 0000 0000.
0000 0000 0000 0000 0000 0000 0000 0000 0000 0000 0000 0000
0000 0000 0000 0000 0000 0000 0000 0000 0000 0000 0000 0000.
0000 0000 0000 0000 0000 0000 0000 0000 0000 0000 0000 0000
0024 0026 0012 0008 0038 0004 0022 0015 0021 0007 0009 0000.
0000 0000 0000 0000 0000 0000 0000 0000 0000 0000 0000 0000
0000 0000 0000 0000 0000 0000 0000 0000 0000 0000 0000 0000.
0000 0000 0000 0000 0000 0000 0000 0000 0001 0001 0005 0000
0000 0000 0000 0000 0000 0000 0000 0000 0000 0002 0001 0009.
0003 0004 0008 0004 0000 0000 0000 0000 0000 0000 0000 0000
0000 0000 0000 0000 0000 0000 0000 0000 0000 0000 0000 0000.
0006 0005 0000 0001 0000 0000 0000 0000 0000 0008 0000 0000
0000 0000 0000 0000 0000 0000 0000 0000 0000 0000 0001 0001.
0000 0000 0000 0000 0000 0000 0000 0000 0000 0000 0000 0000
0000 0000 0000 0001 0000 0000 0000 0000 0000 0000 0000 0000.
0000 0000 0000 0000 0000 0000 0000 0000 0000 0000 0000 0000
0000 0000 0000 0000 0000 0000 0000 0000 0000 0000 0000 0000.
0000 0000 0000 0000 0000 0000 0000 0000 0000 0000 0000 0000
0000 0000 0000 0000 0000 0000 0000 0000 0000 0000 0000 0000.
0000 0000 0000 0000 0000 0000 0000 0000 0000 0000 0000 0000
0000 0000 0000 0000 0000 0000 0000 0000 0000 0000 0000 0000.
0000 0000 0000 0000 0000 0000 0000 0000 0000 0000 0000 0000
0000 0000 0000 0000 0000 0000 0000 0000 0006 0004 0002 0005.
0009 0000 0000 0000 0000 0000 0000 0000 0000 0000 0000 0000
0000 0000 0000 0000 0000 0000 0000 0000 0000 0000 0000 0000=
0000 ////////// 00000=
W=
LA
=
001 002 001 001 001 001 001 000 001 001 001 001
001 001 002 001 002 004 004 004 003 004 003 002 043.
002 001 002 001 001 001 001 002 001 004 000 002
002 001 000 001 001 002 002 002 002 001 000 002 034.
000 001 001 001 000 000 002 001 000 001 001 000
002 000 002 001 000 000 000 000 001 000 000 001 015.
002 000 001 001 001 001 000 001 000 001 001 000
000 001 000 001 001 001 002 003 002 002 002 001 025.
000 001 001 003 000 002 000 000 002 000 001 000
002 000 002 001 002 001 003 003 003 003 002 002 034.
000 001 001 001 000 001 001 001 000 001 000 001
002 001 002 002 003 002 004 003 002 004 001 002 036.
001 001 000 002 001 000 001 002 000 001 000 002
001 002 001 001 001 002 004 003 005 004 002 002 039.
001 002 000 002 001 001 002 000 001 000 001 000
002 000 002 001 002 001 003 003 002 003 003 001 034.
002 002 000 001 000 002 000 001 000 002 000 002
000 000 001 000 000 000 001 000 000 002 001 000 017.
001 000 001 000 001 000 001 000 002 001 000 000
001 000 000 000 000 001 000 000 000 002 000 001 012.
001 001 001 001 000 000 001 001 000 000 001 000
001 001 001 002 001 003 004 003 004 004 002 003 036.
001 001 001 000 002 001 000 002 000 001 000 001
001 001 001 000 003 000 002 001 001 001 001 002 024.
000 001 001 001 001 001 000 002 000 000 002 000
001 000 000 000 001 000 002 000 001 000 002 000 016.
000 000 001 001 000 000 001 000 000 000 000 002
000 000 001 001 000 000 000 000 000 001 000 001 009.
002 001 002 001 000 000 001 001 001 000 001 001
000 000 003 002 000 004 003 003 004 004 003 001 038.
002 001 003 001 001 001 001 001 001 001 000 002
001 001 000 001 001 001 002 001 002 000 001 002 028.
000 001 002 000 001 001 000 000 000 002 000 000
000 001 000 001 001 000 001 000 001 001 001 001 015.
000 001 000 000 000 000 001 000 001 000 000 001
001 000 002 003 002 002 002 003 002 002 002 002 027.
000 001 001 001 001 000 001 001 000 001 001 000
001 000 000 001 000 001 004 002 001 002 001 001 022.
001 001 000 002 001 001 000 001 000 002 000 000
002 001 002 001 000 002 002 001 002 001 002 000 025.
002 001 001 000 001 001 001 001 001 000 001 000
004 001 002 000 001 002 001 000 001 000 002 000 024.
001 001 000 000 001 000 000 001 000 001 000 001
000 000 001 001 001 003 000 002 002 001 001 001 019.
001 001 000 001 001 001 000 000 000 000 002 000
000 001 000 001 000 001 001 000 000 001 000 000 012.
002 000 001 001 000 000 000 001 000 000 000 000
001 000 001 001 000 001 000 002 000 002 000 000 013.
001 000 000 002 000 000 001 000 000 000 001 000
001 000 000 002 000 000 001 000 001 001 001 001 013.
001 002 001 001 001 000 002 001 001 000 001 001
001 001 002 000 002 000 001 001 002 001 002 001 026.
001 001 000 001 001 002 001 001 001 002 001 001
002 002 001 002 002 002 003 001 001 003 001 002 035.
001 001 003 001 001 001 002 001 000 002 001 000
002 002 001 002 000 001 002 003 001 003 001 002 034.
000 002 001 000 001 001 000 002 000 001 001 001
000 002 001 001 002 001 002 004 002 004 002 001 032.
000 001 001 001 000 002 000 001 001 001 000 002
001 002 000 003 003 002 005 006 002 001 001 001 037.
002 003 001 001 001 002 002 000 001 001 001 000
002 000 002 001 000 002 001 004 001 001 001 000 030=
Z=
G=
FN
062011 050012 344013 327013 339009 309007
341008 072007 343007 PPC001 297003 352014
347013 264012 157013 147019 110018 130032
127039 132028 108023 085027 085030 081017.
047012 350011 328018 355010 342010 350011
077008 010006 046019 020016 329014 333021
287006 290008 049008 054011 160014 166010
176007 208010 211011 224013 306009 358006.
020011 021009 243010 308007 352010 357008
306005 233009 316008 209007 300005 228009
244011 290008 314005 173009 190010 105012
091014 355009 008006 232010 231008 248011.
275013 261013 261012 238006 112003 259007
292007 214007 194006 267009 272008 279014
296008 311008 261012 264006 149016 082014
219009 138025 160021 158022 165012 153007.
341010 331012 323007 014008 336006 341008
038007 229006 269007 309006 239007 299008
217006 093013 152010 100015 088015 146019
127024 127038 127028 134019 141019 077011.
064013 337017 271008 279008 330012 225007
322013 211006 316010 258004 264007 PPC001
238008 153013 151016 135034 123027 075022
153029 103030 098031 116016 126010 021007.
056007 007016 012009 348008 359008 314008
346009 164008 360006 355016 328008 334012
264009 238014 190016 121018 166015 165022
158037 130031 141029 142029 103012 064014.
039008 325016 329010 333007 281012 358008
017015 339012 012006 325017 253004 306003
005006 256012 092015 129017 107024 227024
137023 142027 164021 136026 129018 087009.
097012 052007 059011 070010 110007 096017
151036 142024 134019 102008 103009 234004
073009 025007 025008 045016 065018 008010
059011 327009 000009 014007 046009 124007.
174009 081009 084007 291005 165009 179009
171018 177011 194010 161009 179011 229006
231010 189010 155013 195009 185004 227006
119009 152008 159008 131011 050024 145012.
108018 133010 173014 085008 163007 102007
157008 085012 064003 069013 357004 243005
107005 165012 198020 146022 154030 165025
165033 137028 160030 147027 160018 135017.
140006 319009 352009 338007 347012 282005
254008 360005 269011 PPC001 241006 338015
182008 214013 266006 130015 098018 042007
217008 349013 231004 103004 117008 209009.
333015 333014 061003 004013 340009 346008
325011 323007 010009 353008 004005 325013
195005 337008 PPC002 043006 157007 082012
085015 018006 074010 024009 360008 318004.
154007 066003 091005 341014 224007 083003
PPC001 030004 224003 PPC000 272010 285011
006006 323009 250008 176026 323015 330023
267011 290015 293012 302011 341007 041017.
019027 089016 321008 317014 343013 350009
089008 275006 267009 091004 355010 298006
324011 336007 240018 085011 069009 205021
178027 185014 166024 162016 169018 149007.
142005 359010 330012 348009 317009 318008
283012 351007 320009 324012 079006 343003
020008 PPC002 026012 271008 002008 278010
345010 308011 343017 042006 133009 155014.
159009 165018 186017 140019 156011 343006
128006 220005 268004 296005 224007 002007
343008 295008 238009 191012 115013 130016
100011 027005 182008 149006 134013 164012.
147005 066004 193005 238004 263005 PPC001
PPC002 322006 315007 PPC000 274005 345016
236013 328011 166022 169021 188017 056014
344013 179025 177010 128013 115016 148024.
107014 102007 017006 310009 328008 001009
231006 295010 298010 025003 350007 352008
353011 085004 294007 008008 315010 288015
195021 059016 082017 057009 113011 063004.
002018 342013 290010 058008 323017 324004
301005 353007 341008 326012 001013 346015
344013 204009 286006 235006 262011 271018
270007 241011 303010 322009 244009 287011.
321014 343006 000005 356009 012006 328011
345009 349008 064006 002012 002006 281011
306010 340012 347005 015005 062009 216005
020009 056010 178013 170008 PPC002 232008.
280006 255012 298014 322004 243008 333006
316009 263009 300008 103010 270011 250008
264008 192012 245016 251010 273018 354021
174016 136022 175010 147014 PPC002 211006.
297010 284008 282009 357006 042006 337007
286006 007006 325008 262007 341012 266005
259010 234005 PPC001 183009 166016 166011
304003 284015 277021 266006 292007 281011.
230012 302008 296005 335007 252007 263011
293006 213012 311006 287004 256005 265011
033004 075012 058009 170014 231007 PPC001
299014 326006 109012 192008 119010 065011.
012007 278007 307015 250011 021006 338007
263010 319013 279020 261012 272015 270009
269010 244013 282015 238011 291013 269010
250010 016009 307008 287018 273025 285028.
279029 274033 292024 292024 290009 301011
283018 313008 290010 271014 329009 277018
280008 293008 283019 285015 260024 300011
258023 274022 263019 273011 272008 275011.
272010 319008 323013 285010 327012 329017
309015 306014 310015 287023 287020 270011
277027 282016 284024 280015 291018 324016
311016 278017 267016 308011 294014 308013.
287013 258012 319013 294014 311018 291014
292017 305013 305014 314017 277012 281021
272020 306015 275009 335005 264015 318010
335014 277014 245010 295014 256009 280012.
265007 348019 326005 286009 284013 034010
PPC001 304009 287010 286007 211006 271006
269011 234013 281007 167014 192011 185015
183018 163017 151026 129022 110011 050005.
188008 332011 278006 245011 281011 229012
007009 237006 339013 336005 318008 337009
285011 146010 140011 153028 199027 187030
172029 180029 072011 261012 265012 272021.
269008 248011 285010 278013 274014 277010
285021 262009 284009 264018 316010 180008
058011 206003 181004 094019 083014 086010
174012 087011 053007 149008 340005 190004=
072013 057011 341014 328010 341011 324005
332006 079008 345008 062004 302005 351012
311008 234011 153014 157025 138025 122034
129037 136030 126019 081020 073023 084017.
069012 355007 332014 002009 324009 309011
153010 023007 029020 029017 341010 335018
270009 273012 048008 039010 153008 194013
181012 210008 218014 214011 326008 349006.
007009 000008 255010 271005 313008 357009
267007 243007 279007 225007 285007 241010
245010 272007 316006 173009 201008 117012
097013 008009 356009 244009 281007 255011.
275011 261011 263010 235005 PPC001 287007
263008 050004 219009 266010 252009 285010
296009 298006 220011 289007 145014 078015
167009 151021 155021 154026 162016 144007.
337010 343015 354007 020009 316006 347007
004008 243004 259008 296006 251010 311008
185006 098010 186012 131011 124014 127020
115025 127038 119030 135024 138020 074012.
066015 331015 290010 301009 338015 276004
325012 118003 329010 259005 244007 173005
288006 170013 177018 143029 139032 100021
159026 113021 105021 103016 139011 062010.
067009 007015 014008 353010 347010 331009
343009 181006 020008 004009 015007 334009
293008 226010 219016 140014 181013 156019
159035 143029 139027 142027 116016 061012.
053010 322016 320009 330007 309017 016006
012013 350009 005007 333017 252005 166006
298008 230012 115010 152015 110019 172021
129026 144022 154022 135026 135018 096013.
119010 073010 056008 071008 113007 093014
153035 141027 111016 076012 076008 200003
075008 042008 052009 048014 060018 360007
065012 340009 346008 019008 041008 109009.
128009 075010 115010 145008 151012 174007
178014 184012 187009 170010 185012 249007
227010 198008 159012 181009 160005 237009
141010 174007 155009 145010 064020 148013.
103019 114010 170015 091007 156008 096005
170010 094012 074010 085012 046003 323006
052007 269009 156013 139016 149025 170028
172029 135031 171028 155032 153019 143015.
154007 352009 337010 346005 343013 322007
246006 343009 285007 281005 304006 019009
219009 219016 269010 190011 089015 129009
151006 300008 284006 138008 103008 178010.
336014 338010 005008 351009 337010 339009
335011 351006 360008 331004 005006 329014
301007 308008 042003 062005 169006 095009
079010 020009 087011 032009 357007 037007.
163008 147005 050005 354010 253005 044005
028004 026005 300003 321003 331010 274009
351010 326006 238008 198022 334012 321015
259008 283014 276017 320012 337009 036016.
022023 089015 304007 300011 341012 354009
048005 197007 239006 035005 336006 286009
289013 319011 258014 045008 137014 195014
222016 185020 155023 162018 158020 167009.
PPC001 343009 327011 358007 326012 311008
276014 345007 326008 347011 006008 002003
003009 087004 004009 262006 261006 264011
326009 324009 344014 070007 097009 134019.
141004 159015 181017 145017 155010 354003
135006 196005 PPC002 313008 231007 358006
351005 290006 247008 185011 133015 131017
107012 356006 189006 153007 136011 163013.
154006 PPC001 201007 242005 255006 299005
262004 319006 321008 PPC002 300006 359012
225012 288009 179022 175025 167019 167016
347011 187020 171013 151016 116012 151020.
109012 PPC002 013007 308008 293006 018008
320007 301011 264010 015007 344007 338008
359010 044005 268006 346008 315009 263010
194022 067014 092018 071012 124009 107005.
006018 329014 310010 354009 321012 357005
299006 336007 349008 301008 356012 345015
342012 341009 288010 236009 259009 260019
315015 287011 294014 314008 247007 283014.
316012 339004 025008 003012 346007 336012
335010 004007 093005 017010 314006 277014
298009 284008 346004 029003 004004 158006
030007 048009 176018 160010 PPC001 246006.
305009 255011 301012 316003 242008 315007
338007 269007 324009 098010 259009 298010
236008 212012 243015 228011 290016 345022
168015 133022 161011 162012 199004 221007.
296008 281010 275008 352009 037007 323007
325007 023005 336009 257008 332011 215007
272008 243006 180004 130009 166014 156011
335004 268015 271015 266007 292008 276007.
219008 285010 271007 321006 301003 295005
238006 207010 312007 278005 270005 232011
266004 047012 038011 165016 203006 222005
313015 282007 107014 174008 111007 056009.
356012 299009 293014 266012 354008 357006
273008 313011 278015 270018 277015 318017
290010 249012 295014 279011 295011 280009
272010 354009 316012 292013 278033 280028.
278025 278028 284015 289023 288011 288015
280017 283017 288011 268012 313010 275022
293013 278012 280015 283015 271025 297014
261021 275021 268019 246011 257011 282009.
266011 307008 315011 302011 325013 308012
306014 303015 292019 287022 284025 269018
279027 288017 286028 296019 284023 332019
303015 284016 285012 292011 292014 318013.
286014 273016 306013 297017 300018 285017
291018 289017 298014 301015 299011 279020
293013 267014 254012 330007 301012 342010
335014 273009 238011 290011 248011 290011.
270007 359015 307007 288009 289011 356008
PPC002 290010 270008 293007 209003 272008
268008 260012 257010 201013 226012 166016
172023 161022 130020 134023 108017 068008.
190009 319011 286007 243008 287008 234011
002008 318006 321010 327008 326007 329010
288012 217008 119014 157023 182025 162025
176029 185023 082009 243011 245014 275025.
237010 241010 282010 279013 271019 279011
289020 267008 289008 257015 320010 215009
074012 092007 119013 116019 088017 075016
132009 106011 084008 180009 344004 190005=
040138 1519 055125 1511
025027 0525 037026 0522
019154 1316 026147 1314
032158 1751 043164 1743
042128 1604 059150 1558
036131 1206 055125 1201
038157 1505 050136 1538
034131 1753 047125 1735
036146 0306 055142 0258
028057 1922 042079 1914
039150 1740 056147 1734
020130 1215 026139 1229
017339 0241 028332 2213
022198 1200 033196 1156
028178 1544 043040 2027
026137 1943 038147 1939
021132 2011 036139 2009
027173 1155 044167 1158
026180 1430 040170 1443
022273 1409 032238 1351
018173 1659 028286 0831
025123 1530 036337 1347
017276 1643 027139 1247
019166 1628 027164 1148
035279 1857 056312 1937
033278 2206 046283 2205
032281 1037 045275 1036
022282 2317 031286 2036
031136 1717 045125 1712
034174 1230 045170 1431
032278 2014 042298 2007=
DB
0218 0207 0195 0185 0178 0170 0164 0159 0154 0150 0183 0242
0313 0382 0426 0476 0500 0498 0465 0433 0362 0322 0279 0250 0508 1331 0149 0551.
0239 0222 0213 0213 0212 0211 0209 0206 0200 0195 0196 0200
0212 0221 0236 0233 0237 0273 0223 0223 0230 0205 0191 0180 0275 1356 0180 1957.
0174 0168 0167 0165 0155 0147 0149 0138 0143 0135 0161 0206
0215 0273 0292 0249 0213 0211 0196 0183 0176 0180 0166 0158 0313 1119 0135 0556.
0154 0151 0149 0149 0149 0148 0146 0148 0145 0144 0148 0154
0170 0208 0234 0290 0283 0256 0250 0232 0239 0202 0170 0150 0294 1249 0144 0536.
0132 0121 0116 0112 0105 0098 0095 0094 0091 0096 0121 0163
0205 0247 0285 0312 0305 0376 0389 0358 0299 0266 0203 0173 0414 1437 0090 0508.
0163 0146 0136 0127 0123 0116 0114 0117 0108 0104 0164 0242
0300 0371 0422 0436 0451 0362 0320 0423 0364 0281 0240 0220 0500 1248 0103 0534.
0209 0196 0178 0164 0156 0148 0143 0138 0131 0131 0182 0268
0343 0374 0450 0465 0448 0469 0444 0441 0409 0317 0270 0231 0524 1329 0128 0529.
0217 0204 0193 0185 0181 0172 0169 0164 0162 0164 0196 0240
0297 0334 0405 0429 0464 0465 0461 0439 0330 0284 0264 0251 0502 1325 0160 0436.
0243 0239 0234 0225 0222 0219 0209 0207 0198 0200 0206 0211
0207 0209 0215 0223 0241 0222 0217 0217 0211 0208 0205 0202 0256 1225 0196 0427.
0201 0201 0199 0196 0195 0195 0193 0192 0192 0191 0193 0197
0203 0208 0214 0219 0240 0237 0246 0226 0212 0204 0198 0189 0246 1458 0187 1941.
0184 0183 0180 0179 0177 0176 0174 0172 0171 0168 0178 0191
0221 0300 0331 0364 0369 0371 0359 0341 0288 0250 0215 0202 0372 1240 0167 0551.
0199 0194 0181 0177 0172 0165 0161 0162 0160 0158 0181 0257
0273 0257 0279 0360 0327 0318 0280 0315 0303 0280 0240 0220 0394 1326 0155 0532.
0208 0209 0197 0181 0185 0184 0169 0166 0162 0164 0184 0201
0188 0196 0225 0214 0223 0286 0295 0254 0229 0212 0206 0200 0310 1427 0160 0510.
0194 0191 0191 0187 0187 0186 0185 0185 0184 0184 0201 0256
0292 0230 0241 0224 0235 0244 0228 0222 0222 0218 0207 0197 0307 0922 0183 0532.
0176 0177 0175 0174 0171 0165 0166 0164 0150 0156 0172 0196
0240 0285 0307 0308 0372 0384 0388 0334 0286 0254 0228 0214 0397 1514 0150 0456.
0209 0203 0195 0192 0186 0184 0179 0179 0178 0175 0181 0192
0205 0211 0254 0243 0257 0234 0226 0218 0207 0200 0194 0187 0260 1103 0175 0600.
0186 0182 0179 0176 0176 0177 0175 0175 0176 0175 0179 0185
0193 0194 0198 0214 0228 0238 0233 0219 0213 0208 0196 0188 0253 1422 0174 0312.
0187 0185 0184 0182 0180 0179 0176 0176 0176 0176 0191 0214
0238 0275 0344 0390 0421 0434 0406 0384 0361 0299 0255 0232 0449 1356 0175 0304.
0229 0226 0217 0199 0191 0184 0178 0180 0183 0185 0200 0222
0232 0248 0255 0287 0359 0424 0391 0306 0345 0303 0252 0226 0434 1352 0176 0309.
0216 0205 0196 0187 0182 0174 0164 0157 0150 0149 0200 0269
0337 0394 0372 0339 0340 0341 0307 0286 0266 0250 0246 0223 0430 1023 0145 0527.
0197 0185 0181 0186 0176 0171 0180 0184 0184 0184 0186 0184
0189 0200 0206 0207 0210 0213 0213 0209 0205 0196 0193 0189 0222 2001 0170 0202.
0185 0184 0182 0182 0182 0180 0178 0172 0166 0166 0196 0253
0250 0285 0310 0324 0337 0329 0292 0297 0289 0265 0246 0237 0390 1339 0165 0507.
0230 0225 0221 0217 0215 0208 0207 0208 0206 0208 0211 0235
0259 0259 0269 0270 0273 0250 0254 0238 0229 0228 0224 0221 0308 1235 0205 0218.
0220 0219 0217 0217 0216 0210 0212 0212 0210 0211 0219 0241
0266 0271 0313 0297 0303 0295 0321 0326 0300 0272 0261 0253 0350 1524 0209 0153.
0244 0241 0237 0235 0233 0232 0229 0227 0225 0223 0226 0241
0243 0243 0250 0261 0272 0271 0255 0252 0243 0240 0219 0210 0282 1336 0210 2000.
0208 0203 0201 0197 0198 0195 0193 0192 0192 0193 0198 0218
0256 0255 0233 0261 0257 0248 0245 0267 0251 0243 0223 0207 0278 1223 0191 0438.
0199 0189 0184 0176 0168 0162 0157 0155 0154 0155 0176 0229
0291 0289 0312 0320 0325 0278 0305 0300 0288 0267 0237 0219 0343 1209 0152 0508.
0207 0194 0186 0180 0178 0172 0176 0178 0170 0173 0195 0247
0311 0360 0350 0368 0428 0356 0339 0313 0290 0278 0258 0241 0428 1300 0169 0514.
0234 0228 0225 0221 0217 0213 0210 0207 0204 0205 0216 0249
0290 0320 0351 0394 0409 0409 0446 0385 0350 0302 0277 0258 0458 1457 0202 0527.
0239 0238 0235 0229 0221 0215 0209 0209 0203 0195 0226 0295
0335 0390 0450 0465 0470 0517 0359 0326 0280 0270 0258 0240 0532 1322 0194 0548.
0233 0232 0228 0223 0221 0219 0214 0215 0209 0207 0226 0264
0271 0281 0321 0294 0303 0313 0305 0283 0281 0262 0255 0246 0339 1440 0206 0522=
0252 0241 0232 0223 0215 0209 0202 0197 0192 0187 0185 0193
0211 0236 0266 0293 0317 0333 0336 0333 0323 0309 0295 0278.
0266 0255 0246 0238 0233 0230 0227 0223 0220 0216 0213 0211
0211 0212 0215 0218 0221 0223 0224 0220 0219 0217 0212 0206.
0200 0196 0192 0189 0187 0181 0178 0175 0172 0170 0169 0176
0185 0196 0211 0223 0218 0211 0206 0202 0198 0194 0191 0186.
0181 0178 0175 0173 0171 0169 0167 0166 0165 0163 0162 0163
0166 0173 0187 0204 0219 0221 0217 0214 0210 0207 0197 0187.
0177 0168 0160 0154 0149 0144 0139 0135 0133 0130 0132 0140
0155 0173 0192 0207 0219 0231 0255 0261 0260 0247 0231 0215.
0202 0192 0182 0174 0168 0162 0157 0153 0151 0146 0145 0157
0179 0209 0241 0271 0296 0298 0286 0285 0287 0279 0262 0247.
0235 0226 0217 0208 0200 0193 0186 0181 0176 0171 0169 0179
0201 0229 0255 0281 0303 0317 0319 0320 0315 0303 0286 0269.
0254 0243 0233 0225 0218 0212 0206 0201 0197 0194 0193 0200
0212 0227 0251 0278 0292 0310 0319 0320 0312 0294 0279 0268.
0259 0252 0247 0243 0239 0234 0230 0227 0223 0220 0219 0219
0219 0218 0219 0220 0228 0229 0225 0223 0221 0217 0215 0213.
0211 0210 0209 0207 0206 0204 0204 0202 0201 0200 0200 0200
0202 0204 0207 0211 0217 0223 0226 0226 0222 0216 0212 0206.
0202 0199 0196 0194 0192 0190 0189 0187 0186 0184 0183 0186
0193 0215 0241 0263 0278 0287 0287 0287 0278 0265 0249 0235.
0226 0220 0214 0207 0202 0197 0192 0189 0186 0183 0184 0192
0204 0219 0227 0242 0260 0268 0266 0258 0262 0259 0252 0242.
0233 0226 0222 0214 0208 0206 0201 0195 0191 0188 0190 0193
0196 0197 0201 0208 0210 0219 0236 0238 0232 0224 0219 0214.
0210 0206 0203 0201 0199 0198 0196 0195 0195 0194 0194 0202
0218 0229 0227 0224 0224 0226 0226 0223 0222 0221 0217 0212.
0204 0197 0194 0192 0189 0187 0183 0182 0179 0175 0175 0181
0193 0214 0230 0243 0262 0277 0288 0292 0278 0265 0251 0239.
0230 0225 0219 0213 0209 0205 0202 0199 0197 0195 0193 0193
0199 0202 0208 0216 0219 0224 0221 0218 0215 0210 0207 0203.
0199 0197 0194 0192 0190 0189 0189 0188 0187 0186 0186 0187
0190 0192 0193 0195 0201 0207 0213 0212 0209 0207 0205 0200.
0197 0196 0194 0193 0191 0190 0188 0187 0186 0185 0186 0191
0198 0210 0234 0258 0279 0293 0303 0300 0297 0288 0273 0257.
0247 0240 0235 0228 0221 0215 0209 0205 0203 0202 0201 0206
0211 0215 0222 0230 0251 0278 0293 0287 0278 0275 0265 0253.
0242 0234 0226 0220 0214 0209 0203 0197 0192 0186 0186 0197
0215 0240 0267 0271 0269 0268 0268 0264 0258 0251 0246 0240.
0231 0222 0215 0211 0207 0202 0199 0199 0199 0198 0198 0198
0198 0199 0203 0206 0206 0210 0211 0211 0210 0207 0204 0202.
0199 0197 0195 0193 0193 0191 0191 0189 0186 0183 0183 0196
0212 0222 0239 0254 0266 0285 0276 0272 0268 0262 0254 0247.
0241 0236 0232 0228 0225 0222 0219 0217 0216 0215 0214 0217
0226 0234 0239 0245 0250 0247 0246 0242 0237 0234 0231 0228.
0226 0225 0223 0222 0221 0219 0218 0217 0216 0215 0216 0220
0230 0240 0247 0263 0264 0270 0269 0281 0281 0273 0265 0259.
0254 0249 0245 0242 0240 0238 0236 0234 0232 0231 0229 0232
0234 0236 0237 0241 0246 0252 0250 0248 0246 0243 0238 0231.
0225 0221 0217 0214 0212 0210 0208 0206 0205 0204 0204 0208
0219 0227 0228 0230 0237 0237 0237 0239 0241 0239 0234 0227.
0219 0214 0209 0204 0199 0193 0188 0184 0181 0178 0179 0187
0206 0228 0243 0253 0260 0260 0259 0262 0261 0258 0250 0240.
0231 0223 0216 0210 0204 0200 0197 0196 0193 0191 0191 0199
0217 0241 0269 0282 0288 0295 0288 0285 0278 0272 0265 0256.
0249 0243 0239 0235 0232 0229 0226 0223 0220 0218 0218 0222
0232 0247 0263 0279 0290 0300 0309 0311 0309 0299 0286 0275.
0266 0257 0252 0247 0243 0238 0233 0230 0227 0222 0221 0227
0242 0262 0287 0312 0333 0347 0339 0323 0305 0291 0281 0272.
0262 0256 0251 0247 0243 0239 0236 0233 0231 0227 0228 0233
0243 0250 0261 0264 0266 0267 0273 0272 0268 0264 0259 0255=
0257 0249 0241 0235 0228 0223 0217 0213 0208 0204 0200 0198
0202 0210 0224 0240 0257 0273 0285 0291 0292 0289 0284 0277.
0268 0261 0254 0248 0242 0238 0235 0231 0229 0226 0222 0220
0218 0217 0217 0218 0218 0220 0221 0221 0219 0219 0217 0214.
0211 0207 0204 0201 0199 0196 0193 0190 0187 0185 0183 0183
0185 0189 0195 0203 0208 0208 0206 0204 0202 0200 0198 0195.
0192 0189 0187 0185 0182 0181 0179 0177 0176 0175 0173 0173
0172 0174 0178 0185 0194 0201 0204 0205 0204 0204 0201 0197.
0191 0186 0180 0175 0170 0166 0162 0158 0155 0152 0150 0150
0154 0161 0170 0180 0190 0199 0210 0222 0228 0229 0225 0219.
0211 0204 0198 0191 0186 0181 0176 0172 0169 0166 0163 0162
0168 0179 0195 0213 0232 0247 0252 0251 0255 0256 0252 0245.
0238 0232 0226 0220 0214 0208 0203 0198 0193 0189 0186 0184
0189 0200 0214 0230 0246 0260 0270 0277 0280 0280 0275 0267.
0258 0250 0243 0236 0231 0225 0220 0216 0212 0208 0205 0204
0207 0212 0221 0234 0248 0261 0272 0279 0282 0279 0273 0266.
0260 0255 0250 0246 0243 0239 0236 0233 0230 0227 0225 0223
0222 0222 0221 0221 0222 0224 0224 0223 0222 0221 0219 0217.
0216 0214 0213 0212 0211 0209 0208 0207 0206 0205 0204 0204
0204 0204 0205 0207 0209 0213 0216 0218 0218 0217 0215 0212.
0209 0207 0204 0202 0200 0198 0197 0195 0194 0192 0191 0191
0192 0197 0208 0222 0235 0245 0252 0256 0258 0255 0250 0242.
0235 0229 0225 0220 0215 0211 0207 0203 0200 0197 0195 0195
0199 0205 0211 0217 0228 0236 0242 0243 0244 0245 0244 0241.
0236 0231 0227 0223 0219 0215 0212 0209 0205 0202 0199 0199
0200 0200 0201 0203 0206 0208 0214 0221 0223 0222 0219 0217.
0214 0212 0209 0207 0205 0204 0202 0201 0200 0199 0198 0199
0203 0211 0215 0216 0217 0217 0219 0219 0218 0217 0217 0215.
0212 0207 0204 0201 0199 0197 0194 0192 0191 0188 0186 0185
0188 0194 0205 0214 0223 0235 0246 0255 0257 0254 0249 0242.
0236 0231 0226 0222 0218 0215 0212 0209 0207 0204 0202 0201
0201 0202 0204 0208 0211 0214 0215 0215 0214 0213 0211 0208.
0206 0204 0202 0200 0198 0197 0195 0194 0193 0193 0192 0192
0192 0193 0194 0195 0196 0199 0202 0205 0206 0205 0205 0203.
0201 0200 0198 0197 0196 0195 0194 0193 0192 0191 0190 0191
0193 0197 0205 0217 0232 0245 0256 0263 0266 0266 0262 0256.
0249 0243 0238 0234 0229 0225 0220 0216 0213 0211 0209 0208
0210 0212 0214 0218 0223 0236 0250 0258 0258 0258 0256 0251.
0246 0240 0235 0230 0225 0221 0217 0212 0208 0204 0200 0200
0205 0214 0228 0239 0245 0248 0249 0250 0249 0246 0243 0240.
0236 0231 0226 0222 0218 0215 0211 0209 0208 0206 0205 0205
0204 0204 0204 0205 0207 0208 0209 0210 0210 0209 0208 0206.
0205 0203 0201 0200 0199 0198 0197 0196 0194 0193 0191 0192
0198 0205 0212 0222 0232 0241 0249 0250 0250 0250 0247 0244.
0240 0237 0234 0231 0228 0226 0224 0221 0220 0218 0217 0217
0219 0223 0226 0230 0233 0236 0236 0236 0234 0232 0231 0229.
0227 0226 0225 0223 0222 0221 0220 0219 0218 0217 0217 0217
0220 0225 0229 0236 0242 0246 0249 0254 0258 0259 0257 0254.
0251 0248 0245 0243 0241 0239 0237 0236 0234 0233 0231 0230
0231 0232 0233 0234 0236 0239 0241 0241 0241 0240 0238 0236.
0232 0229 0225 0223 0220 0218 0216 0215 0213 0212 0211 0210
0212 0217 0221 0222 0225 0228 0229 0230 0232 0232 0232 0230.
0226 0222 0219 0215 0212 0208 0204 0200 0197 0195 0192 0192
0197 0206 0216 0226 0233 0239 0240 0243 0245 0245 0244 0241.
0236 0231 0226 0222 0218 0214 0210 0208 0205 0203 0201 0201
0206 0215 0229 0242 0252 0260 0264 0264 0263 0261 0258 0255.
0250 0246 0243 0239 0237 0234 0231 0229 0227 0225 0223 0223
0225 0230 0238 0246 0256 0264 0272 0279 0282 0281 0278 0272.
0267 0261 0256 0252 0249 0245 0242 0238 0235 0232 0230 0229
0232 0239 0250 0265 0280 0293 0302 0300 0295 0288 0281 0275.
0269 0263 0259 0255 0251 0248 0245 0242 0239 0237 0235 0234
0237 0241 0245 0250 0253 0254 0257 0259 0259 0259 0257 0255=
0251 0246 0242 0237 0233 0228 0224 0220 0216 0213 0209 0207
0206 0207 0212 0220 0230 0241 0252 0260 0265 0267 0268 0266.
0262 0258 0254 0249 0245 0241 0238 0236 0233 0230 0228 0225
0223 0222 0220 0220 0220 0220 0220 0221 0220 0220 0219 0217.
0216 0213 0211 0209 0207 0204 0202 0200 0197 0195 0193 0192
0191 0192 0194 0198 0202 0204 0205 0204 0204 0203 0201 0200.
0198 0196 0194 0192 0190 0189 0187 0186 0184 0183 0182 0181
0180 0180 0180 0183 0187 0192 0196 0198 0200 0200 0200 0199.
0196 0193 0190 0186 0183 0179 0176 0173 0170 0167 0165 0163
0163 0164 0168 0173 0179 0186 0192 0200 0207 0212 0214 0213.
0210 0207 0203 0199 0195 0191 0187 0184 0181 0178 0175 0173
0173 0176 0183 0192 0204 0216 0224 0229 0233 0236 0237 0236.
0233 0230 0226 0222 0218 0214 0210 0207 0203 0200 0196 0194
0193 0196 0202 0210 0220 0230 0240 0247 0253 0257 0258 0256.
0253 0248 0244 0239 0235 0231 0227 0223 0220 0216 0213 0211
0210 0211 0214 0220 0228 0236 0245 0252 0258 0261 0260 0258.
0255 0252 0249 0246 0243 0241 0238 0236 0233 0231 0229 0227
0226 0225 0224 0223 0222 0223 0224 0223 0223 0222 0221 0220.
0219 0218 0216 0215 0214 0213 0212 0211 0210 0209 0208 0208
0207 0207 0207 0207 0208 0210 0212 0214 0215 0215 0215 0214.
0212 0211 0209 0207 0206 0204 0203 0201 0200 0199 0198 0197
0196 0197 0201 0207 0215 0223 0231 0236 0240 0242 0241 0239.
0235 0232 0228 0225 0222 0218 0215 0212 0209 0207 0204 0203
0202 0204 0207 0210 0215 0221 0227 0230 0232 0234 0235 0235.
0234 0231 0229 0226 0224 0221 0218 0216 0213 0210 0208 0206
0205 0205 0205 0205 0206 0207 0209 0213 0216 0218 0218 0217.
0216 0214 0212 0211 0209 0208 0207 0206 0205 0204 0203 0202
0203 0206 0209 0212 0213 0214 0215 0215 0216 0216 0215 0215.
0214 0212 0209 0207 0205 0203 0201 0200 0198 0196 0194 0193
0193 0194 0198 0204 0209 0217 0224 0232 0237 0240 0240 0238.
0235 0231 0228 0226 0223 0220 0217 0215 0213 0211 0209 0207
0206 0206 0206 0207 0209 0211 0212 0213 0213 0213 0212 0211.
0210 0208 0207 0205 0204 0202 0201 0200 0199 0198 0197 0197
0196 0196 0196 0197 0197 0199 0200 0202 0204 0204 0204 0204.
0203 0202 0201 0200 0200 0199 0198 0197 0196 0195 0195 0194
0194 0196 0199 0204 0212 0221 0230 0237 0243 0246 0247 0246.
0244 0241 0237 0235 0231 0228 0225 0222 0219 0217 0215 0213
0213 0213 0214 0215 0217 0222 0230 0237 0242 0244 0245 0244.
0242 0239 0236 0233 0230 0227 0224 0220 0217 0214 0211 0208
0208 0211 0216 0224 0230 0234 0237 0239 0240 0240 0239 0237.
0236 0233 0230 0227 0224 0221 0219 0216 0214 0213 0212 0210
0210 0209 0208 0208 0209 0209 0210 0210 0211 0211 0210 0210.
0209 0208 0206 0205 0204 0203 0202 0201 0200 0199 0198 0197
0198 0201 0205 0210 0216 0223 0229 0234 0236 0238 0238 0238.
0236 0235 0233 0231 0229 0227 0226 0224 0223 0221 0220 0219
0219 0220 0222 0224 0226 0229 0230 0231 0231 0230 0229 0229.
0228 0227 0225 0225 0224 0223 0222 0221 0220 0220 0219 0219
0219 0221 0223 0226 0231 0234 0238 0240 0244 0247 0248 0247.
0246 0245 0243 0242 0240 0239 0237 0236 0235 0234 0233 0232
0231 0231 0232 0232 0233 0234 0236 0237 0237 0237 0237 0236.
0234 0232 0230 0228 0226 0224 0222 0220 0219 0218 0216 0215
0215 0216 0219 0220 0222 0224 0225 0226 0227 0228 0229 0229.
0227 0226 0223 0221 0219 0216 0213 0211 0208 0205 0203 0201
0201 0204 0209 0215 0221 0226 0229 0232 0234 0236 0237 0236.
0235 0233 0230 0227 0224 0221 0218 0216 0213 0211 0209 0208
0208 0211 0217 0225 0232 0239 0245 0248 0250 0250 0250 0249.
0247 0245 0243 0241 0238 0236 0234 0233 0231 0229 0227 0226
0226 0227 0230 0235 0240 0246 0252 0258 0262 0265 0266 0264.
0262 0259 0256 0253 0251 0248 0245 0243 0240 0238 0236 0234
0233 0235 0240 0246 0255 0265 0273 0278 0279 0278 0275 0272.
0268 0265 0261 0258 0255 0252 0249 0247 0245 0243 0241 0239
0239 0240 0241 0244 0246 0248 0250 0252 0253 0253 0253 0252=
0236 0234 0233 0230 0228 0225 0222 0220 0217 0214 0212 0209
0207 0206 0207 0209 0214 0220 0227 0233 0239 0243 0246 0247.
0247 0246 0244 0242 0240 0237 0235 0233 0230 0229 0227 0225
0223 0221 0220 0219 0218 0218 0217 0217 0217 0217 0216 0216.
0214 0213 0212 0210 0208 0207 0205 0203 0201 0200 0198 0196
0195 0194 0194 0195 0197 0199 0200 0201 0201 0201 0200 0199.
0198 0197 0196 0195 0193 0192 0191 0189 0188 0187 0186 0185
0184 0183 0182 0183 0184 0186 0189 0191 0193 0194 0195 0195.
0194 0193 0191 0189 0187 0185 0182 0180 0178 0175 0173 0171
0170 0169 0170 0171 0174 0178 0182 0186 0191 0196 0199 0201.
0202 0201 0200 0198 0195 0193 0191 0188 0186 0183 0181 0179
0178 0177 0179 0182 0188 0195 0202 0208 0212 0216 0218 0220.
0221 0220 0219 0217 0215 0212 0210 0207 0205 0202 0200 0197
0195 0195 0196 0199 0204 0210 0216 0223 0228 0233 0236 0238.
0238 0237 0235 0233 0230 0228 0225 0223 0220 0217 0215 0213
0211 0210 0211 0212 0215 0220 0225 0230 0235 0240 0242 0243.
0243 0242 0240 0239 0237 0235 0234 0232 0231 0229 0227 0226
0224 0223 0222 0221 0220 0220 0220 0220 0220 0219 0219 0218.
0217 0216 0215 0214 0214 0213 0212 0211 0210 0209 0209 0208
0207 0206 0206 0206 0206 0207 0207 0208 0210 0210 0211 0211.
0210 0209 0208 0207 0206 0205 0204 0203 0202 0201 0200 0199
0198 0197 0198 0200 0204 0208 0213 0218 0222 0225 0227 0228.
0227 0226 0224 0222 0220 0218 0216 0214 0211 0209 0207 0206
0204 0204 0204 0206 0208 0211 0214 0217 0220 0222 0224 0225.
0225 0225 0224 0223 0221 0219 0218 0216 0214 0212 0210 0208
0207 0206 0205 0205 0205 0205 0206 0207 0209 0211 0212 0212.
0212 0211 0210 0210 0209 0208 0207 0206 0205 0204 0203 0203
0202 0203 0204 0206 0207 0208 0209 0210 0210 0210 0211 0211.
0210 0210 0209 0207 0206 0204 0203 0202 0200 0199 0198 0196
0195 0195 0196 0198 0201 0204 0209 0214 0219 0223 0225 0226.
0226 0225 0223 0222 0220 0218 0217 0215 0213 0212 0210 0209
0207 0206 0206 0206 0206 0207 0208 0208 0209 0209 0209 0209.
0208 0207 0206 0205 0204 0203 0202 0201 0200 0199 0199 0198
0197 0197 0197 0197 0197 0197 0197 0199 0200 0200 0201 0201.
0201 0201 0200 0200 0199 0198 0198 0197 0197 0196 0195 0195
0194 0194 0195 0197 0200 0205 0211 0216 0222 0226 0229 0231.
0231 0231 0229 0228 0226 0225 0223 0221 0219 0217 0215 0213
0212 0212 0211 0212 0212 0214 0217 0221 0226 0229 0231 0232.
0232 0232 0231 0229 0227 0225 0223 0221 0219 0216 0214 0212
0210 0210 0211 0214 0218 0221 0224 0226 0228 0229 0230 0230.
0229 0228 0227 0225 0223 0222 0220 0218 0216 0214 0213 0212
0211 0210 0209 0209 0208 0208 0208 0209 0209 0209 0209 0208.
0208 0207 0207 0206 0205 0204 0203 0203 0202 0201 0200 0199
0198 0199 0201 0203 0206 0210 0214 0218 0221 0224 0226 0227.
0227 0227 0226 0225 0225 0223 0222 0221 0220 0219 0218 0217
0217 0217 0217 0218 0219 0221 0222 0223 0224 0224 0224 0224.
0223 0223 0222 0221 0221 0220 0220 0219 0218 0218 0217 0217
0216 0217 0217 0219 0221 0223 0226 0228 0231 0233 0235 0236.
0237 0236 0236 0235 0235 0234 0233 0232 0231 0231 0230 0229
0228 0228 0227 0228 0228 0228 0229 0230 0230 0231 0231 0231.
0230 0229 0228 0227 0225 0224 0222 0221 0220 0219 0218 0217
0216 0215 0216 0217 0218 0219 0220 0221 0221 0222 0223 0223.
0223 0223 0222 0220 0219 0217 0216 0214 0212 0210 0208 0206
0205 0205 0206 0208 0212 0215 0218 0221 0223 0225 0226 0227.
0228 0227 0226 0225 0223 0221 0219 0217 0215 0214 0212 0211
0210 0210 0211 0215 0219 0223 0228 0232 0235 0236 0238 0238.
0238 0238 0237 0236 0234 0233 0232 0230 0229 0228 0226 0225
0224 0224 0225 0226 0229 0232 0236 0240 0244 0247 0250 0251.
0251 0250 0249 0247 0246 0244 0242 0241 0239 0237 0235 0234
0232 0232 0233 0235 0240 0245 0251 0256 0260 0261 0262 0261.
0260 0258 0256 0254 0252 0250 0248 0246 0244 0242 0241 0239
0238 0238 0238 0238 0240 0241 0242 0243 0244 0245 0246 0246=
0181 0182 0182 0183 0183 0183 0183 0184 0184 0184 0184 0183
0183 0183 0183 0183 0183 0183 0183 0184 0184 0184 0185 0186.
0186 0187 0187 0187 0188 0188 0188 0188 0189 0189 0189 0189
0189 0189 0189 0189 0188 0188 0188 0188 0188 0188 0188 0188.
0188 0188 0188 0188 0187 0187 0187 0187 0187 0186 0186 0186
0185 0185 0185 0185 0184 0184 0184 0184 0184 0184 0184 0184.
0184 0184 0184 0183 0183 0183 0183 0183 0183 0182 0182 0182
0182 0182 0181 0181 0181 0181 0181 0181 0181 0181 0181 0181.
0181 0181 0181 0181 0181 0181 0181 0181 0180 0180 0180 0179
0179 0179 0178 0178 0178 0178 0178 0178 0178 0178 0178 0178.
0178 0178 0178 0179 0179 0179 0179 0178 0178 0178 0178 0178
0177 0177 0177 0177 0177 0177 0177 0177 0177 0178 0178 0179.
0179 0179 0180 0180 0180 0180 0180 0180 0181 0181 0180 0180
0180 0180 0180 0180 0180 0180 0180 0180 0181 0181 0182 0182.
0183 0183 0183 0184 0184 0184 0184 0185 0185 0185 0185 0185
0184 0184 0184 0184 0184 0184 0184 0185 0185 0185 0186 0186.
0187 0187 0188 0188 0188 0189 0189 0189 0189 0189 0189 0190
0190 0190 0190 0190 0190 0190 0190 0190 0190 0190 0190 0190.
0190 0190 0190 0190 0191 0190 0190 0190 0191 0191 0191 0191
0191 0190 0190 0190 0190 0190 0190 0190 0190 0191 0191 0191.
0191 0191 0191 0191 0191 0191 0191 0191 0191 0191 0191 0191
0190 0190 0190 0190 0190 0190 0190 0190 0191 0191 0191 0192.
0192 0193 0193 0193 0194 0194 0194 0194 0194 0194 0194 0194
0194 0194 0194 0194 0193 0193 0193 0193 0193 0194 0194 0194.
0194 0194 0195 0195 0195 0195 0195 0195 0195 0195 0195 0195
0195 0195 0195 0194 0194 0194 0194 0194 0194 0194 0194 0194.
0194 0194 0194 0194 0194 0194 0194 0194 0194 0194 0194 0194
0194 0194 0194 0194 0194 0194 0194 0194 0194 0194 0194 0194.
0194 0194 0194 0194 0195 0194 0194 0194 0194 0194 0194 0194
0194 0194 0193 0193 0193 0193 0193 0193 0194 0194 0194 0194.
0195 0195 0195 0195 0195 0196 0196 0196 0196 0196 0196 0196
0195 0195 0195 0195 0195 0195 0195 0195 0195 0195 0195 0195.
0195 0195 0195 0195 0195 0194 0194 0194 0194 0194 0194 0194
0194 0194 0194 0193 0193 0193 0193 0193 0193 0193 0193 0193.
0193 0193 0193 0193 0193 0193 0193 0193 0193 0193 0193 0193
0192 0192 0192 0192 0192 0192 0193 0193 0193 0193 0194 0194.
0194 0195 0195 0195 0196 0196 0196 0196 0196 0196 0196 0196
0196 0196 0196 0196 0196 0196 0196 0196 0196 0197 0197 0197.
0197 0198 0198 0198 0198 0199 0199 0199 0199 0199 0199 0198
0198 0198 0198 0198 0198 0198 0198 0198 0198 0198 0199 0199.
0199 0199 0199 0199 0199 0199 0199 0199 0199 0199 0199 0199
0199 0199 0198 0198 0198 0198 0198 0198 0198 0198 0198 0197.
0197 0197 0197 0197 0197 0197 0197 0197 0197 0197 0196 0196
0196 0196 0196 0196 0196 0196 0196 0196 0196 0197 0197 0197.
0198 0198 0198 0199 0199 0199 0199 0199 0200 0200 0200 0200
0200 0200 0200 0200 0200 0200 0200 0201 0201 0201 0201 0201.
0201 0201 0202 0202 0202 0202 0202 0202 0202 0202 0202 0202
0202 0202 0202 0202 0202 0203 0203 0203 0203 0203 0204 0204.
0204 0204 0205 0205 0205 0205 0206 0206 0206 0206 0206 0206
0206 0207 0207 0207 0207 0207 0207 0207 0207 0207 0207 0207.
0207 0208 0208 0208 0208 0208 0208 0208 0208 0208 0208 0207
0207 0207 0207 0207 0207 0207 0207 0207 0207 0207 0207 0207.
0207 0207 0207 0207 0207 0207 0207 0207 0207 0206 0206 0206
0206 0206 0205 0205 0205 0205 0205 0205 0205 0205 0206 0206.
0206 0206 0206 0207 0207 0207 0207 0207 0207 0207 0207 0207
0207 0206 0206 0206 0206 0206 0206 0207 0207 0207 0207 0208.
0208 0208 0209 0209 0209 0209 0209 0209 0209 0209 0209 0209
0209 0209 0209 0209 0209 0209 0209 0209 0210 0210 0210 0210.
0211 0211 0211 0211 0212 0212 0212 0212 0212 0212 0212 0212
0212 0212 0212 0212 0212 0212 0212 0212 0213 0213 0213 0214.
0214 0214 0215 0215 0215 0215 0215 0215 0215 0215 0215 0215
0215 0215 0215 0215 0215 0215 0215 0215 0215 0215 0215 0215=
KB
0173 0173 0173 0173 0173 0173 0173 0173 0174 0174 0174 0174
0174 0174 0174 0174 0174 0174 0174 0175 0175 0175 0175 0175.
0175 0175 0175 0175 0175 0175 0175 0176 0176 0176 0176 0176
0176 0177 0177 0177 0177 0177 0177 0177 0177 0177 0177 0177.
0178 0178 0178 0178 0178 0178 0178 0178 0178 0178 0178 0178
0178 0178 0178 0178 0178 0178 0178 0178 0178 0178 0178 0178.
0178 0178 0178 0178 0178 0178 0178 0178 0178 0178 0178 0178
0178 0178 0178 0178 0178 0178 0178 0178 0178 0178 0178 0178.
0178 0178 0178 0178 0178 0178 0178 0178 0178 0178 0178 0177
0178 0178 0177 0178 0177 0177 0177 0177 0177 0177 0177 0177.
0177 0177 0177 0177 0177 0177 0177 0177 0177 0177 0177 0177
0176 0177 0177 0177 0177 0177 0176 0176 0176 0176 0176 0176.
0176 0176 0176 0176 0176 0176 0176 0176 0176 0176 0176 0176
0176 0176 0176 0177 0177 0177 0177 0177 0177 0177 0177 0177.
0177 0177 0177 0177 0177 0177 0177 0177 0177 0177 0177 0177
0177 0177 0178 0178 0178 0178 0178 0178 0178 0178 0178 0178.
0178 0178 0178 0178 0178 0179 0179 0179 0179 0179 0179 0179
0179 0179 0180 0180 0180 0180 0180 0180 0180 0180 0180 0180.
0181 0181 0181 0181 0181 0181 0181 0181 0181 0181 0181 0181
0182 0182 0182 0182 0182 0182 0182 0182 0182 0182 0182 0182.
0182 0182 0182 0182 0182 0183 0183 0183 0183 0183 0183 0183
0183 0183 0183 0183 0183 0183 0183 0183 0183 0183 0183 0183.
0183 0183 0184 0184 0184 0184 0184 0184 0184 0184 0184 0184
0184 0184 0184 0185 0185 0185 0185 0185 0185 0185 0185 0185.
0185 0185 0185 0185 0185 0185 0185 0185 0185 0185 0186 0186
0186 0186 0186 0186 0186 0186 0186 0186 0186 0186 0186 0186.
0186 0186 0186 0186 0186 0186 0186 0186 0186 0186 0186 0186
0186 0186 0186 0187 0187 0187 0187 0187 0187 0187 0187 0187.
0187 0187 0187 0187 0187 0187 0187 0187 0187 0187 0187 0187
0187 0187 0187 0187 0187 0187 0187 0187 0187 0187 0187 0187.
0187 0187 0187 0187 0187 0187 0187 0187 0187 0187 0188 0188
0188 0188 0188 0188 0188 0188 0188 0188 0188 0188 0188 0188.
0188 0188 0188 0188 0188 0188 0188 0188 0188 0188 0188 0188
0188 0188 0188 0188 0188 0188 0188 0188 0188 0188 0188 0188.
0188 0188 0188 0188 0188 0188 0188 0188 0188 0188 0188 0188
0188 0188 0188 0188 0188 0188 0188 0188 0188 0188 0188 0188.
0188 0188 0188 0188 0188 0188 0188 0188 0188 0188 0188 0188
0189 0189 0189 0189 0189 0189 0189 0189 0189 0189 0189 0189.
0189 0189 0189 0189 0189 0189 0189 0190 0189 0190 0190 0190
0190 0190 0190 0190 0190 0190 0190 0190 0190 0190 0190 0190.
0190 0190 0191 0191 0191 0191 0191 0191 0191 0191 0191 0191
0191 0191 0191 0191 0191 0191 0191 0191 0191 0191 0191 0191.
0191 0191 0191 0191 0191 0191 0191 0191 0191 0191 0191 0191
0191 0191 0191 0191 0191 0191 0191 0191 0191 0191 0191 0191.
0191 0191 0191 0191 0191 0191 0191 0191 0192 0192 0192 0192
0192 0192 0192 0192 0192 0192 0192 0192 0192 0192 0192 0192.
0192 0192 0193 0193 0193 0193 0193 0193 0193 0193 0193 0193
0193 0193 0193 0193 0193 0193 0193 0193 0194 0194 0194 0194.
0194 0194 0194 0194 0194 0194 0194 0194 0194 0194 0194 0195
0195 0195 0195 0195 0195 0195 0195 0195 0195 0195 0195 0195.
0196 0196 0196 0196 0196 0196 0196 0196 0196 0196 0197 0197
0197 0197 0197 0197 0197 0197 0197 0197 0197 0197 0197 0197.
0197 0197 0197 0197 0197 0197 0197 0198 0198 0198 0198 0198
0198 0198 0198 0198 0198 0198 0198 0198 0198 0198 0198 0198.
0198 0198 0198 0198 0198 0198 0198 0198 0198 0198 0198 0198
0198 0198 0198 0198 0198 0198 0198 0198 0198 0198 0198 0198.
0198 0198 0198 0198 0198 0198 0198 0198 0198 0198 0199 0199
0199 0199 0199 0199 0199 0199 0199 0199 0199 0199 0199 0199.
0199 0199 0199 0199 0199 0200 0200 0200 0200 0200 0200 0200
0200 0200 0200 0200 0200 0201 0201 0201 0201 0201 0201 0201.
0201 0201 0201 0201 0201 0201 0201 0201 0202 0202 0202 0202
0202 0202 0202 0202 0202 0203 0203 0203 0203 0203 0203 0203=
0166 0166 0166 0166 0166 0166 0166 0166 0167 0167 0167 0167
0167 0167 0167 0167 0167 0167 0167 0167 0167 0167 0167 0167.
0167 0167 0167 0167 0167 0167 0167 0167 0167 0167 0167 0167
0167 0167 0167 0167 0167 0167 0167 0167 0167 0167 0167 0167.
0167 0167 0167 0167 0167 0167 0167 0167 0167 0167 0167 0168
0168 0168 0168 0168 0168 0168 0168 0168 0168 0168 0168 0168.
0168 0168 0168 0168 0168 0168 0168 0168 0168 0168 0168 0168
0168 0168 0168 0168 0168 0168 0168 0169 0168 0168 0169 0169.
0169 0169 0169 0169 0169 0169 0169 0169 0169 0169 0169 0169
0169 0169 0169 0169 0169 0169 0169 0169 0169 0169 0169 0169.
0169 0169 0169 0169 0169 0169 0169 0170 0169 0170 0170 0170
0170 0170 0170 0170 0170 0170 0170 0170 0170 0170 0170 0170.
0170 0170 0170 0170 0170 0170 0170 0170 0170 0170 0170 0170
0170 0170 0170 0170 0170 0170 0170 0170 0170 0170 0170 0170.
0171 0171 0171 0171 0170 0171 0170 0170 0171 0171 0171 0171
0171 0171 0171 0171 0171 0171 0171 0171 0171 0171 0171 0171.
0171 0171 0171 0171 0171 0171 0171 0171 0171 0171 0171 0171
0171 0171 0171 0171 0171 0171 0171 0171 0171 0171 0171 0171.
0171 0171 0171 0171 0171 0171 0171 0171 0171 0171 0172 0171
0171 0172 0172 0172 0172 0172 0172 0172 0172 0172 0172 0172.
0172 0172 0172 0172 0172 0172 0172 0172 0172 0172 0172 0172
0172 0172 0172 0172 0172 0172 0172 0172 0172 0172 0172 0172.
0172 0172 0172 0172 0172 0172 0172 0172 0172 0172 0173 0173
0173 0173 0173 0173 0173 0173 0173 0173 0173 0173 0173 0173.
0173 0173 0173 0173 0173 0173 0173 0173 0173 0173 0173 0173
0173 0173 0173 0173 0173 0173 0173 0173 0173 0174 0174 0174.
0174 0174 0174 0174 0174 0174 0174 0174 0174 0174 0174 0174
0174 0174 0174 0174 0174 0174 0174 0174 0174 0174 0174 0174.
0174 0174 0174 0174 0174 0174 0174 0174 0174 0174 0174 0175
0175 0175 0175 0175 0175 0175 0175 0175 0175 0175 0175 0175.
0175 0175 0175 0175 0175 0175 0175 0175 0175 0175 0175 0175
0175 0175 0175 0175 0175 0175 0175 0176 0175 0175 0175 0175.
0176 0176 0176 0176 0176 0176 0176 0176 0176 0176 0176 0176
0176 0176 0176 0176 0176 0176 0176 0176 0176 0176 0176 0176.
0176 0176 0176 0176 0176 0176 0176 0176 0176 0177 0177 0177
0177 0177 0177 0177 0177 0177 0177 0177 0177 0177 0177 0177.
0177 0177 0177 0177 0177 0177 0177 0177 0177 0177 0177 0177
0177 0177 0177 0177 0177 0177 0177 0177 0177 0177 0177 0177.
0177 0177 0178 0177 0177 0177 0178 0178 0178 0178 0178 0178
0178 0178 0178 0178 0178 0178 0178 0178 0178 0178 0178 0178.
0178 0178 0178 0178 0178 0178 0178 0178 0178 0178 0178 0178
0178 0178 0178 0178 0178 0178 0178 0178 0178 0179 0178 0179.
0178 0178 0179 0179 0179 0179 0179 0179 0179 0179 0179 0179
0179 0179 0179 0179 0179 0179 0179 0179 0179 0179 0179 0179.
0179 0179 0179 0179 0179 0179 0179 0179 0179 0179 0179 0179
0179 0179 0179 0179 0179 0179 0180 0179 0179 0180 0180 0180.
0180 0180 0180 0180 0180 0180 0180 0180 0180 0180 0180 0180
0180 0180 0180 0180 0180 0180 0180 0180 0180 0180 0180 0180.
0180 0180 0180 0180 0180 0180 0180 0181 0181 0181 0181 0181
0181 0181 0181 0181 0180 0181 0180 0180 0181 0181 0181 0181.
0181 0181 0181 0181 0181 0181 0181 0181 0181 0181 0181 0181
0181 0181 0181 0181 0181 0181 0181 0181 0181 0181 0181 0181.
0181 0181 0181 0181 0182 0181 0182 0182 0182 0182 0182 0182
0182 0182 0182 0182 0182 0182 0182 0182 0182 0182 0182 0182.
0182 0182 0182 0182 0182 0182 0182 0182 0182 0182 0182 0182
0182 0182 0182 0183 0183 0183 0182 0182 0183 0183 0183 0183.
0183 0183 0183 0183 0183 0183 0183 0183 0183 0183 0183 0183
0183 0183 0183 0183 0183 0183 0183 0183 0183 0183 0183 0183.
0183 0183 0183 0183 0183 0184 0183 0183 0184 0183 0184 0184
0184 0184 0184 0184 0184 0184 0184 0184 0184 0184 0184 0184.
0184 0184 0184 0184 0184 0184 0184 0184 0184 0184 0184 0184
0184 0184 0184 0184 0184 0184 0184 0184 0185 0185 0185 0185=
0167 0167 0167 0167 0167 0167 0167 0167 0167 0167 0167 0167
0167 0167 0167 0167 0167 0167 0167 0167 0167 0167 0167 0167.
0167 0167 0167 0167 0167 0167 0167 0167 0167 0167 0167 0167
0167 0167 0167 0167 0167 0167 0167 0167 0167 0167 0167 0167.
0167 0167 0167 0167 0167 0167 0167 0167 0167 0167 0167 0167
0167 0167 0167 0167 0167 0167 0167 0167 0167 0167 0167 0167.
0167 0167 0167 0167 0167 0167 0168 0167 0167 0167 0167 0168
0168 0168 0168 0168 0168 0168 0168 0168 0168 0167 0168 0168.
0168 0168 0168 0168 0168 0168 0168 0168 0168 0168 0168 0168
0168 0168 0168 0168 0168 0168 0168 0168 0168 0168 0168 0168.
0168 0168 0168 0168 0168 0168 0168 0168 0168 0168 0168 0168
0168 0168 0168 0168 0168 0168 0168 0168 0168 0168 0168 0168.
0168 0168 0168 0168 0168 0168 0168 0168 0168 0168 0168 0168
0168 0168 0168 0168 0168 0168 0168 0168 0168 0168 0168 0168.
0168 0168 0168 0168 0168 0168 0168 0168 0168 0168 0168 0168
0168 0168 0168 0168 0168 0168 0168 0168 0168 0168 0168 0168.
0168 0168 0168 0168 0168 0168 0168 0168 0168 0168 0168 0168
0168 0168 0168 0168 0168 0168 0168 0168 0168 0168 0168 0168.
0168 0168 0169 0169 0169 0169 0169 0168 0169 0169 0169 0169
0169 0169 0169 0169 0169 0169 0169 0169 0169 0169 0169 0169.
0169 0169 0169 0169 0169 0169 0169 0169 0169 0169 0169 0169
0169 0169 0169 0169 0169 0169 0169 0169 0169 0169 0169 0169.
0169 0169 0169 0169 0169 0169 0169 0169 0169 0169 0169 0169
0169 0169 0169 0169 0169 0169 0169 0169 0169 0169 0169 0169.
0169 0169 0169 0169 0169 0169 0169 0169 0169 0169 0169 0169
0169 0169 0169 0169 0169 0169 0169 0169 0169 0169 0169 0169.
0169 0169 0169 0169 0169 0169 0169 0169 0169 0169 0169 0169
0169 0169 0169 0169 0169 0169 0169 0169 0169 0169 0169 0169.
0169 0169 0169 0169 0169 0169 0169 0169 0169 0169 0169 0169
0169 0169 0169 0169 0170 0170 0169 0170 0170 0170 0170 0170.
0170 0169 0170 0169 0170 0170 0170 0170 0170 0170 0170 0170
0170 0170 0170 0170 0170 0170 0170 0170 0170 0170 0170 0170.
0170 0170 0170 0170 0170 0170 0170 0170 0170 0170 0170 0170
0170 0170 0170 0170 0170 0170 0170 0170 0170 0170 0170 0170.
0170 0170 0170 0170 0170 0170 0170 0170 0170 0170 0170 0170
0170 0170 0170 0170 0170 0170 0170 0170 0170 0170 0170 0170.
0170 0170 0170 0170 0170 0170 0170 0170 0170 0170 0170 0170
0170 0170 0170 0170 0170 0170 0170 0170 0170 0170 0170 0170.
0170 0170 0170 0170 0170 0170 0170 0170 0170 0170 0170 0170
0170 0171 0171 0171 0171 0171 0171 0171 0171 0171 0171 0171.
0170 0170 0171 0170 0171 0171 0171 0171 0171 0171 0171 0171
0171 0171 0171 0171 0171 0171 0171 0171 0171 0171 0171 0171.
0171 0171 0171 0171 0171 0171 0171 0171 0171 0171 0171 0171
0171 0171 0171 0171 0171 0171 0171 0171 0171 0171 0171 0171.
0171 0171 0171 0171 0171 0171 0171 0171 0171 0171 0171 0171
0171 0171 0171 0171 0171 0171 0171 0171 0171 0171 0171 0171.
0171 0171 0171 0171 0171 0171 0171 0171 0171 0171 0171 0171
0171 0171 0171 0171 0171 0171 0171 0172 0172 0171 0171 0171.
0171 0171 0171 0171 0171 0171 0172 0172 0172 0172 0172 0172
0172 0172 0172 0172 0171 0172 0172 0172 0172 0172 0172 0172.
0172 0172 0172 0172 0172 0172 0172 0172 0172 0172 0172 0172
0172 0172 0172 0172 0172 0172 0172 0172 0172 0172 0172 0172.
0172 0172 0172 0172 0172 0172 0172 0172 0172 0172 0172 0172
0172 0172 0172 0172 0172 0172 0172 0172 0172 0172 0172 0172.
0172 0172 0172 0172 0172 0172 0172 0172 0172 0172 0172 0172
0172 0172 0172 0172 0172 0172 0172 0172 0172 0172 0172 0172.
0172 0172 0172 0172 0172 0172 0172 0172 0172 0172 0172 0172
0173 0172 0173 0173 0173 0173 0173 0173 0173 0173 0173 0173.
0173 0173 0173 0173 0173 0173 0173 0173 0173 0173 0173 0173
0173 0173 0173 0173 0173 0173 0173 0173 0173 0173 0173 0173.
0173 0173 0173 0173 0173 0173 0173 0173 0173 0173 0173 0173
0173 0173 0173 0173 0173 0173 0173 0173 0173 0173 0173 0173=
A=
SA=
BA
0159 0149 0127 0116 0121 0109 0108 0110 0099 0114 0149 0190
0258 0346 0399 0415 0424 0406 0364 0332 0283 0248 0212 0185 0439 1219 0097 0505.
0179 0162 0152 0162 0167 0165 0164 0164 0154 0154 0157 0163
0173 0186 0194 0184 0170 0210 0175 0180 0188 0161 0148 0139 0212 1401 0139 1958.
0134 0122 0131 0124 0111 0102 0109 0111 0111 0100 0133 0174
0179 0231 0252 0205 0177 0163 0162 0154 0148 0157 0136 0125 0271 1123 0092 0141.
0127 0126 0129 0127 0124 0118 0114 0122 0120 0115 0126 0138
0154 0185 0204 0249 0237 0215 0203 0193 0201 0162 0139 0114 0254 1250 0112 0552.
0071 0070 0063 0075 0068 0067 0057 0074 0057 0069 0104 0145
0167 0208 0261 0287 0268 0326 0324 0284 0226 0197 0149 0114 0354 1430 0049 0448.
0109 0080 0075 0079 0070 0079 0061 0085 0063 0064 0116 0173
0237 0332 0390 0411 0365 0279 0244 0308 0274 0216 0173 0151 0445 1223 0059 0305.
0153 0145 0116 0108 0095 0090 0090 0098 0084 0084 0129 0179
0259 0315 0386 0397 0354 0368 0340 0329 0290 0236 0201 0152 0422 1244 0077 0536.
0146 0132 0126 0124 0123 0128 0122 0112 0111 0118 0159 0193
0235 0278 0344 0350 0387 0376 0357 0332 0258 0224 0205 0196 0404 1325 0109 0439.
0188 0189 0186 0182 0180 0178 0175 0168 0170 0173 0180 0187
0182 0187 0194 0201 0211 0195 0189 0191 0185 0182 0178 0174 0226 1221 0168 0356.
0174 0174 0173 0169 0168 0169 0166 0164 0166 0163 0166 0175
0180 0187 0191 0194 0219 0209 0218 0192 0178 0172 0172 0155 0219 1251 0155 1959.
0156 0155 0151 0149 0148 0147 0147 0146 0149 0144 0158 0174
0201 0267 0302 0370 0366 0375 0341 0311 0245 0211 0176 0162 0385 1326 0142 0547.
0167 0155 0128 0131 0128 0116 0116 0120 0117 0126 0163 0213
0228 0235 0264 0346 0299 0286 0243 0268 0265 0245 0198 0182 0392 1207 0111 0240.
0156 0174 0158 0136 0147 0147 0121 0122 0126 0127 0165 0181
0165 0176 0203 0185 0192 0250 0247 0218 0198 0184 0178 0172 0262 1428 0114 0328.
0164 0164 0164 0160 0160 0162 0159 0161 0159 0161 0177 0215
0246 0195 0209 0192 0214 0221 0202 0196 0198 0194 0178 0170 0255 0923 0158 0247.
0149 0143 0149 0148 0139 0131 0135 0129 0103 0117 0156 0181
0220 0253 0270 0269 0355 0362 0325 0273 0238 0207 0187 0170 0369 1333 0101 0447.
0176 0163 0156 0154 0159 0147 0144 0144 0146 0149 0158 0170
0188 0188 0223 0218 0234 0210 0199 0195 0185 0176 0165 0161 0236 1115 0143 0306.
0167 0154 0151 0152 0153 0158 0158 0151 0152 0154 0159 0167
0176 0178 0174 0188 0199 0210 0208 0198 0187 0184 0172 0161 0225 1425 0148 2308.
0162 0163 0163 0157 0154 0153 0146 0151 0151 0150 0173 0195
0213 0247 0319 0371 0380 0363 0322 0301 0269 0230 0199 0176 0393 1253 0145 0304.
0186 0186 0173 0150 0143 0137 0132 0137 0154 0154 0173 0195
0206 0212 0217 0236 0300 0367 0321 0254 0271 0238 0198 0173 0377 1351 0131 0217.
0164 0151 0143 0136 0137 0127 0126 0111 0107 0112 0166 0213
0259 0324 0305 0277 0280 0275 0249 0236 0220 0207 0207 0178 0365 1024 0105 0535.
0145 0130 0134 0149 0129 0124 0147 0156 0156 0157 0159 0164
0167 0181 0186 0188 0187 0191 0189 0186 0175 0162 0164 0161 0197 1328 0124 0157.
0158 0158 0157 0158 0159 0155 0150 0131 0119 0125 0176 0227
0221 0255 0275 0279 0305 0299 0252 0261 0253 0230 0210 0199 0357 1339 0118 0507.
0195 0192 0188 0187 0186 0170 0174 0177 0180 0183 0191 0216
0233 0230 0236 0233 0236 0215 0224 0206 0202 0199 0196 0193 0277 1236 0164 0224.
0193 0193 0191 0191 0190 0179 0185 0188 0185 0186 0199 0221
0236 0242 0275 0255 0261 0249 0284 0281 0260 0230 0220 0215 0307 1122 0178 0153.
0210 0207 0206 0204 0202 0201 0199 0198 0196 0196 0201 0225
0220 0219 0228 0238 0246 0241 0225 0226 0214 0215 0192 0183 0254 1338 0183 1954.
0182 0178 0178 0178 0175 0172 0171 0169 0165 0168 0183 0205
0233 0233 0210 0235 0229 0221 0222 0244 0223 0214 0177 0163 0258 1224 0162 1922.
0151 0135 0147 0120 0111 0133 0129 0126 0112 0123 0164 0205
0259 0254 0281 0279 0285 0244 0268 0266 0249 0235 0196 0172 0307 1211 0110 0050.
0159 0139 0132 0129 0127 0123 0133 0147 0126 0137 0175 0217
0260 0313 0300 0304 0346 0287 0277 0259 0240 0234 0215 0195 0356 1038 0122 0149.
0192 0189 0186 0183 0181 0176 0172 0170 0167 0170 0191 0218
0249 0272 0294 0328 0331 0327 0348 0297 0279 0241 0225 0205 0351 1458 0166 0531.
0186 0188 0188 0187 0180 0178 0173 0171 0161 0149 0196 0244
0261 0305 0376 0417 0403 0411 0279 0259 0233 0226 0221 0207 0428 1248 0145 0534.
0199 0195 0193 0190 0190 0188 0183 0183 0167 0168 0201 0224
0232 0238 0263 0245 0250 0258 0252 0241 0241 0225 0220 0212 0271 1441 0161 0522=
=
??????
******
YF
19011










=
JY
8888=
GK
01/
05/=
BZ
10/03/08;14;20

10/24/24
11/=
######
