57461 3042N 11118E 001331 001343 105 000 S14 11111999919199111991 0 2015 02
PC
0198 0198 0198 0196 0192 0189 0190 0187 0184 0180 0181 0187
0191 0193 0191 0181 0169 0157 0151 0151 0152 0154 0161 0165 0201 2008 0149 1526.
0170 0174 0171 0167 0160 0156 0152 0149 0141 0142 0144 0152
0155 0158 0159 0154 0144 0137 0137 0139 0140 0146 0153 0163 0174 2156 0136 1411.
0170 0175 0177 0179 0179 0176 0174 0168 0170 0172 0176 0181
0185 0190 0191 0182 0171 0165 0162 0161 0159 0162 0165 0171 0192 1012 0159 1645.
0175 0176 0173 0176 0174 0173 0169 0171 0171 0179 0180 0184
0185 0183 0179 0171 0158 0146 0138 0134 0136 0142 0151 0157 0187 0926 0134 1557.
0166 0173 0177 0179 0178 0175 0176 0176 0174 0176 0181 0193
0202 0203 0200 0190 0176 0162 0151 0143 0141 0144 0148 0152 0205 0928 0141 1637.
0155 0156 0154 0150 0147 0139 0131 0124 0117 0109 0111 0116
0116 0117 0116 0106 0093 0081 0070 0062 0061 0068 0075 0081 0158 2133 0061 1601.
0088 0089 0097 0094 0092 0086 0079 0075 0072 0075 0080 0090
0096 0098 0104 0105 0097 0087 0083 0086 0091 0102 0119 0131 0131 1959 0071 0425.
0138 0144 0148 0156 0159 0163 0161 0161 0162 0159 0164 0172
0177 0183 0184 0175 0162 0148 0138 0133 0130 0137 0141 0145 0185 1054 0130 1648.
0150 0153 0156 0157 0157 0156 0153 0153 0151 0156 0161 0166
0168 0171 0169 0158 0145 0131 0121 0120 0117 0116 0120 0125 0172 1011 0115 1745.
0129 0129 0125 0121 0119 0109 0102 0092 0088 0085 0083 0085
0086 0086 0086 0078 0061 0046 0036 0031 0029 0034 0040 0044 0129 2100 0027 1635.
0045 0045 0045 0044 0044 0040 0034 0033 0031 0035 0038 0042
0043 0044 0042 0034 0021 0009 9998 9995 9995 0001 0009 0017 0048 2147 9994 1610.
0022 0026 0028 0026 0027 0027 0023 0018 0014 0017 0021 0034
0038 0035 0032 0025 0011 9999 9991 9986 9986 9988 9993 9998 0039 0858 9983 1712.
0003 0007 0009 0011 0011 0011 0009 0009 0008 0010 0019 0028
0042 0046 0046 0039 0025 0012 0007 0004 0005 0007 0012 0017 0048 1021 9998 2001.
0020 0021 0017 0013 0007 0000 9992 9983 9977 9974 9971 9972
9976 9976 9977 9971 9958 9949 9942 9945 9944 9949 9957 9964 0021 2114 9942 1450.
9967 9971 9968 9965 9962 9962 9958 9959 9960 9969 9981 9993
0003 0007 0007 0001 9991 9981 9976 9980 9989 0001 0015 0028 0028 2000 9958 0249.
0038 0044 0048 0054 0054 0054 0053 0049 0049 0056 0061 0068
0075 0076 0077 0070 0058 0045 0034 0031 0031 0034 0038 0038 0081 1024 0028 2001.
0040 0040 0038 0028 0026 0027 0023 0019 0017 0017 0018 0025
0032 0034 0030 0023 0011 9998 9989 9986 9989 9992 0000 0009 0042 2132 9986 1538.
0020 0029 0032 0034 0035 0036 0034 0032 0033 0036 0041 0049
0057 0060 0062 0057 0049 0043 0044 0048 0051 0057 0064 0074 0074 1959 0009 2001.
0086 0090 0093 0089 0083 0081 0074 0068 0069 0069 0075 0081
0084 0081 0078 0069 0060 0047 0039 0036 0035 0036 0038 0044 0093 2258 0033 1651.
0044 0045 0038 0037 0037 0026 0022 0018 0017 0016 0017 0020
0025 0026 0024 0019 0012 0004 0003 0003 0008 0014 0023 0031 0050 2219 0002 1454.
0036 0039 0041 0042 0038 0048 0048 0040 0031 0033 0033 0041
0051 0066 0062 0052 0035 0022 0020 0018 0021 0027 0035 0046 0068 1009 0017 1616.
0051 0059 0062 0062 0061 0061 0054 0054 0039 0044 0055 0074
0079 0085 0084 0085 0076 0062 0054 0058 0058 0063 0067 0070 0087 1123 0036 0453.
0070 0071 0071 0065 0059 0050 0042 0040 0047 0038 0040 0048
0057 0059 0053 0042 0034 0027 0021 0022 0029 0034 0039 0042 0073 2227 0021 1453.
0046 0054 0046 0049 0044 0044 0034 0029 0028 0021 0023 0026
0027 0026 0017 0006 9994 9979 9971 9975 9978 9987 9996 0001 0056 2202 9970 1520.
0003 0008 0008 0012 0014 0011 0006 9992 9999 0002 0002 0011
0010 0021 0021 0017 0010 0002 0001 0001 0000 0008 0010 0024 0024 1959 9991 0404.
0032 0042 0041 0042 0038 0028 0023 0021 0019 0030 0037 0046
0050 0052 0051 0042 0031 0019 0016 0009 0010 0015 0018 0024 0052 0956 0009 1534.
0029 0039 0034 0031 0028 0019 0015 0012 0012 0016 0023 0030
0038 0040 0042 0041 0039 0035 0037 0041 0048 0058 0067 0080 0080 2000 0009 0331.
0091 0099 0094 0085 0089 0094 0096 0091 0099 0102 0111 0122
0132 0139 0140 0134 0129 0119 0115 0118 0117 0128 0136 0141 0143 1955 0080 2001=
0360 0358 0327 0336
0326 0323 0307 0334
0346 0352 0335 0341
0343 0355 0314 0326
0343 0363 0329 0321
0306 0285 0247 0249
0251 0257 0252 0298
0329 0340 0315 0313
0323 0334 0297 0292
0275 0252 0211 0210
0205 0208 0171 0181
0188 0198 0159 0161
0172 0192 0174 0180
0161 0134 0110 0126
0123 0155 0141 0190
0214 0230 0206 0200
0189 0188 0158 0171
0196 0211 0204 0237
0244 0246 0212 0210
0192 0186 0170 0198
0215 0208 0186 0211
0225 0238 0227 0235
0215 0213 0192 0207
0210 0192 0143 0166
0175 0175 0165 0188
0191 0210 0182 0188
0183 0194 0200 0246
0261 0291 0287 0310=
TB
0026 0027 0024 0024 0022 0020 0002 0001 0001 0000 0002 0004
0009 0013 0018 0023 0024 0029 0033 0038 0036 0033 0031 0028 0039 1523 0000 0313.
0026 0024 0023 0023 0022 0019 0017 0015 0014 0014 0013 0013
0015 0019 0022 0028 0029 0033 0032 0033 0032 0030 0028 0026 0034 1438 0012 0712.
0024 0023 0023 0023 0023 0023 0015 0010 0014 0016 0015 0017
0026 0033 0040 0049 0052 0058 0059 0062 0061 0055 0044 0039 0063 1543 0009 0405.
0030 0025 0018 0013 0010 0007 0007 0005 0007 0011 0005 0009
0017 0025 0060 0088 0099 0114 0121 0116 0113 0099 0085 0072 0123 1446 0002 0710.
0062 0057 0047 0040 0036 0032 0028 0022 0020 0017 0013 0013
0041 0056 0089 0105 0111 0117 0113 0121 0107 0095 0086 0074 0122 1508 0010 0706.
0064 0054 0039 0033 0029 0018 0019 0011 0012 0005 0006 0006
0024 0048 0079 0093 0102 0117 0124 0127 0119 0111 0095 0082 0132 1514 0003 0731.
0074 0076 0072 0069 0066 0061 0056 0054 0056 0057 0057 0057
0058 0071 0096 0102 0116 0129 0132 0136 0126 0118 0107 0099 0139 1509 0052 0323.
0094 0080 0072 0064 0057 0053 0050 0045 0039 0037 0029 0040
0052 0074 0088 0099 0113 0111 0115 0110 0104 0095 0090 0076 0119 1426 0029 0657.
0066 0068 0058 0059 0059 0057 0053 0055 0055 0052 0048 0048
0054 0062 0074 0086 0094 0110 0112 0110 0105 0097 0087 0078 0113 1506 0047 0732.
0062 0062 0061 0060 0057 0056 0055 0056 0056 0056 0056 0055
0059 0065 0070 0083 0093 0101 0109 0113 0114 0107 0090 0085 0114 1601 0054 0735.
0076 0065 0058 0052 0047 0045 0046 0042 0041 0044 0046 0051
0071 0104 0137 0163 0185 0193 0199 0195 0189 0175 0151 0132 0210 1445 0039 0527.
0125 0119 0111 0103 0090 0092 0093 0078 0084 0072 0073 0068
0095 0126 0160 0182 0203 0205 0209 0201 0187 0169 0146 0134 0211 1326 0063 0740.
0121 0113 0106 0094 0091 0082 0076 0071 0069 0070 0063 0064
0079 0103 0128 0142 0175 0180 0186 0190 0181 0168 0158 0142 0192 1518 0063 0656.
0128 0118 0112 0112 0108 0105 0098 0089 0087 0092 0094 0096
0103 0112 0118 0140 0153 0155 0154 0145 0137 0128 0125 0122 0161 1239 0086 0448.
0119 0117 0116 0114 0115 0114 0113 0110 0108 0109 0110 0109
0111 0123 0149 0171 0190 0206 0213 0199 0185 0179 0169 0163 0214 1459 0106 0443.
0157 0153 0148 0145 0141 0136 0134 0132 0129 0129 0128 0126
0129 0135 0140 0148 0155 0162 0179 0173 0167 0163 0156 0147 0181 1513 0126 0632.
0138 0124 0118 0108 0099 0095 0096 0088 0084 0079 0073 0078
0108 0121 0150 0168 0183 0202 0210 0206 0196 0184 0170 0159 0213 1503 0072 0722.
0155 0152 0145 0141 0138 0133 0130 0127 0124 0124 0124 0125
0135 0144 0149 0174 0171 0168 0159 0152 0141 0133 0128 0123 0177 1151 0123 0446.
0122 0113 0107 0105 0095 0095 0093 0095 0094 0092 0083 0077
0074 0075 0075 0077 0079 0077 0073 0074 0072 0067 0063 0062 0125 2032 0062 1943.
0063 0062 0060 0060 0060 0057 0058 0058 0055 0054 0052 0049
0047 0046 0049 0051 0051 0054 0054 0053 0055 0055 0056 0057 0063 2002 0045 0942.
0057 0058 0059 0058 0059 0061 0061 0059 0059 0055 0052 0054
0058 0071 0081 0097 0112 0117 0134 0137 0133 0128 0124 0118 0139 1446 0050 0729.
0114 0108 0101 0094 0089 0089 0087 0087 0086 0078 0082 0083
0089 0089 0091 0089 0096 0099 0098 0093 0094 0092 0090 0089 0117 2001 0077 0551.
0087 0085 0083 0079 0076 0074 0073 0072 0070 0067 0060 0066
0072 0074 0078 0083 0085 0084 0085 0085 0084 0084 0082 0082 0089 2001 0060 0647.
0083 0081 0075 0066 0062 0062 0057 0057 0053 0049 0048 0051
0058 0065 0078 0088 0090 0094 0094 0095 0094 0092 0091 0087 0096 1615 0047 0556.
0087 0085 0084 0083 0081 0082 0080 0079 0080 0081 0080 0081
0086 0095 0107 0111 0118 0124 0128 0127 0127 0121 0118 0113 0129 1428 0079 0321.
0110 0108 0106 0105 0104 0099 0095 0094 0092 0086 0085 0082
0083 0087 0091 0095 0100 0104 0106 0109 0106 0103 0101 0097 0113 2001 0081 0757.
0096 0093 0088 0087 0086 0085 0084 0084 0084 0084 0084 0086
0086 0087 0088 0083 0083 0082 0077 0073 0069 0067 0062 0054 0098 2021 0054 1950.
0054 0051 0049 0047 0048 0040 0032 0024 0013 0016 0020 0023
0026 0032 0038 0050 0053 0060 0069 0064 0064 0063 0061 0063 0069 1448 0011 0505=
IB
=
-053 -047 -050 -072 -069 -066 -030 -033 -023 -025 -020 -018
-018 -026 -025 -024 -037 -045 -042 -044 -046 -037 -041 -056.
-051 -039 -030 -028 -027 -028 -028 -023 -024 -027 -030 -026
-026 -032 -031 -029 -037 -039 -034 -037 -034 -025 -016 -010.
-009 -008 -010 -013 -011 -006 -014 -009 -005 -005 -006 -009
0003 0000 0002 -005 0000 0002 0005 -008 -013 -012 -004 -003.
0002 0007 -001 0000 -006 -007 -006 -004 0000 0005 -005 0003
0007 0015 0019 0005 -018 -001 -029 -033 -025 -015 -008 -003.
-003 -001 0010 0003 0001 -003 0000 0001 -006 -004 -002 -009
0013 0008 -021 -072 -104 -082 -085 -079 -075 -064 -053 -037.
-038 -034 -041 -031 -016 -025 -010 -016 -020 -027 -019 -015
-010 -010 -006 -023 -018 -011 -012 -009 0004 0002 0007 0007.
0008 0006 0011 0018 0021 0018 0015 0022 0024 0016 0018 0020
0024 0028 0031 0008 0013 0000 -012 -004 -010 0000 0004 0020.
0016 0031 0025 0028 0025 0021 0013 0019 0013 0016 0006 0025
0027 0002 -040 -056 -075 -072 -068 -063 -064 -072 -068 -048.
-048 -043 -033 -010 -022 -004 -003 -014 -058 -076 -070 -061
-053 -061 -063 -064 -057 -046 -071 -055 -055 -054 -041 -037.
-024 -027 -013 -014 -012 -013 -008 -002 -002 -007 0006 0007
0007 0010 0011 0005 -003 0004 -006 -011 -007 0001 0002 0002.
0012 0016 0011 0015 0008 0019 0020 0021 0015 0013 0011 0005
0018 0020 0023 0008 -008 -018 -018 -028 -021 0002 0013 0009.
0012 0012 0014 0009 0007 0004 0010 0012 0013 0019 0009 0011
0007 0013 0006 -016 -015 -026 -016 -023 0029 0043 0037 0043.
0041 0041 0043 0042 0039 0037 0038 0039 0040 0031 0031 0032
0034 0038 0032 0024 0038 0039 0029 0032 0036 0042 0045 0048.
0050 0048 0053 0055 0053 0057 0058 0058 0062 0058 0059 0052
0064 0067 0071 0071 0061 0054 0064 0068 0083 0085 0091 0094.
0095 0091 0090 0095 0091 0095 0096 0094 0094 0097 0091 0093
0092 0091 0097 0093 0095 0095 0092 0089 0096 0108 0107 0106.
0107 0105 0110 0099 0099 0106 0104 0106 0099 0101 0102 0101
0106 0109 0108 0100 0105 0101 0058 0046 0030 0016 0024 0032.
0044 0056 0065 0066 0066 0059 0067 0059 0060 0054 0051 0058
0064 0062 0060 0060 0059 0054 0054 0065 0067 0075 0079 0079.
0078 0087 0082 0087 0086 0080 0075 0076 0081 0079 0081 0076
0077 0075 0079 0066 0054 0031 0033 0040 0027 0019 0015 0030.
0018 0028 0018 0026 0043 0035 0053 0051 0061 0048 0066 0065
0062 0060 0063 0063 0064 0055 0049 0047 0049 0052 0053 0052.
0049 0048 0050 0048 0042 0042 0044 0038 0040 0045 0039 0040
0038 0037 0042 0038 0036 0045 0041 0043 0038 0045 0046 0047.
0039 0043 0041 0040 0045 0049 0041 0041 0044 0037 0040 0044
0048 0049 0050 0053 0059 0060 0056 0058 0059 0048 0053 0054.
0061 0060 0057 0059 0070 0072 0067 0063 0064 0059 0062 0069
0072 0074 0067 0069 0069 0075 0072 0064 0063 0058 0063 0065.
0065 0070 0066 0034 0033 0027 0022 0033 0027 0033 0035 0036
0034 0033 0027 0021 0033 0035 0035 0033 0035 0038 0046 0040.
0049 0047 0046 0044 0037 0047 0040 0042 0040 0040 0041 0044
0046 0051 0053 0046 0048 0044 0046 0047 0048 0050 0045 0051.
0051 0053 0053 0054 0052 0057 0061 0064 0065 0064 0065 0061
0066 0066 0072 0068 0065 0071 0066 0065 0067 0074 0071 0074.
0075 0080 0082 0076 0071 0075 0064 0063 0072 0069 0071 0063
0068 0067 0071 0074 0074 0069 0056 0054 0071 0070 0064 0071.
0070 0079 0073 0073 0077 0073 0076 0078 0078 0078 0078 0075
0075 0076 0082 0063 0047 0035 0018 0018 0014 0010 0011 0024.
0021 0010 0017 0007 0011 0012 0019 0012 0001 0007 0010 0010
0011 0017 0015 0013 0007 -001 0004 0003 0007 0016 0016 0022=
EA
041 043 042 036 036 037 049 048 052 051 053 053
053 050 051 051 046 044 045 044 043 046 045 040.
042 046 049 050 050 050 050 052 051 050 049 050
050 048 049 049 047 046 048 046 048 051 055 057.
057 058 057 055 056 058 055 057 059 059 059 057
063 061 062 059 061 062 063 058 056 056 059 060.
062 064 060 061 058 058 058 060 061 063 059 063
064 068 070 063 054 061 049 048 051 055 058 060.
060 060 066 063 062 060 061 062 059 059 060 057
067 065 052 036 028 033 032 034 035 038 041 046.
046 048 045 049 054 051 057 054 053 050 053 055
057 057 059 052 053 056 056 057 063 062 064 064.
065 064 066 070 071 070 068 072 073 069 070 070
073 075 076 065 067 061 056 059 057 061 063 071.
068 076 073 075 073 071 067 070 067 068 064 073
074 062 045 040 035 036 037 038 038 036 037 043.
043 044 048 057 052 059 060 055 040 034 036 039
041 039 038 038 040 043 036 041 041 041 045 047.
051 050 056 055 056 055 058 060 060 058 064 064
064 066 066 063 060 063 059 056 058 062 062 062.
067 069 066 068 065 070 070 071 068 067 066 063
070 071 072 065 057 054 053 050 052 062 067 065.
067 067 067 065 064 063 066 067 067 070 065 066
064 067 064 054 055 051 054 052 075 083 080 083.
082 082 083 083 081 079 080 081 082 076 076 077
078 080 077 073 080 080 075 077 079 082 084 086.
087 086 089 090 089 091 092 092 094 092 093 088
096 098 101 101 094 090 096 099 110 111 116 118.
118 115 115 119 115 119 119 118 118 120 115 117
116 116 120 117 119 119 116 114 119 129 129 128.
128 127 131 122 122 128 126 127 122 123 124 124
128 130 129 123 127 123 092 085 076 069 073 077.
084 091 097 097 098 093 098 093 094 089 088 092
096 095 094 094 092 090 089 097 098 104 107 107.
106 112 109 113 112 107 103 104 108 106 108 104
105 103 107 097 090 076 078 081 074 070 068 076.
070 075 069 074 083 078 089 088 094 086 097 097
095 093 095 096 096 090 087 085 086 088 089 088.
087 086 087 086 082 082 084 080 081 084 080 081
080 080 082 080 079 084 082 083 080 084 085 085.
081 083 082 081 084 087 082 082 084 079 081 083
086 087 087 089 093 093 091 092 093 086 089 090.
094 093 091 093 100 101 098 096 096 093 095 100
101 103 098 099 099 104 102 096 095 092 095 097.
097 100 097 078 077 074 072 077 074 077 079 079
078 077 074 071 078 078 079 078 078 080 085 082.
086 085 085 084 080 085 081 082 081 081 082 083
085 088 089 085 086 084 085 085 086 087 084 088.
088 089 089 090 089 091 094 096 096 096 096 094
097 097 102 099 097 101 097 097 098 103 101 103.
104 107 109 104 101 104 096 095 101 099 101 096
098 098 100 103 103 100 091 090 101 100 096 101.
100 107 102 102 105 102 105 106 106 106 106 104
104 105 109 095 085 078 069 069 068 066 066 073.
071 066 069 064 066 067 070 067 062 064 066 066
066 069 068 067 064 061 063 062 064 069 069 072=
UB
56 58 58 49 51 53 79 78 84 83 85 85
82 75 73 71 64 58 58 55 55 60 59 54 45 2347.
57 63 68 69 70 71 72 76 76 74 73 75
74 69 68 66 62 59 62 60 62 67 73 77 53 2005.
79 80 79 77 78 81 81 87 87 86 86 83
85 79 76 68 69 67 68 61 59 62 71 74 57 1651.
82 88 87 91 89 90 91 94 95 96 93 96
93 93 75 56 44 45 35 35 38 45 52 59 34 1503.
63 66 77 77 78 78 82 86 83 86 90 85
82 71 46 28 21 24 24 24 27 32 37 45 19 1306.
48 53 56 63 72 73 81 82 79 79 83 86
78 66 55 44 43 41 39 39 45 47 54 59 37 1435.
63 61 65 70 73 74 75 80 80 75 76 77
79 74 64 52 49 41 37 38 39 44 49 58 35 1512.
58 71 72 78 80 80 77 83 83 86 85 90
84 60 40 33 26 27 27 29 30 30 32 41 24 1428.
44 45 52 61 56 65 67 61 44 39 42 45
46 41 37 34 34 33 27 31 32 34 40 44 25 1457.
54 53 59 59 61 61 64 66 66 64 70 71
69 68 66 58 51 51 45 42 43 48 54 56 40 1547.
64 71 72 77 76 83 83 86 83 80 78 72
69 56 46 35 27 24 23 22 24 31 39 43 21 1411.
46 48 51 52 56 54 56 63 61 69 64 67
54 46 35 26 23 21 22 22 35 43 48 54 18 1529.
58 61 65 70 70 73 77 80 82 76 80 80
73 64 52 45 40 39 35 35 38 43 47 53 34 1506.
59 62 67 68 69 72 76 81 84 79 79 74
77 74 73 63 54 51 55 60 70 75 80 83 50 1338.
85 84 84 88 85 88 89 90 91 92 88 90
88 81 71 60 54 49 46 49 56 63 67 69 45 1502.
72 73 78 74 76 82 82 84 82 83 84 85
86 84 81 73 72 67 45 43 40 37 41 46 35 1744.
53 63 70 75 80 78 82 82 85 84 86 87
74 67 55 49 44 38 36 40 43 49 55 59 35 1513.
60 65 66 70 71 70 69 71 75 74 75 72
68 63 63 49 46 40 43 47 46 46 46 53 39 1342.
49 56 54 58 70 66 76 74 80 74 89 92
92 90 92 91 90 86 85 83 85 90 93 93 47 2031.
91 91 93 92 88 90 91 87 90 94 91 94
94 94 95 91 90 94 91 93 89 93 93 93 87 0136.
88 90 88 88 91 92 87 88 90 88 92 93
93 86 81 74 70 68 59 59 61 58 62 65 55 1755.
70 72 74 79 88 89 87 85 86 88 87 91
89 90 85 87 83 85 84 82 81 79 83 85 65 2003.
86 90 89 73 74 72 70 76 74 79 84 81
77 75 70 65 70 71 71 70 71 73 78 75 64 1140.
79 79 82 86 84 90 89 90 91 94 95 95
92 91 84 75 75 71 72 72 73 75 73 78 69 1345.
78 80 81 82 82 84 88 90 90 89 90 87
87 82 79 75 70 70 66 66 67 73 73 77 62 1456.
79 83 85 82 80 85 81 81 87 89 91 88
90 87 87 87 84 79 71 69 79 80 78 84 69 1546.
84 91 90 91 94 92 95 96 96 96 96 93
93 93 96 87 78 72 66 68 68 67 70 81 65 1501.
79 75 80 75 77 82 91 92 92 94 93 91
90 90 85 77 72 65 63 65 67 72 73 75 61 1505=
N=
H=
C=
V=
R6
0000 0000 0000
0000 0000 0000
0000 0000 0000
0000 0001 0001
0000 0000 0000
0000 0000 0000
0000 0000 0000
0000 0000 0000
0000 0000 0000
0000 0000 0000
0000 0000 0000
0000 0000 0000
0000 0000 0000
0000 0000 0000
0000 0000 0000
0000 0000 0000
0000 0000 0000
0000 0000 0000
0040 0044 0084
0158 0030 0188
0000 0000 0000
0000 0027 0027
0000 0000 0000
0000 0000 0000
0000 0000 0000
0021 0001 0022
0106 0008 0114
0120 0004 0124=
0000 0000 0000 0000 0000 0000 0000 0000 0000 0000 0000 0000
0000 0000 0000 0000 0000 0000 0000 0000 0000 0000 0000 0000.
0000 0000 0000 0000 0000 0000 0000 0000 0000 0000 0000 0000
0000 0000 0000 0000 0000 0000 0000 0000 0000 0000 0000 0000.
0000 0000 0000 0000 0000 0000 0000 0000 0000 0000 0000 0000
0000 0000 0000 0000 0000 0000 0000 0000 0000 0000 0000 0000.
0000 0000 0000 0000 0000 0000 0000 0000 0000 0000 0000 0000
0000 0000 0001 0000 0000 0000 0000 0000 0000 0000 0000 0000.
0000 0000 0000 0000 0000 0000 0000 0000 0000 0000 0000 0000
0000 0000 0000 0000 0000 0000 0000 0000 0000 0000 0000 0000.
0000 0000 0000 0000 0000 0000 0000 0000 0000 0000 0000 0000
0000 0000 0000 0000 0000 0000 0000 0000 0000 0000 0000 0000.
0000 0000 0000 0000 0000 0000 0000 0000 0000 0000 0000 0000
0000 0000 0000 0000 0000 0000 0000 0000 0000 0000 0000 0000.
0000 0000 0000 0000 0000 0000 0000 0000 0000 0000 0000 0000
0000 0000 0000 0000 0000 0000 0000 0000 0000 0000 0000 0000.
0000 0000 0000 0000 0000 0000 0000 0000 0000 0000 0000 0000
0000 0000 0000 0000 0000 0000 0000 0000 0000 0000 0000 0000.
0000 0000 0000 0000 0000 0000 0000 0000 0000 0000 0000 0000
0000 0000 0000 0000 0000 0000 0000 0000 0000 0000 0000 0000.
0000 0000 0000 0000 0000 0000 0000 0000 0000 0000 0000 0000
0000 0000 0000 0000 0000 0000 0000 0000 0000 0000 0000 0000.
0000 0000 0000 0000 0000 0000 0000 0000 0000 0000 0000 0000
0000 0000 0000 0000 0000 0000 0000 0000 0000 0000 0000 0000.
0000 0000 0000 0000 0000 0000 0000 0000 0000 0000 0000 0000
0000 0000 0000 0000 0000 0000 0000 0000 0000 0000 0000 0000.
0000 0000 0000 0000 0000 0000 0000 0000 0000 0000 0000 0000
0000 0000 0000 0000 0000 0000 0000 0000 0000 0000 0000 0000.
0000 0000 0000 0000 0000 0000 0000 0000 0000 0000 0000 0000
0000 0000 0000 0000 0000 0000 0000 0000 0000 0000 0000 0000.
0000 0000 0000 0000 0000 0000 0000 0000 0000 0000 0000 0000
0000 0000 0000 0000 0000 0000 0000 0000 0000 0000 0000 0000.
0000 0000 0000 0000 0000 0000 0000 0000 0000 0000 0000 0000
0000 0000 0000 0000 0000 0000 0000 0000 0000 0000 0000 0000.
0000 0000 0000 0000 0000 0000 0000 0000 0000 0000 0000 0000
0000 0000 0000 0000 0000 0000 0000 0000 0000 0000 0000 0000.
0000 0000 0000 0000 0001 0000 0000 0000 0000 0000 0023 0016
0015 0009 0004 0003 0000 0007 0004 0000 0000 0000 0001 0001.
0003 0014 0025 0001 0000 0000 0000 0000 0036 0060 0017 0002
0008 0015 0004 0001 0000 0001 0000 0000 0000 0001 0000 0000.
0000 0000 0000 0000 0000 0000 0000 0000 0000 0000 0000 0000
0000 0000 0000 0000 0000 0000 0000 0000 0000 0000 0000 0000.
0000 0000 0000 0000 0000 0000 0000 0000 0000 0000 0000 0000
0002 0003 0003 0011 0007 0001 0000 0000 0000 0000 0000 0000.
0000 0000 0000 0000 0000 0000 0000 0000 0000 0000 0000 0000
0000 0000 0000 0000 0000 0000 0000 0000 0000 0000 0000 0000.
0000 0000 0000 0000 0000 0000 0000 0000 0000 0000 0000 0000
0000 0000 0000 0000 0000 0000 0000 0000 0000 0000 0000 0000.
0000 0000 0000 0000 0000 0000 0000 0000 0000 0000 0000 0000
0000 0000 0000 0000 0000 0000 0000 0000 0000 0000 0000 0000.
0000 0000 0000 0000 0000 0000 0000 0000 0000 0016 0003 0002
0001 0000 0000 0000 0000 0000 0000 0000 0000 0000 0000 0000.
0000 0004 0002 0006 0002 0013 0016 0017 0020 0014 0009 0003
0001 0000 0000 0002 0000 0000 0000 0000 0000 0000 0001 0004.
0002 0002 0001 0000 0001 0015 0035 0021 0031 0006 0004 0002
0002 0002 0000 0000 0000 0000 0000 0000 0000 0000 0000 0000=
0000 ////////// 00000=
W=
LA
=
000 000 001 000 002 000 001 000 001 000 000 000
000 000 001 001 000 000 001 001 000 001 000 000 010.
002 000 001 000 001 000 001 000 001 000 000 000
000 002 000 001 002 001 000 001 000 000 001 000 014.
000 001 000 000 000 000 002 000 000 000 000 000
001 001 000 000 000 000 002 000 000 001 000 000 008.
001 000 000 001 000 001 000 000 001 000 000 001
000 000 001 003 000 002 001 002 001 000 000 000 015.
001 000 000 001 000 000 001 000 001 000 000 001
000 000 002 003 002 003 001 001 002 000 001 001 021.
000 000 000 001 000 000 001 000 001 000 000 001
000 001 000 002 002 001 002 002 001 000 000 000 015.
000 000 000 000 002 000 001 000 000 000 001 000
000 000 000 001 001 002 001 001 002 000 002 000 014.
000 000 000 001 000 000 000 001 000 002 000 000
000 002 001 002 001 004 001 001 002 001 001 001 021.
000 000 000 001 000 001 000 000 001 000 001 001
000 001 001 001 002 002 002 001 002 001 000 002 020.
000 000 000 001 001 000 001 000 001 000 001 000
000 001 000 000 001 001 001 001 001 001 000 001 013.
000 000 002 000 000 000 000 000 001 000 001 000
000 001 002 001 003 002 002 002 002 000 002 000 021.
000 000 001 000 001 000 000 002 000 001 000 000
000 002 003 002 001 003 002 003 002 001 000 001 025.
000 000 000 001 000 000 000 000 000 000 001 000
000 001 000 003 001 002 002 002 001 000 001 000 015.
001 000 000 000 000 001 000 000 001 000 000 000
000 000 001 000 002 001 001 002 000 000 001 000 011.
000 001 000 000 000 001 001 000 000 000 000 001
000 001 000 001 002 001 001 002 001 001 002 000 016.
001 000 000 000 000 001 000 000 000 000 002 000
000 001 001 000 001 000 001 001 000 002 000 001 012.
000 000 000 000 000 000 001 000 000 001 000 000
000 002 002 001 001 002 003 002 002 001 000 001 019.
000 001 000 001 000 002 000 000 000 000 001 000
001 001 000 001 002 001 002 000 002 001 001 000 017.
003 000 000 001 000 000 002 000 000 000 002 002
000 001 001 001 000 000 000 001 001 001 000 001 017.
000 002 001 001 001 000 000 001 001 002 001 001
000 000 002 001 000 000 000 001 001 000 000 000 016.
001 001 000 001 000 000 001 001 000 001 000 000
000 001 000 000 002 001 001 001 001 001 001 000 015.
001 000 000 000 000 000 001 000 001 000 000 000
000 001 001 000 001 001 000 001 000 000 000 000 008.
000 000 000 001 000 000 000 001 001 000 000 000
002 000 001 000 001 000 000 000 000 001 001 000 009.
000 000 000 000 001 000 001 000 001 000 000 000
001 000 001 000 001 001 000 000 001 000 001 000 009.
000 000 001 000 000 000 000 000 000 000 001 000
001 000 000 001 000 001 000 000 000 001 000 000 006.
000 000 000 000 000 000 000 000 000 001 000 000
002 000 000 000 001 000 000 001 000 000 000 000 005.
000 002 000 001 000 001 001 001 001 001 003 000
001 000 001 000 000 000 001 001 000 000 001 000 016.
001 000 000 001 002 001 001 000 001 004 005 002
002 002 001 001 001 000 002 000 000 000 001 000 028=
Z=
G=
FN
PPC001 167009 168007 165015 113010 173015
160016 152011 078007 129017 088012 106009
100008 159011 089015 147016 077009 103010
123011 077012 123015 115011 129023 132019.
107013 093011 089010 097007 079007 118014
090017 102014 064011 082017 081015 093015
087022 083016 130009 110008 143017 168013
231008 296005 274010 210007 098019 126013.
107015 090021 078012 113008 130009 081008
075007 065010 075006 PPC002 090005 084004
PPC002 190010 276008 088008 181009 231006
127012 150005 091015 060006 082011 065007.
226006 344009 PPC000 326007 330007 245008
343010 325010 341010 276010 291007 300005
023008 224009 330011 015010 168017 098021
210013 137018 148015 122023 107015 089010.
064009 343012 266010 276006 006013 029009
020011 PPC002 360012 286009 267012 241008
003005 283008 247012 172029 177024 153022
130022 175016 125027 133026 160020 082010.
082012 021006 018008 324010 276004 241005
302007 261009 003008 337009 023006 265004
PPC000 264009 107011 088014 127014 168018
158013 125024 126020 111015 079009 068012.
060012 301005 339012 255005 320009 335007
274006 262006 003004 PPC002 020007 283009
PPC000 283007 199012 134012 171010 110019
136018 132018 145024 110022 090012 125014.
344009 002009 012009 022007 008010 331008
358010 322009 319006 331003 PPC000 098015
PPC002 168017 077016 113023 173026 188033
165028 105021 111025 130026 127014 085008.
090008 107006 203007 024003 006006 183004
129005 154011 155019 161017 144011 163015
258009 137013 116014 107017 200016 141019
132019 144026 135021 148022 124018 113011.
075010 030005 002005 341007 333008 PPC000
321008 027006 011006 349005 PPC002 215004
PPC000 351005 191011 268010 073005 177013
144011 122011 124017 094009 083010 315006.
330014 216004 229007 345007 297007 324012
318006 315010 339015 351012 327017 334017
293014 349012 300011 283014 282017 100013
140027 127031 142022 140017 051006 344008.
285010 291012 293011 305008 303012 313010
319014 328013 301013 343017 340006 282011
263014 335010 101008 287005 268014 155019
154025 124034 125022 090019 065011 189003.
004012 327017 329007 356012 286009 342011
234008 335012 346016 006012 346010 320011
322006 234009 208011 225007 201011 185019
163022 183022 148022 114013 126011 032007.
339004 331017 325007 337015 358013 013005
338009 248005 319007 177006 289006 354013
316003 045006 110010 359011 152012 173019
104027 128027 107017 069016 075018 086016.
124023 093012 106012 102006 091009 PPC002
248003 357006 PPC001 185010 001006 262007
282012 269010 319009 220011 093014 134019
131025 137030 132033 109020 087018 225009.
285003 190009 325014 005006 360006 003007
200004 PPC001 334005 326007 210008 192007
027009 286007 324011 189014 348008 301008
332006 073006 186009 146017 188006 346007.
036009 073012 320006 019008 004004 318010
261010 047010 335019 341013 254007 PPC000
143003 327008 286011 234011 099019 120023
194026 172031 091022 102015 104014 057010.
049007 028004 324011 293008 333007 009008
353010 344008 349003 351010 006014 002015
330004 005006 192014 143007 189013 132029
145031 167023 151022 175019 165017 353006.
023018 008012 040016 353011 047007 310006
255007 211006 186015 PPC001 109012 159018
149021 150012 176011 186012 175018 158018
160018 139026 138026 144016 139016 173019.
205015 181012 139016 096012 176019 122015
155008 129014 164015 130017 130025 129023
127027 107022 114017 087016 131015 124013
105016 124025 133021 183013 132012 132013.
108009 163012 127009 140009 150005 214009
274003 323010 026007 PPC002 069010 187009
106013 328016 175009 316011 124019 141020
134019 099007 159021 123011 116014 084010.
178007 042006 108008 351009 360011 025010
296007 264008 075005 309005 077006 263004
106015 308014 245011 201005 PPC001 224010
314006 261013 251006 272012 242011 194006.
190008 PPC002 101016 111011 101015 122013
129009 082012 103009 069011 105008 073006
189008 332004 331007 329008 115012 147010
119009 173008 330003 226011 264009 180012.
101012 152005 094017 052005 007003 273003
PPC002 321007 007009 265011 359007 PPC000
232005 303007 315008 141013 046016 122005
104008 026005 197007 PPC000 137015 173007.
121008 PPC000 093003 051007 341010 260010
320008 039007 PPC002 339009 341008 131005
157017 002015 156008 149011 138011 188009
018007 050004 177004 105004 101007 038006.
346006 PPC002 279005 282015 269010 081009
349010 338006 018012 244004 259015 295010
344009 118005 320010 344011 208009 111005
PPC001 PPC000 052004 118011 102007 PPC000.
322007 350007 339008 289003 266008 350007
281013 276010 303004 318004 PPC000 243006
203011 141010 097013 052014 033018 049021
037028 051022 055020 054016 030023 055013.
042009 025011 045011 048008 277007 349016
236007 128015 106016 145010 166011 243010
222008 218011 276011 207007 203013 211013
126014 224005 263004 PPC002 PPC002 133010=
235006 152008 159012 151013 119012 174014
175020 137012 094008 127014 108010 121010
075009 127011 121014 133019 137011 086017
119011 031008 096014 112012 138016 109015.
113012 099011 093011 093008 078008 123015
099015 105015 086011 093014 086014 103012
095019 076017 107014 100015 147016 161013
208010 250006 274008 211010 101018 116016.
105015 095020 090015 097011 116009 101008
084008 080010 067008 065004 058006 061004
181003 199008 222008 100009 229010 234009
111012 169010 098011 063007 081011 065008.
274003 331009 PPC001 337008 322008 234007
337007 320010 343006 274009 284006 311008
010007 253008 344011 355012 143018 132018
151019 130017 134015 114020 101015 093010.
064010 334013 264009 271007 002012 017011
037006 291004 353016 277010 268013 262010
040008 333009 221012 170021 165021 140021
139024 159012 152024 135029 144021 079009.
085012 051007 352007 335011 276008 244005
304009 284007 344006 314007 023008 PPC001
PPC001 300009 109012 142015 132018 136014
144018 132022 127023 104016 080012 067012.
058011 052006 346013 PPC002 319008 334006
268006 263005 323005 281004 012007 288008
PPC001 321007 235011 143011 145011 130020
134019 133023 142024 116019 106012 143011.
340007 326008 356009 001009 008009 192007
010008 315008 278008 339007 136004 098015
058006 135012 143021 130023 185023 168033
158028 125025 152029 135022 125014 084008.
083008 098008 194006 005006 001006 173005
143005 154014 154016 155017 153013 155014
246009 132016 154017 117017 169020 150020
113020 167026 129023 146019 129022 104011.
072010 043006 000008 335008 333006 PPC001
325008 033006 004005 016003 227004 229005
PPC002 333005 187010 242005 067009 145013
139015 138014 107017 115011 081010 193006.
319011 236005 227009 358008 294008 331010
274009 322012 344010 335012 340014 338016
297014 325012 299013 320015 342010 088015
170024 129027 151021 141016 043007 349009.
270007 295013 294012 305011 310013 301010
320015 338012 302010 320014 289011 324015
261011 358011 103010 309009 214013 144021
147025 135032 112030 098021 062012 044004.
005010 332015 324008 357010 295009 337011
257008 309009 350011 347007 341008 309010
338008 236008 222009 214010 249012 195019
167020 163015 148021 120015 115012 051007.
350005 322014 350006 334015 000012 350009
335009 245004 283006 227007 296009 357010
PPC002 043003 093011 289009 112018 158020
125022 130024 101016 084018 091020 091013.
130020 109010 123013 257003 077008 227004
292003 331004 125007 173011 351005 310009
271011 267009 275010 173013 090013 166018
154020 137030 139028 116017 092018 214006.
004006 196007 339013 061005 070006 002009
183004 PPC001 342005 272006 255007 146007
026011 255009 322011 194015 358008 325010
096007 103006 207005 146015 185006 340008.
036010 047009 299003 355006 352006 335008
247012 056012 336013 336012 276006 023003
132007 338011 267011 267010 102017 119021
168018 149026 120019 111015 104012 061010.
039007 356007 331012 280009 331008 346007
356010 358008 013006 351008 356011 349014
339003 357005 194012 183011 180011 130024
139028 156023 151025 158019 159018 339006.
037013 014012 039017 017011 031008 006006
291006 184003 179014 187005 102014 161017
153019 145010 178015 175014 180019 160019
139019 137023 127022 133016 147021 159018.
203013 178015 137015 098008 168015 129015
134010 114016 152018 127015 131021 131025
124026 106021 113017 095017 129015 131015
102017 133021 141022 171014 162013 130016.
138015 152012 123011 135009 136005 203009
274008 334013 026008 256008 069004 198007
094015 007010 194010 272012 104012 110021
150020 134013 150018 133017 122011 089010.
149007 022007 103009 034004 348012 007012
346003 266011 065017 300006 PPC002 306005
102017 306008 232012 286006 175004 275007
301006 267011 267008 295008 245007 177008.
199008 157007 105019 116017 114014 130011
147009 091011 104008 102011 092008 091006
193008 221006 313006 337007 102015 102015
131010 105008 329004 246008 264007 172010.
110009 123009 085014 052007 059005 296004
286003 356004 341009 271010 342009 202003
251003 336008 358011 150013 005012 114006
132011 340005 222009 329006 143011 155008.
106009 120005 070005 030006 347006 241010
299009 329010 357004 338008 254010 146007
157014 337012 183007 129010 156007 203004
331007 035003 197004 078005 112009 003008.
327007 351006 293006 274013 267009 084009
350009 340006 002016 305006 259015 284013
315010 132005 340008 344010 224007 053003
PPC001 PPC000 079004 113009 106008 PPC000.
308005 324009 356008 PPC002 277007 302010
272008 272009 273006 306005 PPC000 211006
200012 161008 069006 044013 034017 046022
048026 051021 033021 043017 030018 053012.
037010 034012 043013 046007 299006 356019
270006 119019 116015 143010 174010 235009
243007 231010 226013 189010 165012 138013
095010 186010 238009 241003 005005 156008=
033175 0244 042204 0239
021102 2031 028074 0902
021096 2202 025102 2024
025115 1728 037136 1721
030136 1759 042130 1850
027160 1530 039156 1529
029136 1612 039145 1604
033168 1400 047162 1358
028130 1844 039116 1842
021115 1445 035082 1611
031160 1633 045159 1625
034131 1537 052150 1534
026172 1527 034198 1520
035098 1546 048102 1545
034141 1613 046130 1620
017170 1734 022156 1734
032167 1608 046181 1601
032137 1627 043156 1648
027344 2133 045349 2128
026131 0758 036139 0814
023132 2020 036082 1448
033354 0932 045009 0930
023122 2349 036133 2319
020103 2307 029128 2303
017006 0720 028000 0715
019268 0736 027224 0743
032037 1423 056068 1432
020345 0150 032349 0156=
DB
0024 0022 0018 0016 0015 0012 0007 0009 0009 0009 0009 0011
0026 0042 0055 0076 0057 0057 0066 0068 0051 0034 0028 0022 0084 1208 0005 0313.
0021 0020 0019 0020 0019 0016 0017 0017 0017 0016 0015 0017
0022 0034 0049 0070 0070 0067 0055 0050 0044 0035 0030 0028 0072 1309 0014 0708.
0027 0025 0025 0025 0023 0021 0000 -008 0009 0013 0013 0020
0038 0054 0076 0114 0101 0098 0093 0083 0067 0046 0021 0011 0115 1154 -009 0350.
0002 -003 -006 -011 -015 -018 -018 -018 -006 -006 -004 -001
0033 0080 0137 0174 0202 0228 0223 0183 0128 0075 0052 0037 0231 1406 -019 0220.
0025 0025 0015 0011 0006 0002 -004 -010 -007 -017 -019 -012
0050 0110 0173 0212 0238 0246 0236 0212 0134 0075 0057 0039 0254 1349 -021 0633.
0028 0017 0003 -002 -005 -012 -012 -019 -020 -024 -022 -014
0042 0098 0165 0205 0232 0219 0239 0199 0138 0087 0058 0045 0255 1338 -026 0621.
0041 0049 0055 0049 0045 0041 0029 0039 0044 0045 0045 0048
0057 0090 0170 0155 0195 0225 0216 0187 0131 0092 0070 0076 0248 1343 0025 0314.
0062 0038 0030 0022 0019 0012 0013 0001 -003 -005 -011 0013
0061 0117 0166 0199 0228 0224 0220 0173 0125 0073 0064 0044 0247 1425 -012 0650.
0027 0033 0027 0041 0041 0041 0038 0037 0031 0026 0020 0029
0067 0103 0158 0213 0231 0257 0217 0185 0127 0080 0061 0043 0257 1400 0017 0732.
0032 0046 0050 0051 0051 0050 0049 0049 0049 0049 0048 0051
0063 0077 0092 0136 0168 0180 0187 0178 0141 0085 0060 0046 0200 1430 0031 2056.
0041 0024 0017 0015 0008 0016 0013 0009 0005 0008 0007 0023
0074 0149 0205 0269 0304 0330 0318 0270 0211 0136 0094 0075 0345 1437 0005 0108.
0061 0055 0051 0039 0034 0033 0030 0018 0019 0021 0011 0030
0107 0183 0261 0315 0347 0356 0333 0278 0213 0144 0103 0083 0366 1334 0008 0707.
0075 0067 0054 0048 0043 0037 0027 0023 0020 0019 0012 0029
0102 0154 0201 0215 0309 0321 0309 0275 0204 0140 0114 0094 0330 1410 0011 0707.
0078 0078 0091 0095 0093 0087 0065 0051 0054 0078 0084 0090
0108 0123 0158 0234 0264 0248 0210 0173 0153 0134 0125 0121 0296 1244 0049 0416.
0118 0118 0116 0115 0115 0114 0106 0097 0080 0104 0106 0109
0140 0161 0243 0290 0334 0353 0325 0227 0196 0171 0155 0149 0355 1355 0079 0454.
0134 0125 0131 0129 0124 0119 0116 0116 0114 0114 0111 0113
0130 0144 0159 0171 0175 0197 0251 0191 0164 0140 0131 0120 0260 1454 0111 0640.
0108 0081 0082 0067 0058 0054 0052 0053 0048 0038 0031 0055
0128 0192 0255 0306 0341 0347 0346 0292 0226 0169 0136 0135 0363 1437 0030 0702.
0130 0134 0125 0119 0119 0118 0113 0112 0107 0114 0111 0117
0147 0174 0178 0278 0210 0195 0172 0159 0139 0126 0119 0115 0279 1202 0105 0449.
0110 0106 0102 0100 0089 0089 0090 0091 0088 0087 0084 0082
0084 0102 0091 0100 0100 0090 0087 0084 0079 0075 0072 0072 0115 2001 0072 1858.
0072 0071 0068 0069 0068 0066 0065 0064 0061 0061 0059 0058
0058 0067 0080 0079 0076 0083 0081 0074 0068 0067 0065 0064 0085 1338 0057 0841.
0063 0064 0064 0063 0065 0066 0064 0057 0061 0041 0032 0054
0089 0100 0133 0168 0217 0227 0234 0187 0152 0118 0114 0109 0239 1434 0030 0716.
0107 0103 0085 0073 0079 0084 0084 0082 0075 0062 0077 0080
0086 0092 0094 0099 0127 0137 0122 0104 0101 0091 0086 0083 0140 1402 0058 0540.
0078 0079 0081 0072 0070 0067 0067 0067 0067 0056 0050 0066
0080 0082 0093 0108 0113 0102 0104 0097 0089 0085 0080 0079 0117 1213 0048 0644.
0078 0075 0063 0051 0046 0045 0034 0046 0042 0032 0037 0054
0070 0092 0118 0135 0122 0128 0120 0108 0103 0095 0088 0085 0139 1144 0031 0549.
0083 0082 0082 0081 0080 0080 0078 0078 0078 0078 0077 0080
0094 0108 0144 0133 0141 0147 0153 0133 0129 0115 0107 0103 0175 1420 0077 0659.
0100 0097 0096 0094 0092 0090 0088 0087 0086 0084 0082 0081
0086 0095 0103 0113 0123 0122 0117 0117 0108 0099 0094 0093 0123 1259 0081 0708.
0093 0092 0090 0089 0089 0088 0087 0086 0085 0085 0085 0088
0091 0097 0098 0095 0090 0085 0075 0072 0067 0060 0056 0056 0100 1041 0055 1904.
0056 0053 0051 0051 0051 0043 0031 0006 0008 0024 0029 0035
0050 0059 0080 0104 0107 0128 0126 0103 0087 0076 0068 0062 0134 1413 0003 0405=
0043 0042 0041 0039 0037 0036 0034 0032 0031 0031 0030 0030
0031 0037 0044 0051 0059 0058 0059 0063 0063 0058 0053 0048.
0045 0042 0041 0040 0039 0037 0036 0036 0035 0035 0034 0034
0034 0037 0041 0048 0055 0059 0059 0057 0056 0053 0050 0047.
0045 0044 0043 0042 0041 0040 0037 0031 0029 0030 0031 0031
0034 0041 0049 0061 0071 0076 0078 0078 0075 0070 0060 0051.
0045 0038 0034 0029 0025 0022 0019 0017 0016 0017 0018 0018
0023 0034 0057 0082 0104 0119 0127 0126 0117 0103 0088 0077.
0069 0061 0055 0050 0046 0041 0037 0033 0030 0027 0023 0020
0023 0042 0069 0096 0116 0131 0135 0134 0122 0108 0091 0081.
0072 0064 0056 0050 0044 0039 0034 0031 0027 0024 0021 0019
0022 0040 0064 0089 0111 0125 0131 0131 0122 0109 0095 0085.
0076 0072 0070 0069 0067 0064 0061 0057 0058 0059 0059 0059
0060 0064 0079 0095 0104 0123 0128 0131 0122 0111 0099 0093.
0089 0081 0074 0067 0061 0057 0054 0049 0044 0041 0037 0035
0042 0059 0079 0099 0115 0129 0134 0130 0120 0106 0093 0085.
0076 0070 0066 0064 0063 0063 0061 0060 0058 0055 0051 0048
0052 0062 0077 0098 0121 0135 0140 0137 0128 0114 0098 0088.
0079 0075 0073 0072 0071 0070 0068 0068 0067 0066 0065 0065
0066 0069 0073 0081 0097 0108 0117 0120 0116 0107 0095 0086.
0078 0072 0065 0060 0055 0052 0051 0049 0046 0043 0042 0041
0048 0068 0090 0116 0140 0162 0174 0173 0163 0148 0131 0118.
0106 0097 0091 0084 0078 0073 0069 0065 0061 0057 0054 0052
0060 0082 0111 0142 0169 0189 0197 0192 0179 0161 0144 0130.
0119 0110 0103 0096 0090 0084 0079 0074 0070 0066 0063 0060
0067 0082 0104 0128 0152 0173 0184 0184 0174 0158 0143 0131.
0121 0113 0109 0108 0105 0105 0100 0093 0088 0088 0091 0092
0096 0101 0106 0127 0153 0166 0168 0160 0151 0143 0135 0130.
0127 0124 0123 0121 0120 0119 0117 0114 0109 0108 0109 0110
0112 0120 0137 0162 0184 0200 0207 0200 0186 0175 0165 0158.
0152 0146 0142 0139 0137 0134 0130 0129 0127 0126 0124 0122
0123 0128 0133 0141 0146 0150 0159 0162 0156 0149 0142 0137.
0132 0124 0117 0112 0105 0100 0095 0092 0088 0084 0081 0078
0087 0107 0135 0163 0187 0204 0213 0210 0199 0183 0167 0156.
0150 0146 0142 0138 0135 0133 0130 0127 0125 0124 0123 0123
0126 0132 0141 0159 0166 0166 0160 0154 0147 0140 0134 0131.
0128 0124 0120 0117 0115 0113 0112 0111 0109 0108 0106 0104
0102 0103 0106 0106 0108 0107 0105 0104 0101 0098 0096 0094.
0092 0091 0089 0088 0087 0086 0085 0084 0082 0078 0078 0077
0076 0076 0079 0083 0085 0086 0088 0087 0085 0084 0082 0081.
0080 0079 0079 0078 0078 0078 0078 0077 0076 0073 0068 0064
0071 0085 0093 0110 0135 0154 0165 0165 0156 0144 0134 0127.
0122 0118 0114 0107 0101 0100 0099 0098 0097 0091 0090 0091
0092 0093 0097 0098 0103 0111 0115 0113 0109 0107 0103 0100.
0098 0095 0094 0093 0090 0087 0086 0085 0084 0083 0078 0077
0081 0084 0088 0094 0100 0102 0102 0102 0101 0098 0095 0093.
0092 0090 0088 0083 0078 0074 0071 0067 0067 0065 0063 0063
0067 0074 0084 0097 0105 0108 0111 0110 0107 0105 0101 0098.
0095 0094 0093 0092 0091 0090 0089 0089 0088 0088 0087 0087
0088 0095 0103 0112 0115 0120 0129 0128 0125 0122 0117 0114.
0111 0108 0106 0105 0103 0101 0100 0098 0097 0096 0095 0094
0094 0095 0099 0102 0106 0110 0112 0113 0112 0109 0106 0104.
0102 0101 0100 0099 0098 0098 0097 0096 0095 0094 0093 0093
0094 0096 0098 0099 0099 0097 0095 0092 0089 0086 0082 0080.
0078 0077 0075 0073 0072 0071 0064 0056 0046 0045 0047 0050
0052 0057 0064 0076 0087 0094 0103 0104 0100 0095 0089 0084=
0052 0051 0050 0049 0048 0046 0045 0044 0043 0042 0041 0040
0040 0041 0044 0048 0053 0056 0057 0060 0061 0061 0059 0057.
0054 0052 0051 0050 0048 0047 0046 0046 0045 0044 0044 0043
0043 0043 0044 0047 0051 0055 0057 0058 0058 0057 0056 0055.
0053 0052 0051 0050 0049 0048 0048 0045 0042 0041 0041 0040
0041 0043 0046 0051 0058 0064 0068 0070 0071 0070 0068 0063.
0059 0054 0050 0046 0043 0040 0037 0035 0033 0032 0031 0031
0031 0034 0042 0054 0069 0082 0093 0100 0101 0099 0093 0086.
0080 0074 0070 0065 0061 0058 0054 0051 0047 0045 0042 0039
0037 0040 0050 0064 0079 0093 0103 0108 0109 0105 0099 0091.
0085 0079 0073 0068 0063 0059 0055 0051 0047 0044 0041 0039
0037 0040 0049 0062 0076 0090 0099 0105 0107 0105 0099 0093.
0087 0082 0079 0077 0075 0073 0071 0069 0067 0066 0066 0066
0066 0066 0069 0078 0085 0094 0103 0109 0111 0108 0103 0098.
0095 0091 0087 0082 0077 0073 0070 0066 0063 0059 0056 0053
0052 0056 0065 0076 0087 0098 0107 0111 0111 0107 0101 0095.
0089 0084 0080 0077 0074 0073 0072 0070 0069 0067 0065 0062
0061 0063 0068 0077 0090 0102 0111 0116 0116 0113 0106 0099.
0093 0088 0084 0082 0080 0079 0078 0076 0075 0074 0073 0073
0072 0073 0074 0077 0083 0090 0097 0103 0106 0105 0100 0095.
0090 0086 0081 0076 0072 0069 0066 0064 0062 0060 0058 0056
0056 0060 0071 0083 0099 0114 0128 0137 0140 0137 0131 0123.
0116 0109 0103 0098 0093 0089 0085 0081 0078 0074 0071 0069
0068 0073 0084 0100 0118 0136 0149 0156 0157 0152 0145 0136.
0129 0122 0115 0110 0105 0100 0096 0091 0087 0084 0080 0077
0076 0080 0088 0100 0113 0129 0142 0150 0152 0149 0142 0135.
0129 0123 0118 0115 0113 0111 0109 0105 0101 0098 0097 0098
0098 0100 0103 0109 0120 0133 0141 0143 0142 0138 0135 0131.
0128 0126 0124 0123 0121 0120 0119 0118 0116 0113 0112 0112
0113 0114 0120 0130 0144 0157 0167 0173 0171 0167 0162 0156.
0152 0148 0144 0142 0139 0137 0135 0133 0131 0129 0128 0126
0126 0126 0128 0131 0135 0138 0142 0147 0148 0146 0143 0139.
0136 0133 0128 0124 0119 0115 0111 0107 0104 0101 0098 0095
0094 0099 0111 0126 0142 0157 0169 0176 0177 0173 0166 0159.
0153 0149 0146 0143 0140 0137 0135 0133 0131 0129 0128 0127
0126 0128 0132 0137 0147 0150 0151 0149 0147 0143 0140 0136.
0134 0131 0128 0126 0123 0122 0120 0118 0117 0116 0114 0113
0111 0110 0111 0111 0111 0112 0111 0110 0109 0107 0105 0104.
0102 0101 0099 0097 0097 0096 0095 0094 0092 0089 0088 0087
0086 0085 0085 0087 0088 0089 0090 0091 0091 0090 0089 0088.
0087 0087 0086 0086 0085 0085 0085 0085 0084 0083 0081 0078
0077 0081 0086 0093 0104 0118 0130 0137 0140 0137 0133 0128.
0125 0122 0119 0115 0111 0108 0107 0105 0104 0102 0099 0098
0098 0098 0099 0100 0101 0105 0108 0110 0110 0109 0107 0105.
0104 0102 0101 0100 0098 0096 0095 0093 0092 0091 0090 0087
0087 0088 0090 0092 0095 0098 0100 0101 0101 0100 0099 0098.
0097 0096 0095 0093 0090 0087 0085 0082 0080 0078 0076 0075
0075 0077 0080 0086 0093 0098 0101 0103 0104 0103 0102 0101.
0099 0098 0097 0096 0095 0095 0094 0093 0093 0092 0092 0092
0091 0093 0096 0101 0105 0109 0113 0117 0118 0117 0116 0114.
0113 0111 0109 0108 0107 0105 0104 0103 0102 0101 0100 0099
0098 0098 0099 0101 0103 0105 0107 0109 0110 0109 0108 0107.
0106 0105 0104 0103 0102 0102 0101 0100 0099 0098 0098 0097
0097 0098 0098 0099 0100 0100 0099 0098 0096 0094 0092 0090.
0088 0086 0085 0084 0082 0081 0078 0074 0067 0063 0062 0062
0062 0064 0066 0071 0077 0083 0089 0094 0095 0095 0093 0090=
0060 0059 0058 0058 0057 0056 0055 0054 0053 0052 0052 0051
0050 0050 0051 0052 0055 0057 0059 0061 0062 0064 0064 0063.
0062 0061 0060 0059 0058 0057 0056 0055 0054 0054 0053 0053
0052 0052 0052 0053 0054 0057 0059 0060 0061 0061 0061 0061.
0060 0059 0059 0058 0057 0057 0056 0055 0054 0052 0051 0051
0050 0051 0051 0053 0057 0060 0064 0067 0069 0070 0070 0069.
0067 0064 0062 0059 0056 0054 0052 0049 0048 0046 0045 0044
0043 0043 0045 0050 0057 0065 0074 0081 0086 0089 0089 0087.
0084 0081 0078 0075 0072 0069 0066 0064 0061 0059 0057 0054
0052 0051 0053 0058 0066 0075 0083 0090 0095 0096 0096 0093.
0090 0086 0083 0079 0076 0072 0069 0066 0063 0060 0058 0055
0053 0052 0054 0058 0065 0074 0082 0088 0093 0096 0095 0094.
0091 0088 0085 0083 0082 0081 0079 0077 0076 0074 0074 0073
0073 0072 0073 0075 0079 0084 0090 0095 0099 0101 0101 0099.
0097 0095 0093 0090 0087 0084 0081 0079 0076 0073 0071 0068
0066 0065 0067 0072 0078 0084 0091 0097 0100 0101 0100 0098.
0095 0092 0089 0086 0084 0082 0081 0079 0078 0077 0075 0074
0072 0071 0072 0075 0080 0087 0095 0100 0104 0106 0105 0102.
0099 0096 0093 0090 0088 0087 0086 0084 0083 0082 0081 0080
0080 0079 0079 0080 0082 0085 0089 0094 0097 0099 0099 0098.
0096 0093 0090 0087 0084 0082 0079 0077 0075 0073 0071 0069
0068 0068 0071 0076 0083 0093 0103 0111 0118 0121 0121 0119.
0116 0113 0109 0106 0102 0099 0096 0093 0090 0087 0085 0082
0080 0080 0082 0089 0098 0108 0119 0128 0134 0136 0135 0133.
0129 0125 0121 0117 0114 0110 0107 0103 0100 0097 0094 0091
0089 0088 0090 0094 0100 0109 0118 0126 0132 0134 0134 0132.
0129 0126 0122 0120 0118 0116 0114 0112 0110 0107 0105 0104
0104 0104 0104 0106 0110 0117 0123 0128 0131 0131 0131 0129.
0128 0126 0125 0124 0123 0122 0121 0120 0119 0118 0116 0116
0115 0115 0117 0120 0126 0134 0142 0149 0153 0154 0153 0151.
0149 0147 0144 0143 0141 0139 0137 0136 0134 0133 0131 0130
0129 0128 0128 0129 0131 0133 0135 0138 0140 0141 0140 0139.
0138 0136 0133 0131 0128 0125 0122 0119 0116 0113 0111 0108
0106 0106 0109 0115 0123 0133 0142 0150 0156 0158 0157 0155.
0152 0149 0147 0144 0142 0140 0139 0137 0135 0134 0132 0131
0130 0130 0131 0133 0137 0141 0143 0144 0144 0143 0141 0139.
0137 0135 0134 0132 0130 0128 0127 0125 0124 0123 0122 0120
0119 0118 0117 0117 0117 0117 0116 0116 0115 0114 0113 0112.
0111 0109 0108 0107 0106 0105 0104 0103 0102 0099 0098 0097
0096 0095 0094 0094 0095 0095 0096 0096 0097 0096 0096 0096.
0095 0094 0094 0093 0093 0092 0092 0092 0092 0091 0090 0089
0087 0087 0089 0091 0096 0103 0111 0119 0124 0126 0127 0126.
0124 0122 0121 0119 0117 0115 0113 0111 0110 0109 0107 0106
0105 0104 0104 0104 0104 0106 0107 0109 0110 0110 0110 0109.
0108 0107 0106 0105 0104 0103 0102 0101 0100 0099 0098 0097
0095 0095 0095 0096 0097 0099 0101 0102 0102 0103 0103 0102.
0101 0101 0100 0099 0098 0096 0095 0093 0091 0089 0088 0086
0085 0085 0086 0088 0091 0094 0097 0100 0101 0102 0103 0103.
0102 0101 0101 0100 0100 0099 0099 0098 0098 0097 0097 0097
0096 0096 0097 0099 0102 0104 0107 0110 0112 0113 0114 0114.
0113 0112 0112 0111 0110 0109 0108 0108 0107 0106 0105 0104
0104 0103 0103 0103 0104 0105 0107 0108 0109 0109 0109 0109.
0109 0108 0107 0107 0106 0106 0105 0104 0104 0103 0102 0102
0102 0101 0102 0102 0102 0103 0103 0102 0101 0100 0099 0098.
0097 0095 0094 0093 0092 0090 0089 0086 0083 0079 0076 0075
0074 0074 0074 0076 0078 0082 0085 0089 0092 0093 0094 0093=
0063 0063 0063 0062 0062 0061 0061 0060 0059 0059 0058 0057
0057 0056 0056 0056 0057 0059 0060 0061 0062 0063 0064 0064.
0064 0064 0063 0063 0062 0061 0061 0060 0060 0059 0058 0058
0058 0057 0057 0057 0058 0058 0060 0061 0062 0062 0063 0063.
0063 0062 0062 0062 0061 0061 0060 0060 0059 0058 0057 0057
0056 0056 0056 0056 0057 0059 0062 0064 0066 0067 0068 0068.
0068 0067 0066 0064 0063 0061 0059 0058 0056 0055 0053 0052
0051 0051 0051 0052 0055 0059 0064 0069 0074 0078 0080 0081.
0081 0080 0079 0077 0075 0073 0072 0070 0068 0066 0064 0062
0061 0059 0058 0060 0062 0067 0072 0077 0082 0085 0087 0088.
0087 0086 0084 0082 0080 0078 0076 0073 0071 0069 0067 0065
0063 0061 0060 0061 0063 0067 0072 0077 0081 0085 0087 0088.
0088 0087 0085 0084 0083 0082 0081 0080 0079 0078 0077 0076
0076 0075 0075 0075 0077 0079 0082 0086 0089 0092 0093 0094.
0093 0093 0092 0091 0089 0087 0085 0084 0082 0080 0078 0076
0074 0072 0072 0073 0075 0078 0082 0086 0090 0093 0094 0094.
0093 0092 0090 0089 0087 0086 0084 0083 0082 0081 0080 0079
0077 0076 0076 0076 0078 0081 0085 0089 0093 0096 0098 0098.
0097 0095 0094 0092 0091 0089 0088 0087 0086 0085 0084 0084
0083 0082 0082 0082 0082 0083 0085 0088 0090 0093 0094 0095.
0094 0093 0092 0090 0088 0087 0085 0083 0081 0080 0078 0077
0075 0074 0074 0076 0078 0083 0089 0095 0101 0105 0108 0109.
0109 0108 0107 0105 0103 0101 0099 0096 0094 0092 0090 0088
0086 0085 0085 0086 0090 0095 0101 0108 0114 0118 0121 0122.
0121 0120 0118 0116 0114 0111 0109 0107 0104 0102 0100 0098
0095 0094 0093 0094 0096 0100 0104 0110 0115 0119 0121 0122.
0122 0121 0120 0118 0116 0115 0114 0113 0111 0109 0108 0106
0106 0105 0105 0105 0106 0109 0112 0116 0119 0121 0122 0123.
0122 0122 0121 0121 0120 0120 0119 0118 0118 0117 0116 0115
0115 0114 0114 0115 0118 0121 0126 0131 0136 0138 0140 0141.
0140 0139 0139 0138 0136 0135 0134 0133 0132 0131 0130 0129
0128 0127 0127 0127 0127 0128 0129 0130 0132 0133 0134 0134.
0134 0133 0132 0130 0129 0127 0125 0123 0121 0118 0116 0114
0112 0111 0111 0112 0115 0120 0126 0132 0137 0141 0143 0144.
0143 0142 0141 0140 0139 0138 0137 0135 0134 0133 0132 0131
0130 0129 0129 0129 0131 0133 0135 0136 0137 0137 0137 0137.
0135 0134 0133 0132 0131 0129 0128 0127 0126 0125 0124 0123
0122 0121 0120 0119 0119 0118 0118 0118 0117 0116 0116 0115.
0114 0113 0112 0111 0110 0109 0108 0107 0107 0105 0103 0102
0101 0100 0099 0099 0098 0098 0098 0099 0099 0099 0099 0098.
0098 0098 0097 0097 0097 0096 0096 0095 0095 0095 0094 0093
0092 0091 0091 0092 0094 0097 0101 0106 0111 0114 0117 0118.
0118 0118 0117 0117 0116 0115 0114 0112 0111 0110 0109 0108
0107 0106 0106 0105 0105 0106 0106 0107 0108 0109 0109 0109.
0108 0108 0107 0107 0106 0105 0105 0104 0103 0102 0101 0100
0100 0099 0098 0098 0098 0099 0100 0101 0101 0102 0102 0102.
0102 0102 0101 0101 0100 0100 0099 0097 0096 0095 0093 0092
0091 0090 0090 0090 0091 0093 0095 0097 0098 0099 0100 0101.
0101 0101 0101 0100 0100 0100 0100 0099 0099 0099 0098 0098
0098 0097 0098 0098 0099 0101 0102 0104 0106 0108 0109 0110.
0110 0110 0110 0109 0109 0108 0108 0108 0107 0106 0106 0105
0105 0104 0104 0104 0104 0104 0105 0106 0106 0107 0107 0108.
0108 0107 0107 0107 0106 0106 0106 0105 0105 0104 0104 0103
0103 0102 0102 0102 0102 0103 0103 0103 0102 0102 0101 0101.
0100 0099 0098 0097 0096 0095 0094 0092 0090 0087 0085 0083
0082 0081 0081 0080 0081 0082 0084 0086 0089 0091 0092 0092=
0086 0086 0086 0086 0086 0086 0085 0086 0085 0085 0085 0085
0085 0085 0085 0085 0084 0084 0084 0084 0084 0084 0084 0084.
0084 0084 0084 0084 0084 0084 0084 0084 0084 0084 0084 0084
0084 0084 0084 0084 0083 0083 0083 0083 0083 0083 0083 0083.
0083 0083 0083 0083 0083 0083 0083 0083 0083 0083 0083 0083
0083 0083 0083 0082 0082 0082 0082 0082 0082 0082 0082 0083.
0083 0083 0083 0083 0083 0083 0083 0083 0082 0082 0082 0082
0081 0081 0081 0081 0080 0080 0080 0080 0080 0081 0081 0081.
0082 0082 0082 0082 0083 0083 0083 0083 0083 0083 0083 0083
0082 0082 0082 0082 0082 0082 0081 0082 0082 0082 0082 0082.
0083 0083 0083 0084 0084 0084 0084 0084 0084 0084 0083 0083
0083 0083 0083 0082 0082 0082 0082 0082 0082 0082 0082 0082.
0083 0083 0083 0083 0084 0084 0084 0084 0084 0084 0084 0084
0084 0084 0084 0084 0084 0084 0085 0085 0085 0085 0086 0086.
0086 0087 0087 0087 0087 0088 0088 0088 0088 0088 0088 0088
0087 0087 0087 0087 0087 0087 0087 0087 0087 0087 0087 0087.
0088 0088 0088 0088 0088 0088 0088 0088 0088 0088 0088 0088
0088 0088 0088 0088 0088 0088 0088 0088 0088 0088 0088 0089.
0089 0089 0089 0090 0090 0090 0090 0090 0090 0090 0090 0090
0090 0090 0090 0089 0089 0089 0089 0090 0090 0090 0090 0090.
0090 0090 0091 0091 0091 0091 0091 0091 0091 0090 0090 0090
0090 0090 0089 0089 0089 0089 0089 0089 0089 0090 0090 0091.
0091 0091 0092 0092 0093 0093 0093 0093 0093 0093 0093 0093
0093 0093 0093 0093 0092 0092 0092 0093 0093 0093 0094 0094.
0095 0095 0096 0096 0096 0097 0097 0097 0097 0097 0097 0097
0097 0096 0096 0096 0096 0096 0096 0096 0096 0096 0097 0097.
0098 0098 0098 0099 0099 0099 0099 0099 0100 0100 0100 0100
0100 0100 0100 0100 0100 0100 0100 0100 0100 0101 0101 0101.
0102 0102 0102 0103 0103 0103 0104 0104 0104 0104 0104 0104
0104 0105 0105 0105 0105 0105 0105 0106 0106 0107 0107 0108.
0108 0109 0109 0110 0110 0110 0111 0111 0111 0111 0111 0112
0112 0112 0112 0112 0112 0112 0112 0113 0113 0113 0113 0113.
0114 0114 0114 0114 0114 0114 0114 0114 0114 0114 0114 0114
0113 0113 0113 0113 0113 0112 0112 0112 0113 0113 0113 0114.
0114 0114 0115 0115 0115 0116 0116 0116 0116 0116 0116 0116
0116 0116 0116 0116 0116 0117 0117 0117 0117 0117 0117 0118.
0118 0118 0118 0118 0118 0118 0118 0118 0118 0118 0118 0118
0118 0118 0118 0117 0117 0117 0117 0117 0117 0117 0116 0116.
0116 0116 0116 0116 0116 0115 0115 0115 0115 0114 0114 0114
0113 0113 0113 0113 0112 0112 0112 0111 0111 0111 0111 0111.
0110 0110 0110 0110 0110 0109 0109 0109 0109 0109 0109 0108
0108 0108 0108 0108 0108 0107 0107 0108 0107 0107 0108 0108.
0108 0109 0109 0109 0109 0110 0110 0110 0110 0110 0110 0110
0110 0110 0110 0110 0110 0110 0110 0110 0110 0110 0110 0110.
0110 0110 0110 0110 0110 0110 0110 0110 0110 0110 0109 0109
0109 0109 0109 0109 0109 0108 0108 0108 0108 0108 0108 0108.
0108 0108 0108 0108 0108 0108 0108 0108 0108 0108 0108 0107
0107 0107 0107 0106 0106 0106 0106 0106 0106 0106 0106 0106.
0106 0106 0106 0106 0106 0106 0106 0106 0106 0106 0106 0106
0106 0106 0106 0106 0106 0106 0106 0106 0107 0107 0107 0107.
0107 0108 0108 0108 0108 0108 0108 0108 0108 0108 0109 0109
0109 0109 0109 0109 0109 0109 0109 0109 0109 0109 0109 0109.
0109 0109 0109 0109 0109 0109 0109 0109 0109 0109 0109 0109
0109 0109 0109 0109 0109 0109 0109 0109 0109 0109 0109 0109.
0109 0109 0109 0109 0108 0108 0108 0108 0107 0107 0107 0106
0106 0106 0105 0105 0104 0104 0104 0104 0103 0103 0103 0103=
KB
0107 0107 0107 0107 0107 0107 0107 0107 0107 0107 0107 0106
0106 0106 0106 0106 0106 0106 0106 0106 0106 0106 0106 0106.
0105 0105 0105 0105 0105 0105 0105 0105 0105 0105 0105 0105
0105 0105 0105 0105 0105 0104 0104 0104 0104 0104 0104 0104.
0104 0104 0104 0104 0104 0104 0104 0103 0104 0103 0103 0103
0103 0103 0103 0103 0103 0103 0103 0103 0103 0103 0103 0103.
0103 0103 0103 0103 0103 0102 0102 0102 0102 0102 0102 0102
0102 0102 0102 0102 0102 0102 0102 0102 0102 0102 0102 0102.
0101 0101 0101 0101 0101 0101 0101 0101 0101 0101 0101 0101
0101 0101 0101 0101 0101 0101 0101 0101 0101 0101 0101 0101.
0101 0101 0101 0101 0101 0101 0101 0101 0101 0101 0101 0101
0101 0101 0101 0101 0101 0101 0101 0101 0101 0100 0100 0100.
0100 0100 0100 0100 0100 0100 0100 0100 0100 0100 0100 0100
0100 0100 0100 0100 0100 0100 0100 0100 0100 0100 0100 0100.
0100 0100 0100 0101 0101 0100 0101 0101 0101 0101 0101 0101
0101 0101 0101 0101 0101 0101 0101 0101 0101 0101 0101 0101.
0101 0101 0101 0101 0101 0101 0101 0101 0101 0101 0101 0101
0101 0101 0101 0102 0102 0102 0102 0102 0102 0102 0102 0102.
0102 0102 0102 0101 0102 0102 0102 0102 0102 0102 0102 0102
0102 0102 0102 0102 0102 0102 0102 0102 0102 0102 0102 0102.
0102 0102 0102 0102 0102 0102 0102 0102 0102 0102 0102 0102
0103 0103 0103 0103 0103 0103 0103 0103 0103 0103 0103 0103.
0103 0103 0103 0103 0103 0103 0103 0103 0103 0103 0103 0103
0103 0103 0103 0103 0103 0103 0103 0103 0103 0103 0103 0103.
0103 0104 0104 0104 0104 0104 0104 0104 0104 0104 0104 0104
0104 0104 0104 0105 0105 0105 0105 0105 0105 0105 0105 0105.
0105 0105 0105 0105 0105 0105 0105 0105 0106 0105 0106 0106
0106 0106 0106 0106 0106 0106 0106 0106 0106 0107 0107 0107.
0107 0107 0107 0107 0107 0107 0107 0107 0107 0107 0107 0108
0108 0108 0108 0108 0108 0108 0108 0109 0109 0109 0109 0109.
0109 0109 0109 0109 0109 0110 0110 0110 0110 0110 0110 0110
0111 0111 0111 0111 0111 0111 0111 0112 0112 0112 0112 0112.
0112 0112 0112 0113 0113 0113 0113 0113 0113 0113 0113 0114
0114 0114 0114 0114 0114 0114 0114 0115 0115 0114 0115 0115.
0115 0115 0115 0115 0115 0115 0115 0115 0115 0115 0115 0115
0116 0116 0116 0116 0116 0116 0116 0116 0116 0117 0117 0117.
0117 0117 0117 0117 0117 0117 0117 0117 0118 0118 0118 0118
0118 0118 0118 0118 0118 0118 0118 0118 0118 0118 0118 0118.
0119 0119 0119 0119 0119 0119 0119 0119 0119 0119 0119 0119
0119 0119 0119 0119 0119 0119 0119 0119 0119 0119 0119 0119.
0119 0119 0118 0118 0118 0118 0118 0118 0118 0118 0118 0118
0118 0118 0118 0118 0118 0118 0118 0118 0117 0117 0117 0117.
0117 0117 0117 0117 0117 0117 0117 0117 0117 0117 0117 0117
0117 0117 0117 0117 0117 0117 0117 0117 0117 0117 0117 0117.
0117 0117 0117 0117 0117 0117 0117 0117 0117 0117 0117 0117
0117 0117 0117 0117 0117 0117 0117 0117 0117 0117 0117 0117.
0117 0117 0117 0117 0117 0117 0117 0117 0117 0117 0117 0117
0117 0117 0117 0117 0117 0116 0117 0116 0116 0116 0116 0116.
0116 0116 0116 0116 0116 0116 0116 0116 0116 0116 0116 0116
0116 0116 0116 0116 0116 0116 0116 0116 0116 0116 0116 0116.
0116 0115 0115 0115 0115 0115 0115 0116 0116 0116 0116 0116
0116 0116 0116 0116 0116 0116 0116 0116 0116 0116 0116 0116.
0116 0116 0116 0116 0116 0116 0116 0116 0116 0116 0116 0116
0116 0116 0116 0116 0116 0116 0116 0116 0116 0116 0116 0116.
0116 0116 0116 0116 0116 0116 0116 0116 0116 0116 0116 0116
0116 0116 0116 0116 0116 0116 0116 0116 0116 0116 0115 0115=
0144 0144 0144 0144 0144 0144 0144 0144 0144 0144 0144 0144
0144 0144 0144 0144 0144 0144 0144 0144 0144 0143 0143 0143.
0143 0143 0143 0143 0143 0143 0143 0143 0143 0143 0143 0143
0143 0143 0143 0143 0143 0143 0143 0143 0143 0143 0143 0143.
0143 0143 0143 0143 0143 0142 0142 0142 0142 0142 0142 0142
0142 0142 0142 0142 0142 0142 0142 0142 0142 0142 0142 0142.
0142 0142 0142 0142 0142 0142 0142 0142 0142 0142 0142 0142
0141 0141 0141 0141 0142 0141 0141 0141 0141 0141 0141 0141.
0141 0141 0141 0141 0141 0141 0141 0141 0141 0141 0141 0141
0141 0141 0141 0141 0141 0141 0141 0141 0140 0140 0140 0140.
0140 0140 0140 0140 0140 0140 0140 0140 0140 0140 0140 0140
0140 0140 0140 0140 0140 0140 0140 0140 0140 0140 0140 0140.
0139 0139 0139 0139 0139 0139 0139 0139 0139 0139 0139 0139
0139 0139 0139 0139 0139 0139 0139 0139 0139 0139 0139 0139.
0139 0139 0139 0139 0139 0139 0139 0138 0138 0138 0138 0138
0138 0138 0138 0138 0138 0138 0138 0138 0138 0138 0138 0138.
0138 0138 0138 0138 0138 0138 0138 0138 0138 0138 0138 0138
0138 0138 0138 0138 0138 0138 0138 0138 0138 0137 0138 0137.
0137 0137 0137 0137 0137 0137 0137 0137 0137 0137 0137 0137
0137 0137 0137 0137 0137 0137 0137 0137 0137 0137 0137 0137.
0137 0137 0137 0137 0137 0137 0137 0137 0137 0137 0137 0137
0137 0137 0137 0137 0137 0137 0137 0137 0136 0136 0136 0136.
0136 0136 0136 0136 0136 0136 0136 0136 0136 0136 0136 0136
0136 0136 0136 0136 0136 0136 0136 0136 0136 0136 0136 0136.
0136 0136 0136 0136 0136 0136 0136 0136 0136 0136 0136 0136
0136 0136 0136 0136 0136 0136 0136 0136 0136 0136 0136 0136.
0136 0135 0136 0135 0135 0135 0136 0135 0136 0135 0136 0135
0135 0135 0135 0135 0135 0136 0135 0135 0135 0135 0135 0135.
0135 0135 0135 0135 0135 0135 0135 0135 0135 0135 0135 0135
0135 0135 0135 0135 0135 0135 0135 0135 0135 0135 0135 0135.
0135 0135 0135 0135 0135 0135 0135 0135 0135 0135 0135 0135
0135 0135 0135 0135 0135 0135 0135 0135 0135 0135 0135 0135.
0135 0135 0135 0135 0135 0135 0135 0135 0135 0135 0135 0135
0135 0135 0135 0135 0135 0135 0135 0135 0135 0135 0135 0135.
0135 0135 0135 0135 0135 0135 0135 0135 0135 0135 0135 0135
0135 0135 0135 0135 0135 0135 0135 0135 0135 0135 0135 0135.
0135 0135 0135 0136 0136 0136 0136 0136 0136 0136 0136 0136
0136 0136 0136 0136 0136 0136 0136 0136 0136 0136 0136 0136.
0136 0136 0136 0136 0136 0136 0136 0136 0136 0136 0136 0136
0136 0136 0136 0136 0136 0136 0136 0136 0136 0136 0136 0136.
0136 0136 0136 0136 0136 0136 0136 0136 0136 0136 0136 0136
0136 0137 0136 0137 0137 0137 0137 0137 0137 0137 0137 0137.
0137 0137 0137 0137 0137 0137 0137 0137 0137 0137 0137 0137
0137 0137 0137 0137 0137 0137 0137 0137 0137 0137 0137 0137.
0137 0137 0137 0137 0137 0137 0137 0137 0137 0137 0137 0137
0137 0137 0137 0137 0137 0137 0137 0137 0137 0137 0137 0137.
0137 0137 0137 0137 0137 0137 0137 0137 0137 0137 0137 0137
0137 0137 0137 0137 0137 0137 0137 0137 0137 0137 0137 0137.
0137 0137 0137 0137 0137 0137 0137 0137 0137 0137 0137 0137
0137 0137 0137 0137 0137 0137 0137 0137 0137 0137 0137 0138.
0138 0137 0138 0137 0137 0137 0137 0137 0137 0137 0137 0137
0137 0137 0137 0137 0138 0138 0138 0138 0138 0137 0137 0137.
0137 0137 0137 0137 0137 0137 0137 0137 0137 0137 0137 0137
0137 0137 0137 0137 0137 0138 0137 0137 0137 0138 0137 0137.
0137 0137 0137 0137 0137 0137 0137 0137 0137 0137 0137 0137
0137 0137 0137 0137 0137 0137 0137 0137 0137 0137 0137 0137=
0181 0181 0181 0181 0181 0181 0181 0181 0181 0181 0181 0181
0181 0180 0181 0181 0181 0181 0181 0181 0181 0180 0180 0180.
0180 0180 0180 0180 0180 0180 0180 0180 0180 0180 0180 0180
0180 0180 0180 0180 0180 0180 0180 0180 0180 0180 0180 0180.
0180 0180 0180 0180 0180 0180 0180 0180 0180 0180 0180 0180
0180 0180 0180 0180 0180 0180 0180 0180 0180 0180 0180 0180.
0180 0180 0180 0180 0180 0180 0180 0180 0180 0180 0180 0180
0179 0179 0180 0180 0180 0180 0180 0180 0180 0179 0179 0179.
0179 0179 0179 0179 0179 0179 0179 0179 0179 0179 0179 0179
0179 0179 0179 0179 0179 0179 0179 0179 0179 0179 0179 0179.
0179 0179 0179 0179 0179 0179 0179 0179 0179 0179 0179 0179
0179 0179 0179 0179 0179 0179 0179 0179 0179 0179 0179 0179.
0179 0179 0179 0179 0179 0179 0178 0179 0178 0178 0178 0178
0178 0178 0178 0178 0178 0178 0179 0178 0178 0178 0178 0178.
0178 0178 0178 0178 0178 0178 0178 0178 0178 0178 0178 0178
0178 0178 0178 0178 0178 0178 0178 0178 0178 0178 0178 0178.
0178 0178 0178 0178 0178 0178 0178 0178 0178 0178 0178 0178
0178 0178 0178 0178 0178 0178 0178 0178 0178 0178 0178 0177.
0177 0177 0177 0177 0177 0177 0177 0177 0177 0177 0177 0177
0177 0177 0177 0177 0177 0177 0177 0177 0177 0177 0177 0177.
0177 0177 0177 0177 0177 0177 0177 0177 0177 0177 0177 0177
0177 0177 0177 0177 0177 0177 0177 0177 0177 0177 0177 0177.
0177 0177 0177 0177 0177 0177 0177 0176 0176 0176 0176 0176
0176 0177 0177 0177 0177 0177 0176 0177 0176 0176 0176 0176.
0176 0176 0176 0176 0176 0176 0176 0176 0176 0176 0176 0176
0176 0176 0176 0176 0176 0176 0176 0176 0176 0176 0176 0176.
0176 0176 0176 0176 0176 0176 0176 0176 0176 0176 0176 0176
0176 0176 0176 0175 0176 0176 0176 0176 0176 0176 0175 0175.
0175 0175 0175 0175 0175 0175 0175 0175 0175 0175 0175 0175
0175 0175 0175 0175 0175 0175 0175 0175 0175 0175 0175 0175.
0175 0175 0175 0175 0175 0175 0175 0175 0175 0175 0175 0175
0175 0175 0175 0175 0175 0175 0175 0175 0175 0175 0175 0175.
0175 0175 0175 0175 0174 0174 0174 0174 0174 0174 0174 0174
0174 0174 0174 0174 0174 0175 0174 0174 0174 0174 0174 0174.
0174 0174 0174 0174 0174 0174 0174 0174 0174 0174 0174 0174
0174 0174 0174 0174 0174 0174 0174 0174 0174 0174 0174 0174.
0174 0174 0174 0174 0174 0174 0174 0174 0174 0174 0174 0174
0174 0174 0174 0174 0174 0174 0173 0173 0173 0173 0173 0173.
0173 0173 0173 0173 0173 0173 0173 0173 0173 0173 0173 0173
0173 0173 0173 0173 0173 0173 0173 0173 0173 0173 0173 0173.
0173 0173 0173 0173 0173 0173 0173 0173 0173 0173 0173 0173
0173 0173 0173 0173 0173 0173 0173 0173 0173 0173 0173 0173.
0173 0173 0173 0172 0172 0172 0172 0172 0172 0172 0172 0172
0172 0172 0172 0172 0172 0172 0172 0172 0172 0172 0172 0172.
0172 0172 0172 0172 0172 0172 0172 0172 0172 0172 0172 0172
0172 0172 0172 0172 0172 0172 0172 0172 0172 0172 0172 0172.
0172 0172 0172 0172 0172 0172 0172 0172 0172 0172 0172 0172
0172 0172 0172 0172 0172 0172 0172 0172 0172 0172 0172 0172.
0171 0171 0171 0171 0171 0171 0171 0171 0171 0171 0171 0171
0171 0171 0171 0171 0171 0171 0171 0171 0171 0171 0171 0171.
0171 0171 0171 0171 0171 0171 0171 0171 0171 0171 0171 0171
0171 0171 0171 0171 0171 0171 0171 0171 0171 0171 0171 0171.
0171 0171 0171 0171 0171 0171 0171 0171 0171 0171 0171 0170
0171 0171 0171 0171 0170 0171 0171 0171 0171 0171 0171 0171.
0170 0170 0170 0170 0170 0170 0170 0170 0170 0170 0170 0170
0170 0170 0170 0170 0170 0170 0170 0170 0170 0170 0170 0170=
A=
SA=
BA
0019 0020 0019 0019 0016 0015 0000 -003 -002 -001 0000 0005
0025 0040 0053 0085 0049 0056 0068 0070 0047 0030 0026 0023 0086 1219 -005 0332.
0019 0019 0015 0016 0016 0015 0014 0013 0013 0012 0012 0013
0022 0036 0053 0072 0064 0061 0048 0045 0038 0028 0026 0024 0073 1203 0011 0124.
0023 0022 0021 0021 0019 0015 -021 -021 0003 0008 0008 0019
0044 0058 0079 0128 0098 0092 0092 0082 0067 0033 -002 -014 0128 1200 -030 0347.
-024 -015 -037 -042 -039 -047 -039 -029 -003 -005 -007 0006
0036 0089 0153 0188 0223 0222 0211 0184 0128 0076 0050 0020 0230 1333 -051 0209.
-005 0024 -010 -010 0002 -001 -012 -032 -014 -033 -027 -024
0074 0138 0199 0222 0227 0219 0227 0190 0134 0076 0064 0032 0250 1329 -048 0637.
0012 -008 -011 -021 -028 -042 -019 -047 -037 -048 -035 -032
0060 0119 0182 0212 0237 0206 0230 0192 0137 0087 0050 0031 0248 1337 -057 0729.
0029 0045 0058 0037 0043 0032 0012 0032 0040 0042 0044 0050
0062 0099 0175 0157 0199 0218 0215 0184 0134 0094 0071 0065 0247 1344 0005 0315.
0049 0025 0011 0003 0013 0008 0001 -004 -008 -024 -031 0013
0071 0142 0171 0204 0214 0205 0187 0160 0120 0075 0066 0027 0224 1213 -035 0645.
0001 0018 0005 0031 0035 0033 0023 0040 0041 0037 0028 0041
0080 0115 0155 0192 0204 0219 0188 0162 0117 0077 0060 0037 0226 1238 -001 2045.
0016 0039 0044 0045 0040 0043 0044 0043 0044 0042 0039 0044
0064 0079 0093 0135 0156 0176 0175 0166 0138 0081 0042 0030 0195 1423 0013 2041.
0047 0006 0003 0002 -003 0013 0007 0012 0004 0014 0018 0036
0106 0160 0202 0257 0294 0326 0296 0262 0215 0139 0083 0063 0326 1400 -012 0111.
0042 0074 0065 0037 0051 0056 0052 0026 0042 0039 0025 0055
0150 0207 0275 0294 0321 0331 0299 0259 0208 0144 0089 0052 0354 1248 0011 0719.
0070 0074 0044 0047 0037 0034 0010 0021 0019 0024 0006 0032
0121 0171 0212 0219 0283 0287 0271 0257 0199 0136 0106 0077 0305 1320 -006 0712.
0052 0083 0085 0098 0098 0082 0055 0031 0049 0078 0086 0094
0105 0129 0165 0240 0247 0221 0194 0160 0141 0124 0119 0115 0285 1242 0028 0420.
0112 0112 0112 0111 0111 0111 0099 0090 0074 0104 0106 0109
0142 0168 0247 0274 0317 0325 0299 0216 0190 0166 0154 0143 0333 1356 0062 0452.
0122 0108 0132 0127 0122 0114 0105 0107 0110 0113 0110 0115
0136 0147 0162 0170 0170 0195 0249 0194 0162 0147 0122 0116 0266 1454 0101 0219.
0107 0064 0069 0058 0040 0047 0055 0054 0053 0036 0015 0055
0161 0205 0262 0288 0316 0317 0306 0264 0215 0162 0125 0135 0333 1355 0013 0703.
0119 0131 0125 0114 0118 0119 0116 0112 0103 0113 0113 0122
0152 0178 0178 0264 0201 0193 0171 0156 0139 0126 0121 0109 0282 1135 0094 0449.
0113 0106 0103 0099 0076 0076 0082 0083 0086 0077 0076 0074
0075 0087 0077 0085 0088 0078 0074 0072 0069 0063 0061 0060 0117 2027 0060 1939.
0060 0060 0057 0058 0056 0056 0056 0055 0052 0053 0052 0050
0049 0056 0070 0070 0064 0069 0066 0060 0055 0053 0054 0054 0073 1056 0047 0921.
0053 0054 0057 0052 0057 0058 0056 0048 0053 0026 0019 0057
0095 0088 0138 0178 0226 0239 0235 0188 0148 0112 0112 0106 0252 1439 0008 0710.
0097 0095 0066 0056 0073 0080 0076 0078 0071 0057 0070 0078
0082 0089 0086 0094 0106 0123 0104 0089 0091 0081 0076 0074 0124 1401 0040 0537.
0063 0070 0075 0065 0063 0060 0062 0063 0063 0047 0035 0067
0084 0084 0098 0110 0116 0104 0109 0097 0085 0081 0076 0076 0129 1212 0032 0650.
0077 0074 0055 0039 0029 0031 0013 0042 0034 0023 0026 0055
0070 0082 0122 0137 0121 0134 0126 0108 0101 0091 0081 0083 0153 1145 0010 0243.
0081 0081 0080 0076 0072 0074 0071 0072 0072 0073 0073 0076
0096 0111 0161 0150 0159 0163 0161 0141 0139 0111 0102 0100 0201 1420 0071 0258.
0097 0095 0095 0096 0090 0084 0084 0080 0081 0075 0076 0074
0080 0094 0096 0106 0117 0116 0109 0122 0109 0095 0091 0084 0126 1541 0074 0745.
0085 0086 0082 0082 0083 0082 0081 0081 0080 0081 0079 0085
0089 0093 0094 0084 0084 0079 0074 0073 0065 0056 0044 0041 0096 1011 0041 1931.
0040 0036 0036 0035 0035 0029 0022 0010 -001 0011 0017 0024
0042 0050 0074 0095 0095 0126 0121 0090 0076 0062 0054 0051 0132 1413 -001 0500=
=
??????
******
YF
19011










20150311=
JY
8888=
GK
01/
05/=
BZ
10/03/08;14;20

10/24/24
11/=
######
