57461 3042N 11118E 001331 001343 105 000 S14 11111999919199111991 0 2014 02
PC
9955 9961 9961 9958 9961 9960 9960 9960 9962 9966 9973 9981
9989 9993 9992 9984 9973 9964 9960 9959 9961 9965 9972 9979 9994 0948 9949 2001.
9984 9984 9984 9981 9980 9975 9972 9965 9961 9963 9967 9971
9972 9970 9965 9951 9933 9916 9908 9908 9913 9919 9926 9934 9986 2135 9906 1507.
9941 9946 9950 9950 9948 9947 9950 9951 9954 9963 9982 9997
0014 0027 0038 0041 0036 0036 0039 0043 0046 0054 0061 0069 0069 1957 9934 2001.
0072 0069 0068 0065 0067 0067 0069 0066 0065 0067 0069 0072
0074 0076 0069 0061 0046 0032 0029 0028 0027 0030 0033 0041 0077 1022 0026 1518.
0047 0047 0046 0044 0042 0038 0037 0032 0028 0033 0040 0046
0051 0053 0051 0047 0032 0020 0017 0023 0025 0032 0038 0046 0055 0931 0017 1442.
0054 0060 0066 0067 0064 0062 0057 0051 0051 0054 0056 0062
0064 0063 0062 0055 0043 0032 0031 0033 0035 0043 0053 0062 0067 2349 0030 1501.
0071 0075 0078 0073 0080 0080 0079 0076 0076 0078 0084 0088
0092 0101 0098 0088 0074 0066 0060 0055 0056 0063 0063 0072 0102 1006 0054 1557.
0074 0074 0075 0077 0074 0071 0067 0061 0056 0053 0053 0061
0067 0069 0070 0068 0061 0052 0049 0050 0056 0064 0071 0083 0083 1959 0048 1447.
0093 0100 0099 0102 0102 0103 0108 0111 0113 0114 0122 0129
0142 0149 0155 0149 0139 0131 0131 0132 0138 0147 0156 0161 0162 1940 0083 2001.
0168 0172 0174 0178 0179 0173 0176 0168 0173 0180 0182 0187
0190 0189 0188 0180 0168 0156 0148 0145 0143 0143 0150 0157 0191 0904 0142 1702.
0162 0161 0162 0160 0158 0153 0145 0139 0135 0135 0135 0140
0147 0143 0138 0131 0115 0103 0092 0086 0086 0089 0091 0094 0164 2306 0084 1614.
0099 0104 0108 0109 0105 0101 0101 0101 0099 0108 0113 0118
0125 0131 0131 0126 0117 0108 0108 0111 0115 0123 0133 0144 0144 1958 0094 2001.
0154 0160 0162 0165 0168 0171 0170 0168 0166 0173 0177 0182
0190 0187 0184 0175 0161 0149 0141 0137 0137 0140 0148 0160 0191 0903 0136 1543.
0169 0171 0175 0171 0168 0163 0155 0153 0150 0152 0151 0154
0156 0153 0148 0142 0129 0112 0101 0093 0090 0090 0093 0101 0175 2259 0089 1621.
0110 0109 0106 0102 0097 0094 0088 0079 0078 0082 0087 0092
0095 0095 0094 0088 0079 0064 0056 0054 0053 0054 0061 0068 0116 2148 0052 1721.
0073 0073 0076 0074 0070 0068 0060 0056 0055 0056 0062 0070
0077 0082 0083 0080 0074 0067 0062 0063 0061 0067 0073 0080 0083 0952 0054 0508.
0088 0095 0095 0096 0094 0097 0095 0096 0096 0102 0108 0111
0121 0124 0127 0118 0112 0103 0096 0100 0095 0105 0108 0121 0128 0940 0080 2001.
0127 0130 0135 0131 0130 0133 0131 0132 0128 0136 0138 0147
0157 0152 0158 0151 0139 0130 0125 0124 0132 0143 0149 0157 0162 0922 0120 2001.
0162 0162 0163 0159 0155 0149 0145 0138 0127 0129 0129 0134
0141 0141 0140 0133 0122 0112 0106 0105 0105 0106 0110 0117 0165 2255 0103 1625.
0124 0128 0131 0132 0130 0129 0125 0119 0120 0122 0128 0134
0138 0143 0142 0132 0122 0110 0102 0096 0092 0094 0099 0104 0144 1020 0091 1713.
0110 0114 0111 0110 0107 0107 0102 0099 0096 0095 0097 0101
0104 0103 0099 0091 0080 0068 0062 0063 0067 0069 0078 0085 0116 2214 0061 1440.
0090 0095 0097 0098 0098 0095 0093 0091 0087 0089 0094 0100
0106 0111 0114 0104 0093 0086 0077 0075 0074 0077 0084 0093 0114 1048 0074 1610.
0101 0105 0106 0106 0105 0098 0099 0093 0087 0090 0095 0098
0105 0108 0109 0102 0093 0083 0078 0076 0074 0075 0078 0084 0110 2224 0073 1625.
0088 0092 0091 0086 0083 0079 0074 0068 0060 0057 0062 0069
0077 0077 0076 0070 0060 0050 0044 0045 0045 0048 0056 0065 0094 2208 0044 1457.
0069 0072 0076 0074 0071 0067 0064 0059 0056 0058 0065 0075
0080 0083 0084 0079 0070 0059 0052 0051 0053 0058 0066 0076 0085 1034 0050 1539.
0084 0088 0090 0088 0090 0089 0083 0082 0080 0080 0083 0089
0093 0095 0096 0089 0074 0065 0052 0045 0045 0049 0057 0068 0096 1027 0043 1611.
0075 0080 0087 0091 0088 0087 0082 0077 0076 0076 0079 0085
0090 0091 0087 0078 0069 0061 0052 0048 0045 0049 0052 0060 0091 2359 0044 1703.
0068 0072 0070 0065 0063 0061 0054 0047 0043 0045 0048 0050
0055 0056 0055 0050 0042 0034 0027 0022 0026 0032 0041 0047 0072 2156 0019 1617=
0121 0143 0125 0141
0136 0133 0076 0095
0107 0159 0200 0234
0232 0238 0198 0208
0205 0215 0188 0215
0232 0232 0201 0232
0249 0258 0234 0241
0239 0230 0221 0253
0273 0300 0301 0333
0345 0360 0328 0330
0325 0313 0274 0265
0271 0289 0278 0315
0342 0354 0319 0332
0334 0326 0282 0272
0263 0262 0233 0237
0236 0238 0235 0248
0265 0280 0271 0290
0302 0317 0298 0327
0317 0304 0279 0285
0296 0303 0277 0272
0273 0268 0233 0251
0260 0266 0251 0258
0262 0263 0247 0249
0243 0233 0215 0230
0232 0240 0223 0241
0253 0254 0229 0232
0251 0249 0225 0225
0226 0215 0199 0213=
TB
0140 0127 0133 0116 0117 0109 0106 0103 0101 0098 0096 0092
0099 0103 0114 0135 0155 0159 0175 0181 0175 0164 0155 0146 0182 1528 0091 0729.
0135 0122 0118 0119 0110 0107 0102 0099 0096 0094 0094 0097
0098 0100 0107 0121 0141 0163 0181 0184 0182 0168 0157 0147 0186 1524 0093 0602.
0136 0128 0118 0114 0108 0104 0102 0097 0093 0089 0090 0094
0099 0100 0102 0103 0107 0107 0106 0105 0104 0102 0100 0098 0147 2001 0088 0621.
0095 0094 0090 0087 0088 0076 0067 0060 0060 0062 0061 0061
0063 0064 0063 0060 0057 0052 0046 0042 0037 0032 0029 0030 0098 2001 0028 1909.
0032 0033 0032 0031 0032 0030 0026 0020 0018 0019 0018 0018
0019 0018 0020 0021 0022 0021 0014 0012 0007 0006 0004 0003 0033 2134 0003 1922.
0003 0004 0005 0006 0006 0005 0005 0002 0003 0003 0004 0005
0007 0009 0015 0020 0022 0023 0023 0021 0015 0014 0015 0016 0024 1341 0002 2041.
0017 0017 0021 0023 0023 0023 0015 0012 0013 0015 0016 0019
0025 0028 0035 0038 0048 0046 0051 0054 0050 0047 0041 0036 0055 1521 0012 0318.
0031 0027 0024 0025 0022 0022 0022 0019 0017 0015 0016 0017
0018 0019 0020 0021 0007 0009 0008 0010 0010 0010 0012 0011 0036 2001 0007 1256.
0013 0014 0014 0015 0013 0012 0013 0006 0002 0003 0003 0004
0009 0009 0011 0016 0022 0021 0023 0021 0020 0017 0012 0007 0027 1527 0002 0447.
0005 0001 -001 -012 -012 -009 -014 -019 -019 -017 -017 -017
-009 -001 0004 0014 0021 0022 0023 0023 0021 0014 0004 -002 0027 1526 -021 0345.
-006 -011 -013 -015 -017 -023 -027 -029 -029 -028 -032 -032
-021 -008 0005 0011 0017 0024 0030 0031 0028 0022 0015 0012 0036 1514 -034 0752.
0010 0008 0007 0006 0005 0002 -001 -002 -008 -005 -003 0000
0007 0018 0029 0033 0033 0034 0029 0025 0025 0022 0021 0020 0037 1250 -012 0522.
0014 0003 0005 0000 -001 -006 -010 -009 -016 -017 -020 -021
-007 0010 0028 0041 0046 0054 0056 0058 0055 0050 0039 0028 0064 1536 -025 0735.
0023 0020 0014 0000 -008 -015 -015 -017 -020 -022 -025 -021
-002 0015 0029 0048 0056 0067 0073 0071 0061 0055 0043 0031 0077 1510 -026 0701.
0024 0025 0017 0004 0004 0002 -001 -003 -006 -009 -005 0001
0013 0020 0028 0040 0044 0044 0046 0046 0046 0045 0043 0041 0047 1446 -009 0515.
0040 0039 0036 0036 0035 0033 0031 0031 0032 0030 0030 0033
0036 0040 0043 0045 0044 0046 0045 0046 0045 0045 0044 0044 0047 1211 0030 0321.
0042 0043 0040 0040 0040 0040 0037 0036 0035 0036 0036 0035
0039 0044 0047 0052 0053 0057 0056 0055 0054 0052 0046 0044 0058 1409 0034 0503.
0038 0034 0033 0031 0026 0023 0020 0020 0020 0021 0020 0024
0031 0042 0050 0069 0078 0075 0074 0075 0063 0052 0044 0041 0084 1326 0019 0619.
0040 0038 0037 0036 0033 0033 0033 0027 0024 0018 0014 0018
0033 0044 0056 0074 0092 0108 0117 0118 0112 0106 0096 0081 0122 1536 0012 0729.
0069 0059 0045 0041 0035 0031 0027 0022 0016 0013 0013 0015
0028 0038 0052 0072 0092 0105 0112 0112 0111 0105 0094 0083 0118 1449 0012 0601.
0078 0070 0062 0057 0054 0055 0055 0055 0055 0054 0057 0060
0068 0081 0092 0106 0115 0117 0120 0117 0112 0108 0104 0099 0121 1428 0053 0149.
0093 0089 0088 0087 0083 0080 0078 0076 0075 0075 0074 0076
0079 0085 0092 0102 0117 0125 0128 0129 0128 0123 0118 0111 0131 1531 0074 0620.
0107 0105 0098 0096 0093 0089 0088 0088 0087 0085 0084 0087
0093 0101 0108 0116 0119 0125 0124 0125 0124 0120 0116 0113 0126 1402 0083 0715.
0109 0100 0091 0086 0086 0086 0085 0085 0086 0086 0084 0085
0086 0086 0086 0088 0092 0090 0089 0089 0089 0090 0089 0088 0113 2001 0084 0655.
0088 0088 0089 0088 0088 0086 0084 0086 0086 0085 0085 0085
0087 0091 0095 0097 0107 0114 0116 0122 0118 0113 0109 0107 0122 1540 0084 0254.
0103 0101 0099 0097 0095 0093 0091 0092 0089 0087 0088 0089
0094 0100 0108 0117 0128 0132 0140 0143 0136 0133 0129 0126 0145 1547 0086 0607.
0121 0115 0111 0108 0101 0100 0098 0095 0092 0092 0092 0093
0094 0097 0099 0098 0099 0099 0102 0104 0103 0101 0097 0092 0126 2001 0092 0442.
0093 0092 0091 0091 0089 0087 0088 0087 0082 0079 0079 0079
0079 0080 0078 0079 0078 0079 0080 0078 0076 0073 0072 0069 0093 2002 0069 1955=
IB
=
0094 0095 0088 0088 0094 0088 0087 0087 0087 0079 0087 0083
0087 0097 0105 0107 0105 0100 0101 0100 0104 0100 0101 0104.
0090 0087 0092 0096 0091 0093 0085 0088 0087 0086 0086 0091
0092 0094 0101 0100 0093 0104 0100 0095 0101 0102 0096 0101.
0102 0102 0100 0095 0091 0093 0093 0088 0085 0081 0082 0083
0088 0078 0083 0075 0028 0020 0054 0046 0032 0041 0031 0024.
-010 -005 -006 0007 0028 -024 -017 -014 -005 -008 -006 -004
-004 -003 -002 -001 0003 0010 0007 0014 0011 0017 0013 0017.
0023 0020 0023 0018 0023 0023 0017 0011 0009 0010 0009 0005
0006 0005 0004 0000 0001 -003 -002 -009 -019 -015 -015 -022.
-019 -018 -025 -023 -023 -019 -020 -022 -029 -026 -025 -017
-015 -009 -003 -013 -005 0000 0005 0003 0000 -002 -004 -010.
-009 -007 -022 -030 -036 -034 -024 -014 -011 -016 -016 -007
-009 -006 -009 -020 -021 -020 -020 -022 -026 -033 -027 -026.
-030 -036 -039 -030 -041 -031 -025 -022 -021 -019 -022 -024
-020 -024 -029 -026 -015 -009 -010 -011 -009 -006 -001 -005.
0000 -004 0002 -001 0001 -007 -023 -018 -025 -027 -015 -012
-058 -058 -056 -055 -069 -078 -076 -080 -076 -069 -083 -080.
-075 -070 -074 -071 -042 -049 -067 -072 -065 -063 -061 -066
-066 -083 -110 -104 -101 -100 -099 -096 -089 -087 -088 -089.
-090 -090 -089 -089 -084 -084 -080 -082 -074 -079 -079 -079
-066 -072 -080 -084 -084 -086 -084 -080 -080 -069 -081 -071.
-073 -072 -073 -069 -068 -064 -071 -066 -070 -063 -061 -041
-043 -043 -068 -078 -069 -068 -045 -038 -043 -045 -053 -071.
-057 -077 -075 -058 -067 -068 -069 -066 -065 -059 -053 -048
-046 -040 -082 -083 -099 -112 -124 -127 -125 -124 -113 -082.
-076 -081 -064 -062 -068 -061 -057 -063 -060 -060 -061 -046
-048 -048 -055 -067 -066 -066 -071 -073 -055 -058 -047 -041.
-043 -043 -044 -048 -026 -030 -026 -035 -040 -039 -025 -023
-019 -029 -029 -031 -031 -034 -032 -025 -023 -026 -021 -019.
-016 -015 -017 -015 -013 -005 -009 -009 -004 -006 -005 -005
-008 -004 -007 -013 -014 -010 -003 -006 -001 -005 -002 -002.
0000 0003 0003 -002 0003 0002 0009 0012 0012 0012 0008 0014
0014 0019 0014 0015 0003 -004 0000 0003 -002 -004 0000 -002.
0008 0016 0018 0018 0013 0013 0004 0005 0010 0006 0010 0015
0016 0021 0013 0008 -004 -009 -010 -012 -016 -017 -018 -021.
-024 -024 -019 -015 -014 -016 -007 -007 -009 -003 -004 -001
0000 0000 0000 -001 0006 0002 0002 -044 -029 -024 -014 0006.
0004 0011 0001 0011 0009 0000 0008 -001 0000 0000 0000 0002
0012 0013 0010 0011 0021 0016 0017 0017 0024 0000 0003 0005.
0008 0011 0013 0016 0024 0025 0025 0022 0014 0021 0016 0026
0025 0021 0016 0019 0012 0016 0027 0030 0025 0008 0023 0034.
0031 0031 0040 0039 0041 0040 0038 0035 0039 0041 0044 0044
0048 0049 0048 0044 0032 0026 0026 0033 0032 0030 0033 0036.
0044 0046 0054 0044 0047 0053 0044 0052 0049 0045 0050 0054
0047 0049 0053 0043 0039 0040 0036 0040 0034 0038 0043 0045.
0054 0069 0071 0067 0069 0075 0074 0076 0072 0077 0075 0077
0078 0074 0074 0079 0078 0076 0074 0075 0074 0081 0080 0076.
0080 0080 0081 0076 0076 0074 0078 0075 0080 0074 0079 0079
0081 0079 0086 0076 0083 0075 0067 0071 0067 0066 0065 0061.
0063 0057 0061 0059 0064 0067 0069 0070 0063 0065 0066 0074
0077 0078 0080 0070 0062 0056 0051 0057 0055 0052 0053 0060.
0062 0062 0068 0069 0073 0079 0077 0081 0081 0076 0083 0081
0082 0089 0091 0090 0087 0091 0090 0093 0094 0092 0083 0083.
0079 0084 0083 0079 0081 0079 0076 0075 0074 0071 0070 0065
0071 0068 0071 0071 0071 0071 0072 0064 0067 0058 0061 0054=
EA
118 119 113 113 118 113 112 113 112 107 112 109
112 120 127 128 127 123 124 122 126 123 123 126.
114 112 116 120 115 117 111 113 112 112 112 115
116 118 123 123 117 126 122 118 123 124 119 124.
125 124 123 119 115 117 117 113 111 108 109 110
113 106 109 104 075 071 089 085 077 082 076 073.
057 059 059 064 075 051 054 055 059 058 058 059
059 060 060 061 062 065 064 068 066 069 067 069.
072 070 072 069 072 072 069 066 065 066 065 063
064 063 063 061 062 060 060 057 053 055 055 052.
053 053 051 052 052 053 053 052 049 051 051 054
055 057 060 056 059 061 063 063 061 060 059 057.
057 058 052 049 047 048 051 055 056 054 054 058
057 058 057 053 052 053 053 052 051 048 050 051.
049 047 046 049 045 049 051 052 052 053 052 051
053 051 049 050 055 057 057 056 057 058 061 059.
061 059 062 061 062 058 052 054 051 050 055 056
040 040 040 040 036 034 035 033 035 037 033 033.
035 036 035 036 045 042 037 036 038 038 039 037
037 033 026 028 028 029 029 030 031 032 031 031.
031 031 031 031 032 033 034 033 035 034 034 034
037 036 034 032 032 032 033 034 034 036 033 036.
035 036 035 036 037 038 036 037 036 038 039 045
044 045 037 034 036 037 044 046 045 044 041 036.
040 034 035 040 037 037 036 037 037 039 041 043
044 045 033 033 029 026 024 023 023 024 026 033.
035 033 038 038 037 039 040 038 039 039 039 043
043 043 041 037 037 037 036 035 040 040 043 045.
044 045 044 043 050 049 050 047 046 046 051 052
053 049 049 049 048 048 048 051 052 051 052 053.
054 055 054 055 056 059 057 057 059 058 059 059
058 059 058 056 055 057 060 058 061 059 060 060.
061 062 063 060 063 062 065 066 067 066 065 067
068 070 067 068 062 059 061 062 060 059 061 060.
065 069 070 069 067 067 063 063 066 064 066 068
069 071 067 065 059 057 057 056 054 054 054 052.
051 051 053 055 055 054 058 058 057 060 059 060
061 061 061 061 064 062 062 044 049 051 055 064.
063 066 061 066 065 061 065 061 061 061 061 062
066 067 065 066 071 069 069 069 073 061 062 063.
065 066 067 069 073 073 073 071 068 071 069 074
073 071 069 070 066 069 074 076 073 065 072 078.
076 076 081 081 082 081 080 078 081 082 083 083
086 087 086 083 077 074 074 077 077 076 077 079.
084 085 090 084 085 089 084 088 087 084 087 090
085 086 089 083 081 081 079 081 078 080 083 084.
090 099 100 098 099 104 103 104 102 105 104 105
106 103 103 106 106 104 103 104 103 108 107 104.
108 108 108 104 104 103 106 104 107 103 106 106
108 106 112 105 109 104 098 101 098 098 096 094.
095 091 094 093 096 098 099 100 096 097 097 103
105 106 107 100 095 091 088 091 090 089 089 093.
095 095 099 100 103 107 105 108 108 105 109 108
108 114 116 115 112 116 114 117 118 116 109 109.
107 110 110 106 108 107 104 103 103 101 100 097
101 099 100 101 100 101 102 096 098 092 094 089=
UB
74 81 74 83 86 87 88 90 91 88 94 94
92 96 94 83 72 68 62 59 63 66 70 76 58 1545.
74 79 84 86 88 91 89 93 94 95 95 96
96 96 96 87 73 68 59 56 59 65 67 74 56 1527.
80 84 89 88 89 93 94 94 95 95 95 93
93 86 88 83 58 55 70 67 61 66 62 60 52 1407.
48 50 51 57 66 49 55 59 63 61 62 63
62 62 63 65 68 74 76 82 83 90 89 91 47 2222.
94 91 94 91 94 95 94 94 94 94 94 91
91 91 89 86 86 84 89 86 83 86 87 83 81 1338.
85 85 80 81 81 84 83 84 79 81 81 85
85 88 88 79 82 85 88 88 90 89 87 83 77 0022.
83 84 73 68 65 66 75 83 84 80 79 83
78 78 73 66 61 62 60 58 58 56 61 64 54 1815.
64 63 63 67 63 68 71 74 76 78 76 74
76 73 70 71 85 88 88 86 87 89 91 89 61 2029.
91 88 92 89 92 87 77 84 82 80 88 89
61 61 61 59 51 48 48 47 49 53 49 52 45 1442.
55 59 58 64 80 74 67 67 71 71 72 69
65 54 42 41 40 40 40 41 44 47 50 52 38 1231.
53 55 56 57 60 63 67 67 71 68 70 70
71 62 53 49 47 44 43 44 45 51 49 54 42 1551.
54 55 55 57 58 61 59 62 63 65 65 74
69 64 49 44 47 47 58 63 61 61 58 51 41 1132.
59 55 55 65 61 63 64 65 69 73 78 82
75 69 44 40 34 29 26 25 26 27 32 44 23 1546.
48 47 56 63 64 71 73 71 74 75 76 83
71 63 54 43 41 38 35 35 43 44 52 59 33 1511.
61 61 64 68 80 79 83 79 78 80 86 84
79 70 66 60 58 57 57 60 61 60 63 65 53 1407.
67 68 68 69 71 76 75 75 77 77 78 76
73 73 70 66 66 67 71 69 72 70 72 72 63 2001.
74 75 77 74 77 76 82 84 85 84 82 86
84 84 79 77 70 65 67 69 67 67 72 72 63 1811.
81 88 90 91 91 93 89 90 93 90 93 94
90 86 77 65 56 55 55 54 57 61 64 64 50 1531.
63 64 67 69 71 70 75 78 79 86 88 87
79 73 67 59 55 48 45 32 37 40 46 59 31 1546.
63 71 73 81 83 80 87 85 89 91 91 91
89 84 74 65 61 54 52 52 55 48 53 58 48 1745.
61 66 71 75 81 81 81 79 75 79 75 79
74 66 59 55 49 50 53 55 55 50 57 64 47 1253.
65 67 72 72 75 76 76 75 78 79 81 80
81 78 74 67 56 51 50 52 52 53 56 60 47 1432.
65 67 74 70 73 78 74 78 77 76 79 80
73 70 69 61 58 56 55 56 54 57 61 63 50 1631.
69 81 87 88 89 93 93 94 91 94 94 95
95 92 92 94 91 91 90 91 90 94 94 92 61 2005.
95 95 95 92 92 92 96 93 96 93 96 96
96 92 94 87 85 77 72 71 71 73 74 73 68 1558.
76 74 77 77 81 84 86 86 84 86 86 90
89 86 83 73 64 60 55 56 58 58 60 64 52 1543.
67 70 75 77 83 87 87 91 93 90 94 92
92 95 95 95 92 95 92 93 94 94 91 94 62 2003.
91 95 95 92 95 95 92 92 95 95 94 91
95 92 95 95 95 95 95 91 94 90 93 90 90 1744=
N=
H=
C=
V=
R6
0000 0000 0000
0000 0000 0000
0000 0000 0000
0000 0007 0007
0039 0004 0043
0003 0009 0012
0000 0008 0008
0000 0010 0010
0001 0008 0009
0000 0000 0000
0000 0000 0000
0000 0000 0000
0000 0000 0000
0000 0000 0000
0000 0000 0000
0000 0000 0000
0000 0000 0000
0048 0000 0048
0000 0000 0000
0000 0000 0000
0000 0000 0000
0000 0029 0029
0000 0000 0000
0000 0000 0000
0000 0000 0000
0000 0000 0000
0000 0082 0082
0062 0012 0074=
0000 0000 0000 0000 0000 0000 0000 0000 0000 0000 0000 0000
0000 0000 0000 0000 0000 0000 0000 0000 0000 0000 0000 0000.
0000 0000 0000 0000 0000 0000 0000 0000 0000 0000 0000 0000
0000 0000 0000 0000 0000 0000 0000 0000 0000 0000 0000 0000.
0000 0000 0000 0000 0000 0000 0000 0000 0000 0000 0000 0000
0000 0000 0000 0000 0000 0000 0000 0000 0000 0000 0000 0000.
0000 0000 0000 0000 0000 0000 0000 0000 0000 0000 0000 0000
0000 0000 0000 0000 0000 0000 0000 0000 0001 0001 0003 0002.
0004 0004 0001 0002 0003 0005 0003 0006 0002 0003 0003 0003
0003 0001 0000 0000 0000 0000 0000 0000 0000 0000 0000 0000.
0000 0000 0000 0000 0000 0000 0000 0003 0000 0000 0000 0000
0000 0001 0004 0000 0000 0004 0000 0000 0000 0000 0000 0000.
0000 0000 0000 0000 0000 0000 0000 0000 0000 0000 0000 0000
0004 0004 0000 0000 0000 0000 0000 0000 0000 0000 0000 0000.
0000 0000 0000 0000 0000 0000 0000 0000 0000 0000 0000 0000
0000 0000 0000 0000 0001 0006 0001 0000 0000 0001 0000 0001.
0000 0000 0000 0000 0000 0001 0000 0000 0000 0000 0000 0000
0000 0000 0000 0000 0007 0001 0000 0000 0000 0000 0000 0000.
0000 0000 0000 0000 0000 0000 0000 0000 0000 0000 0000 0000
0000 0000 0000 0000 0000 0000 0000 0000 0000 0000 0000 0000.
0000 0000 0000 0000 0000 0000 0000 0000 0000 0000 0000 0000
0000 0000 0000 0000 0000 0000 0000 0000 0000 0000 0000 0000.
0000 0000 0000 0000 0000 0000 0000 0000 0000 0000 0000 0000
0000 0000 0000 0000 0000 0000 0000 0000 0000 0000 0000 0000.
0000 0000 0000 0000 0000 0000 0000 0000 0000 0000 0000 0000
0000 0000 0000 0000 0000 0000 0000 0000 0000 0000 0000 0000.
0000 0000 0000 0000 0000 0000 0000 0000 0000 0000 0000 0000
0000 0000 0000 0000 0000 0000 0000 0000 0000 0000 0000 0000.
0000 0000 0000 0000 0000 0000 0000 0000 0000 0000 0000 0000
0000 0000 0000 0000 0000 0000 0000 0000 0000 0000 0000 0000.
0000 0000 0000 0000 0000 0000 0000 0000 0000 0000 0000 0000
0000 0000 0000 0000 0000 0000 0000 0000 0000 0000 0000 0000.
0000 0000 0000 0000 0000 0000 0000 0000 0000 0000 0000 0000
0000 0000 0000 0000 0000 0000 0000 0000 0000 0000 0000 0000.
0004 0008 0001 0012 0007 0009 0003 0002 0001 0001 0000 0000
0000 0000 0000 0000 0000 0000 0000 0000 0000 0000 0000 0000.
0000 0000 0000 0000 0000 0000 0000 0000 0000 0000 0000 0000
0000 0000 0000 0000 0000 0000 0000 0000 0000 0000 0000 0000.
0000 0000 0000 0000 0000 0000 0000 0000 0000 0000 0000 0000
0000 0000 0000 0000 0000 0000 0000 0000 0000 0000 0000 0000.
0000 0000 0000 0000 0000 0000 0000 0000 0000 0000 0000 0000
0000 0000 0000 0000 0000 0000 0000 0000 0000 0000 0000 0000.
0000 0000 0000 0000 0000 0000 0000 0000 0000 0000 0000 0000
0000 0029 0000 0000 0000 0000 0000 0000 0000 0000 0000 0000.
0000 0000 0000 0000 0000 0000 0000 0000 0000 0000 0000 0000
0000 0000 0000 0000 0000 0000 0000 0000 0000 0000 0000 0000.
0000 0000 0000 0000 0000 0000 0000 0000 0000 0000 0000 0000
0000 0000 0000 0000 0000 0000 0000 0000 0000 0000 0000 0000.
0000 0000 0000 0000 0000 0000 0000 0000 0000 0000 0000 0000
0000 0000 0000 0000 0000 0000 0000 0000 0000 0000 0000 0000.
0000 0000 0000 0000 0000 0000 0000 0000 0000 0000 0000 0000
0000 0000 0000 0000 0000 0000 0000 0000 0000 0000 0000 0000.
0000 0000 0000 0000 0000 0000 0000 0000 0000 0000 0000 0000
0000 0004 0029 0008 0002 0003 0001 0000 0001 0016 0016 0002.
0001 0000 0000 0001 0000 0000 0004 0002 0016 0014 0007 0017
0003 0001 0000 0001 0001 0000 0001 0003 0001 0000 0000 0001=
0000 ////////// 00000=
W=
LA
=
000 000 000 001 000 000 000 001 000 000 000 001
000 000 000 000 001 001 001 002 000 001 000 000 009.
000 001 001 001 000 000 001 000 000 001 000 000
001 000 000 000 000 002 000 002 000 001 000 000 011.
000 000 001 000 001 000 000 001 000 002 000 000
001 000 000 000 002 000 001 000 001 000 001 001 012.
001 000 001 000 000 001 003 000 001 000 001 001
001 000 002 000 001 002 000 001 000 000 000 000 016.
001 001 000 001 001 001 000 001 001 001 000 001
000 001 002 000 001 000 002 000 000 001 000 001 017.
001 000 001 002 000 000 000 000 001 000 001 000
000 001 004 000 001 000 000 002 000 000 001 001 016.
001 000 000 000 001 000 000 000 001 000 000 001
004 004 000 002 001 001 000 002 000 001 000 001 020.
001 000 001 000 001 000 001 001 000 000 001 000
000 000 002 000 000 004 002 000 000 000 001 000 015.
000 000 000 000 001 000 001 000 000 000 000 000
001 000 001 000 008 001 000 002 001 001 001 000 018.
000 000 001 000 001 000 000 002 002 001 001 001
000 001 000 001 000 001 002 001 001 000 001 001 018.
000 002 000 001 000 000 001 003 004 005 008 004
000 000 001 002 000 001 001 002 002 000 001 000 038.
001 001 002 000 001 000 001 000 000 000 001 000
000 000 000 001 001 000 001 001 001 001 000 000 013.
001 000 001 000 000 000 001 000 000 001 002 005
000 001 001 001 001 002 001 002 001 000 001 000 022.
002 001 000 001 000 000 000 001 001 000 001 000
000 001 000 002 000 002 002 001 001 000 001 001 018.
000 000 002 000 000 000 000 000 001 000 000 000
000 001 000 001 000 000 001 000 001 001 000 000 008.
000 000 001 000 000 001 001 000 000 001 000 000
000 000 000 000 001 001 000 000 001 000 000 000 007.
001 000 000 000 000 000 000 000 000 000 000 000
001 000 000 001 000 000 000 001 000 001 000 000 005.
001 002 000 001 002 002 001 001 000 001 000 000
000 000 001 000 001 002 010 002 001 001 000 000 029.
002 000 001 000 002 000 001 000 000 001 000 000
001 001 001 000 002 002 001 002 003 000 000 001 021.
000 002 000 000 000 001 000 000 000 001 000 000
000 001 000 000 003 001 001 002 001 000 001 000 014.
002 000 000 000 001 000 000 000 000 001 000 000
000 000 001 002 000 001 001 000 001 001 000 001 012.
000 001 000 000 001 000 000 001 000 001 000 000
001 028 000 002 000 000 002 001 000 000 001 000 039.
001 001 000 000 000 000 001 000 000 000 000 000
001 001 000 000 001 000 000 000 001 001 000 001 009.
000 000 000 000 000 000 000 000 000 001 000 000
000 000 000 000 000 000 000 000 000 000 000 000 001.
000 000 000 000 000 001 000 000 001 000 001 000
000 000 000 000 000 002 000 001 000 001 001 000 008.
001 000 000 000 001 000 000 000 001 000 000 001
001 000 000 000 001 001 000 000 002 001 000 000 010.
001 000 000 000 000 001 000 000 000 000 000 000
000 000 024 000 000 000 001 000 001 001 000 000 029.
000 000 000 002 001 000 000 000 000 001 001 000
000 001 000 001 000 000 001 000 000 000 000 002 010=
Z=
G=
FN
333008 351008 289009 PPC001 345021 146010
142006 083008 077015 PPC000 149005 132009
090008 155012 108008 115014 115020 113030
109025 135013 138011 152015 140023 130017.
097014 015010 234009 313008 239007 092006
037009 PPC002 PPC000 234004 181005 PPC001
PPC000 206005 267011 187004 170015 127013
115017 128018 113016 108014 112011 115013.
355005 307008 339010 PPC001 320008 009008
230006 334008 PPC000 008004 126009 109016
139018 095016 119009 142010 063022 064018
138015 129018 129017 162017 149012 129016.
095016 085010 049013 326013 136013 133026
152024 153017 146020 138014 142020 123014
156014 179022 163016 172014 159026 154037
130024 094021 134018 151018 146021 150019.
134014 104016 090009 127020 137014 137014
125020 144021 132022 155021 154017 159018
141018 138018 167012 135009 207012 127025
142029 145016 138023 142026 133025 127023.
121020 166022 136021 153016 139018 142017
127017 118021 122022 152013 120009 082009
095010 172009 124007 326010 210011 148009
086014 134020 113016 122014 133014 091015.
099008 009003 024010 017011 348009 018019
154006 282016 015005 208008 247011 277009
268009 127014 125015 160017 202007 132019
120019 165019 163019 159015 145029 148029.
149026 162023 121031 138017 146009 145017
082009 120015 099017 084010 079010 137012
125017 103019 127016 124015 124010 106015
130024 090015 117008 PPC000 253011 272013.
206007 059006 096006 099015 128010 111011
151011 047012 092012 205006 039006 069010
047031 075017 061021 035017 072019 011024
094020 048029 086015 099015 056023 067005.
106008 128011 120009 155005 182006 129007
107012 120011 233012 006008 111010 109013
167009 127015 158027 145013 063016 173016
160010 119015 173013 110024 114020 143023.
142018 160016 112016 108009 142013 100014
124012 117012 158009 095009 093016 112007
177009 197011 145020 117009 055015 135020
131019 131012 130024 135022 116017 091018.
105017 091018 114011 085008 071010 055006
053007 145009 065004 PPC002 204003 331006
169003 104007 115010 359015 250005 207017
105022 124018 135023 142014 127011 131013.
160005 PPC002 184012 148013 135013 112011
121016 121010 084007 206008 354006 157007
296007 228009 020011 158033 144027 174022
176033 202014 118026 122023 112020 105011.
153012 186013 208008 292009 255007 236007
044006 000006 059007 014008 326003 320009
098006 168006 180014 233011 093022 122019
164030 138029 117015 113024 091020 049010.
030010 065011 342006 333007 290006 276009
PPC000 062006 354009 341005 295006 308004
113005 160010 255007 270011 262004 138017
155010 084013 099014 117011 104015 089006.
074004 109006 063004 065005 PPC002 250006
PPC000 PPC000 187006 335007 PPC000 PPC002
096003 167003 PPC002 PPC002 145013 013004
215005 240007 142005 164008 224005 304005.
PPC000 212008 330004 265008 240007 273009
192006 305004 222006 241009 150008 130013
177010 052007 153007 068003 143014 128009
089006 194009 129020 153012 159010 144010.
156006 354004 208006 167009 133016 246011
268012 277010 347006 273010 290004 PPC002
128013 105012 204013 172022 141024 134032
153027 165023 153027 147026 127017 168012.
157021 139012 142019 095010 149007 152010
282005 036007 010004 340004 090009 094013
112008 315006 291008 168011 131020 123024
152028 130025 149029 126021 111017 095014.
070015 006008 PPC000 288007 319008 253003
329011 016007 248006 026004 355007 001006
239009 080009 155014 146023 129024 145027
174019 201020 273006 112021 102011 114008.
077009 033003 277005 142003 332006 268008
271005 318006 250004 PPC000 152005 063006
018007 332012 095008 161017 148017 087018
131014 119011 119019 113017 110013 132012.
049007 026007 190006 227006 342008 334007
318013 325009 336005 293005 198006 295005
PPC002 232007 221005 234008 158009 132013
122013 164013 127017 135009 156014 090011.
090010 278009 101004 PPC002 305005 335007
339006 329009 260006 324008 090005 009005
308009 342008 205010 290009 289006 162008
130012 166007 159013 148006 099007 108008.
148009 276010 220008 321009 335007 335007
255006 104007 042006 273005 339004 337006
251006 271004 255010 278007 324004 251009
227007 246005 243006 218007 251006 265003.
212005 148007 PPC001 PPC000 PPC000 251007
311005 124007 124006 079009 181009 333009
252007 PPC000 175010 147010 231005 214010
170014 131017 125011 150024 142020 137012.
167022 157018 235006 124007 261007 232007
256007 103009 088008 PPC000 PPC000 PPC001
355006 289005 158009 193009 120013 192016
067010 085017 136016 129011 124007 106009.
121017 075010 119007 358005 067008 246007
269007 270009 288008 341006 330004 312006
308006 330004 244009 294008 263012 280014
222006 244009 271009 010008 173012 180008.
235010 258009 256008 245007 297006 PPC002
233005 181009 156006 158009 141011 152013
162009 150010 141016 140014 132016 165012
157016 127023 137018 147025 137016 115017=
308009 347010 301008 PPC001 345020 150010
124006 096007 088012 PPC000 129007 113007
092010 126012 129011 113016 098021 099026
112018 102014 156012 150014 140019 127018.
101016 042007 231009 281008 PPC002 081006
053008 PPC001 PPC002 259004 241004 PPC002
246005 171004 259009 237008 207012 129015
141018 126016 110015 103013 109010 113012.
317003 303009 332008 PPC002 324008 356009
230008 292012 199004 311007 095010 104011
144022 134020 128009 138009 051020 052018
115014 137018 124016 151021 133015 128016.
094016 063011 035010 347010 137012 132027
144023 154021 151019 136015 141018 143017
158015 167017 133013 138011 160020 156030
127028 118026 143022 159024 146017 150018.
118012 111013 102012 127017 122012 138016
135015 141019 144017 160020 154016 147016
132015 131015 160013 167011 213012 128023
134031 146022 139026 135027 132027 137025.
129021 161021 139019 145017 137016 132015
124015 145020 131019 150012 116010 078010
094008 151008 139007 352006 209009 166010
107010 119016 123020 113014 117013 106013.
110009 350004 360009 012011 341011 030017
143008 285010 320007 225007 255009 280008
228008 131012 112015 135018 182010 146016
125018 175017 169017 150019 154025 150030.
147021 155023 156028 140019 131013 150014
091010 111016 105016 090012 071011 132014
113015 095017 126018 132017 113013 123019
135019 123012 158006 PPC001 251010 262011.
248007 147006 087009 114012 113010 114014
149013 041010 106011 211005 296006 056007
044028 062020 063019 046012 030019 026024
100021 055031 084016 093015 052017 089009.
099010 115008 113011 159006 183007 148011
119015 133011 232010 317009 100013 116014
162010 133017 156021 112016 084015 169019
178018 128021 133019 114024 114021 152022.
143017 145011 127017 117010 143018 112011
109013 118011 132012 105011 099017 134006
160007 168012 128021 115017 060014 096014
096015 130018 142020 136023 109017 101017.
101017 092016 091012 091009 068011 052007
038008 138009 053004 075004 288004 331006
PPC002 096009 110008 049013 056015 146013
157021 105018 106017 151015 134016 159012.
209007 184005 179014 149010 142013 126010
123016 145011 081006 184009 014004 137005
321007 259012 021011 161026 167021 162018
164024 169016 116025 126022 118018 113014.
150016 174017 199010 295008 271007 227007
042004 332004 076004 358008 PPC001 303008
336004 192007 202012 169014 098019 134022
159026 142027 107029 121023 094020 051012.
033010 050007 005005 340006 310007 259007
PPC002 062006 350006 338006 302007 PPC002
126003 167009 185009 302009 190008 137015
175013 112012 110014 143010 101013 093008.
072006 110006 064003 059006 181004 275005
PPC000 PPC000 197007 312005 PPC000 098003
060004 150005 328004 139007 153009 345006
226005 271005 147007 158009 216006 286004.
PPC000 234008 PPC001 272008 248007 266009
214006 291006 230005 263010 166007 119012
177012 035007 149006 053004 155013 139008
105008 189010 127018 152009 137013 146012.
168005 052004 151004 136011 119013 273005
265011 290013 289011 269014 316006 203005
137011 122008 221014 197015 170024 148032
160032 156029 143026 145029 138026 144019.
158021 153016 145015 088009 132009 149008
203004 036007 298005 352004 086008 102009
182004 334008 234012 164014 111015 145026
149026 129027 159030 137021 116014 093014.
068016 038008 PPC002 274007 319008 PPC002
338009 018007 237006 049004 357007 000005
213007 177011 161013 134020 101019 120023
199017 181022 258004 103021 112011 111008.
092009 062005 354005 124003 328005 283006
273007 274009 205005 260003 148005 096009
095007 316009 097011 181013 153016 092018
211011 115011 122020 102015 105011 115011.
025007 036005 193008 238007 342007 337008
329011 327007 334005 307004 269005 PPC001
008008 256006 202004 300005 176008 191011
122013 163015 130016 130011 156011 089010.
090010 263008 094003 296004 302007 322007
327007 328010 314007 331008 093005 136005
317008 342010 233010 274008 248005 135007
132009 192006 161010 148007 099005 108007.
137008 275007 217009 316008 343006 329005
252005 098005 068004 241007 289004 349006
251005 251005 278006 293006 348004 243008
220006 224006 246005 198003 289009 272005.
238006 151006 PPC000 PPC000 011004 244008
329005 126009 124008 081009 167008 294008
253010 328005 175009 144010 239006 214010
153014 116015 137014 139024 142019 133016.
152018 156016 231008 102008 270007 232006
240004 103009 082008 PPC002 292004 222003
007004 241004 194006 167010 158010 172015
113010 111015 148014 127010 125010 115009.
127016 097012 106009 319005 027007 242007
264008 267009 284006 267005 287005 332006
332006 329005 277007 289009 270010 278013
233006 268010 272006 020009 193011 171008.
210006 246009 301007 249004 281009 PPC002
220004 194008 191007 155009 161011 161011
157010 150012 150014 132014 124014 151012
165017 132020 135020 134020 133019 130020=
028106 1344 041091 1411
022098 1438 031142 2007
027075 1412 044065 1337
033157 1403 046128 1536
032131 1714 044130 1708
029130 2046 039128 2041
030150 1959 039128 1954
029147 2001 043133 2046
033044 0902 054054 0902
027159 1537 036113 1537
024157 2139 035142 1612
024101 1626 034071 1254
030166 1229 041164 1221
035102 1652 053116 1652
018155 1430 024179 1450
013131 1251 020145 1246
020156 1840 029119 1837
039162 1540 058204 1449
035157 1529 047147 1528
028109 1351 041170 1546
026099 1715 035085 1707
021172 1543 031145 1537
014153 1637 017312 0218
012110 2044 016269 1107
025127 1753 033153 1745
022151 2022 034133 2102
018131 2016 025156 2014
022148 1808 032159 1809=
DB
0101 0088 0097 0078 0080 0069 0069 0076 0074 0060 0055 0061
0109 0135 0170 0238 0276 0280 0272 0245 0192 0141 0125 0116 0285 1312 0053 0718.
0106 0090 0083 0106 0080 0081 0071 0065 0062 0067 0085 0096
0109 0123 0159 0212 0278 0301 0285 0241 0195 0145 0119 0110 0302 1408 0062 0439.
0097 0090 0082 0076 0070 0068 0062 0063 0057 0057 0063 0090
0095 0096 0100 0104 0104 0107 0130 0116 0111 0095 0087 0084 0131 1502 0056 0612.
0080 0078 0074 0071 0067 0064 0059 0057 0056 0057 0056 0056
0058 0061 0071 0070 0067 0065 0057 0049 0044 0040 0039 0039 0084 2001 0037 1927.
0042 0043 0043 0040 0041 0040 0037 0033 0031 0030 0030 0030
0031 0034 0045 0046 0052 0054 0040 0035 0027 0020 0015 0015 0057 1328 0014 1922.
0013 0012 0011 0011 0011 0010 0009 -001 0006 0008 0010 0011
0023 0030 0042 0044 0044 0050 0048 0040 0031 0025 0022 0021 0053 1425 -001 0353.
0021 0022 0021 0019 0016 0010 -001 0005 0010 0013 0014 0022
0043 0055 0081 0103 0122 0101 0118 0106 0075 0052 0037 0031 0126 1514 -002 0255.
0027 0024 0020 0019 0019 0018 0019 0018 0017 0016 0016 0018
0025 0027 0038 0037 0022 0039 0031 0029 0028 0023 0021 0019 0051 1118 0016 0524.
0019 0020 0017 0016 0016 0013 0012 -002 -001 0004 0004 0006
0007 0015 0023 0047 0060 0053 0056 0039 0034 0018 0001 -004 0066 1243 -007 1952.
-003 -007 -010 -015 -014 -018 -022 -025 -021 -017 -017 -013
-002 0009 0053 0117 0131 0109 0105 0085 0054 0012 -010 -011 0135 1249 -026 0348.
-017 -021 -025 -025 -023 -026 -031 -035 -033 -036 -038 -031
-006 0023 0087 0114 0112 0142 0137 0108 0065 0025 0009 0011 0148 1426 -039 0718.
0009 0007 0005 0003 0001 -002 -012 -018 -019 -010 -008 -006
0014 0057 0085 0087 0102 0108 0104 0083 0067 0039 0025 0016 0114 1333 -023 0328.
0000 -017 -024 -026 -021 -029 -030 -022 -032 -034 -040 -031
0008 0070 0134 0179 0214 0211 0184 0153 0111 0055 0018 0004 0221 1247 -041 0707.
-006 -013 -023 -031 -039 -038 -036 -040 -042 -041 -042 -020
0021 0057 0118 0207 0208 0225 0201 0152 0088 0050 0024 0010 0235 1351 -043 0510.
-001 0004 -014 -022 -025 -022 -028 -027 -037 -029 -017 0008
0033 0056 0093 0104 0112 0091 0083 0066 0051 0043 0036 0035 0113 1234 -039 0515.
0033 0032 0030 0029 0028 0028 0027 0027 0027 0027 0027 0029
0038 0052 0056 0066 0062 0065 0058 0061 0053 0042 0037 0035 0069 1210 0026 0709.
0035 0033 0032 0032 0032 0031 0030 0029 0028 0028 0027 0031
0040 0047 0058 0083 0071 0084 0069 0058 0052 0043 0035 0032 0084 1354 0027 0631.
0034 0034 0033 0033 0031 0031 0026 0025 0024 0019 0018 0027
0054 0102 0135 0155 0200 0169 0146 0141 0090 0056 0044 0042 0208 1326 0016 0618.
0039 0035 0035 0032 0022 0024 0029 0020 0010 -001 -006 0005
0054 0096 0156 0203 0237 0246 0236 0201 0137 0093 0061 0048 0248 1357 -007 0644.
0039 0027 0016 0008 0002 -003 -006 -011 -017 -021 -021 0000
0056 0083 0150 0208 0243 0258 0243 0196 0145 0098 0066 0052 0260 1359 -022 0626.
0046 0038 0036 0032 0038 0038 0045 0046 0046 0045 0047 0055
0090 0126 0156 0195 0226 0207 0170 0155 0125 0106 0092 0086 0283 1242 0030 0009.
0082 0077 0075 0073 0070 0066 0065 0064 0063 0064 0064 0071
0081 0093 0110 0141 0189 0205 0208 0197 0160 0123 0101 0095 0215 1418 0062 0426.
0090 0087 0084 0080 0078 0075 0078 0078 0076 0075 0073 0085
0097 0118 0141 0147 0150 0152 0145 0137 0124 0108 0100 0096 0155 1308 0073 0636.
0089 0088 0086 0083 0083 0082 0082 0081 0081 0082 0081 0082
0086 0090 0097 0106 0108 0108 0107 0101 0097 0093 0090 0088 0110 1225 0080 0714.
0086 0085 0087 0085 0086 0085 0082 0082 0082 0084 0083 0086
0093 0103 0110 0126 0145 0162 0161 0155 0135 0109 0094 0093 0166 1521 0081 0323.
0092 0090 0089 0087 0087 0086 0085 0084 0082 0081 0081 0086
0100 0116 0128 0156 0182 0191 0188 0184 0146 0124 0109 0106 0197 1348 0081 0556.
0100 0093 0094 0095 0094 0093 0093 0092 0090 0091 0091 0093
0096 0103 0110 0109 0113 0110 0119 0116 0107 0101 0098 0095 0123 1509 0090 2210.
0094 0091 0089 0088 0087 0086 0086 0085 0085 0083 0081 0081
0084 0091 0092 0097 0096 0103 0097 0090 0089 0081 0076 0073 0106 1345 0073 1959=
0126 0118 0113 0110 0105 0101 0098 0095 0095 0093 0089 0086
0088 0097 0109 0123 0142 0157 0166 0169 0165 0155 0144 0136.
0129 0123 0117 0114 0112 0108 0104 0100 0097 0094 0095 0097
0101 0105 0111 0122 0140 0158 0169 0172 0168 0158 0147 0138.
0130 0123 0118 0113 0108 0104 0101 0098 0095 0092 0090 0092
0097 0099 0101 0102 0104 0103 0105 0109 0109 0107 0104 0101.
0099 0097 0095 0093 0091 0089 0086 0084 0082 0081 0080 0079
0078 0078 0079 0080 0081 0081 0080 0078 0077 0074 0072 0070.
0069 0069 0068 0067 0066 0065 0064 0063 0061 0059 0057 0056
0055 0055 0056 0059 0060 0063 0062 0060 0057 0053 0050 0047.
0045 0043 0042 0041 0040 0039 0038 0037 0035 0034 0034 0034
0035 0038 0042 0046 0050 0051 0053 0054 0052 0049 0046 0044.
0043 0042 0041 0041 0039 0038 0036 0031 0031 0032 0032 0033
0037 0044 0051 0061 0072 0078 0081 0087 0084 0077 0068 0061.
0056 0052 0049 0046 0044 0043 0042 0041 0040 0039 0039 0038
0039 0040 0042 0046 0044 0044 0046 0045 0044 0043 0041 0040.
0039 0038 0037 0036 0036 0035 0034 0031 0028 0027 0027 0027
0027 0027 0029 0034 0042 0047 0049 0050 0048 0044 0038 0032.
0028 0026 0024 0022 0020 0019 0017 0016 0014 0014 0013 0013
0013 0013 0016 0035 0056 0066 0069 0070 0067 0057 0044 0035.
0030 0026 0022 0019 0017 0015 0014 0012 0011 0009 0008 0007
0006 0007 0008 0029 0046 0058 0071 0076 0072 0062 0051 0044.
0040 0036 0034 0032 0030 0028 0026 0022 0020 0018 0018 0018
0018 0025 0037 0048 0055 0062 0065 0068 0066 0061 0054 0049.
0043 0036 0030 0024 0021 0019 0017 0015 0014 0012 0011 0009
0009 0010 0027 0051 0072 0089 0096 0098 0094 0084 0071 0059.
0050 0043 0037 0031 0025 0021 0019 0016 0014 0012 0011 0009
0010 0013 0030 0051 0073 0089 0100 0101 0096 0084 0072 0062.
0053 0048 0042 0037 0032 0028 0025 0022 0019 0016 0016 0017
0023 0030 0039 0049 0057 0062 0063 0062 0059 0056 0053 0051.
0049 0048 0046 0046 0045 0044 0043 0043 0043 0042 0042 0042
0042 0044 0048 0051 0053 0055 0056 0056 0056 0055 0053 0051.
0050 0049 0048 0047 0047 0046 0046 0045 0045 0044 0044 0043
0044 0046 0049 0053 0058 0060 0062 0061 0060 0057 0055 0053.
0051 0050 0049 0049 0048 0046 0045 0043 0042 0041 0039 0038
0041 0049 0067 0085 0096 0112 0110 0109 0103 0091 0079 0071.
0066 0062 0059 0056 0053 0050 0049 0048 0044 0041 0035 0032
0035 0049 0065 0087 0109 0126 0137 0139 0132 0119 0104 0091.
0082 0074 0066 0059 0053 0048 0043 0039 0035 0031 0028 0026
0032 0045 0059 0080 0102 0120 0131 0135 0127 0118 0105 0094.
0085 0078 0072 0068 0065 0063 0062 0062 0062 0062 0062 0062
0065 0075 0085 0101 0119 0124 0127 0123 0118 0112 0105 0100.
0096 0092 0090 0087 0085 0083 0081 0080 0078 0077 0077 0076
0077 0080 0084 0090 0099 0112 0123 0128 0129 0123 0115 0108.
0103 0100 0097 0095 0092 0090 0089 0088 0087 0086 0085 0085
0087 0091 0096 0103 0107 0110 0112 0112 0112 0109 0106 0103.
0100 0099 0097 0095 0094 0093 0092 0091 0090 0090 0089 0089
0089 0090 0092 0095 0099 0101 0102 0102 0101 0099 0097 0095.
0094 0093 0092 0092 0091 0091 0090 0089 0089 0089 0089 0089
0090 0092 0096 0100 0108 0118 0125 0129 0127 0121 0113 0107.
0104 0101 0099 0098 0096 0095 0094 0093 0092 0091 0090 0090
0092 0096 0103 0111 0122 0134 0142 0145 0141 0134 0126 0120.
0115 0111 0107 0105 0104 0103 0102 0101 0100 0099 0098 0098
0099 0100 0103 0105 0107 0108 0108 0111 0110 0108 0106 0104.
0102 0101 0099 0098 0097 0096 0095 0094 0093 0093 0091 0091
0090 0092 0093 0095 0096 0098 0100 0099 0097 0095 0092 0089=
0127 0123 0119 0116 0113 0110 0108 0105 0103 0102 0100 0098
0096 0097 0101 0106 0114 0124 0133 0140 0144 0144 0140 0136.
0132 0128 0125 0121 0119 0117 0114 0111 0109 0106 0104 0104
0104 0105 0107 0111 0117 0127 0136 0144 0147 0147 0144 0139.
0135 0131 0127 0123 0120 0116 0113 0111 0108 0106 0104 0102
0102 0103 0104 0105 0106 0106 0106 0108 0109 0109 0108 0107.
0106 0104 0103 0101 0100 0099 0097 0095 0094 0093 0091 0091
0090 0089 0088 0088 0088 0089 0088 0088 0087 0086 0084 0083.
0082 0081 0080 0079 0078 0078 0077 0076 0075 0073 0072 0071
0070 0069 0069 0069 0069 0070 0071 0070 0069 0068 0066 0064.
0062 0060 0059 0058 0056 0055 0055 0054 0053 0051 0051 0050
0050 0050 0051 0053 0055 0056 0058 0059 0059 0059 0058 0056.
0055 0054 0054 0053 0052 0051 0050 0049 0047 0046 0046 0046
0046 0048 0051 0055 0060 0066 0070 0074 0077 0077 0074 0071.
0068 0065 0062 0060 0058 0056 0055 0054 0053 0052 0052 0051
0050 0050 0051 0052 0052 0052 0053 0053 0053 0053 0052 0051.
0050 0049 0049 0048 0047 0047 0046 0045 0044 0042 0041 0041
0040 0040 0040 0041 0043 0047 0049 0051 0052 0051 0050 0047.
0044 0042 0040 0039 0037 0036 0034 0033 0032 0031 0030 0029
0028 0028 0028 0031 0039 0048 0055 0058 0061 0060 0056 0051.
0047 0043 0040 0038 0036 0034 0032 0031 0029 0028 0026 0025
0024 0023 0023 0025 0034 0042 0050 0057 0061 0061 0058 0054.
0051 0048 0046 0044 0043 0041 0040 0038 0036 0034 0033 0032
0032 0032 0035 0041 0046 0050 0055 0058 0060 0060 0059 0056.
0054 0051 0047 0043 0040 0037 0035 0033 0032 0030 0029 0027
0026 0025 0027 0035 0045 0057 0067 0073 0077 0077 0074 0069.
0064 0059 0054 0050 0046 0042 0039 0037 0034 0032 0030 0029
0027 0027 0029 0037 0047 0058 0069 0076 0080 0079 0075 0070.
0066 0061 0057 0054 0050 0046 0043 0041 0038 0036 0034 0033
0033 0035 0038 0043 0048 0053 0056 0058 0058 0058 0057 0056.
0055 0054 0053 0052 0052 0051 0051 0050 0050 0049 0049 0049
0049 0049 0050 0051 0053 0055 0056 0057 0057 0057 0057 0056.
0055 0055 0054 0053 0053 0053 0052 0052 0052 0051 0051 0050
0050 0051 0052 0053 0055 0057 0059 0060 0061 0060 0060 0058.
0057 0056 0056 0055 0055 0054 0053 0052 0051 0050 0049 0048
0048 0049 0054 0062 0071 0080 0087 0089 0091 0089 0084 0079.
0075 0072 0069 0067 0065 0062 0060 0059 0057 0055 0053 0050
0048 0049 0055 0063 0075 0087 0098 0106 0110 0109 0104 0098.
0092 0086 0081 0076 0072 0067 0063 0060 0056 0053 0050 0047
0046 0048 0053 0061 0072 0084 0095 0104 0108 0107 0104 0099.
0093 0089 0084 0080 0077 0075 0073 0071 0071 0070 0069 0069
0069 0071 0075 0081 0089 0098 0103 0106 0107 0106 0103 0101.
0098 0096 0094 0092 0090 0089 0087 0086 0085 0084 0083 0082
0082 0082 0083 0085 0088 0094 0100 0106 0110 0112 0110 0108.
0105 0103 0100 0099 0097 0095 0094 0093 0092 0091 0090 0089
0089 0090 0092 0095 0098 0100 0103 0104 0105 0105 0105 0103.
0102 0101 0100 0098 0097 0096 0095 0095 0094 0093 0093 0092
0092 0092 0093 0093 0095 0096 0098 0099 0099 0099 0098 0097.
0096 0096 0095 0094 0094 0093 0093 0093 0092 0092 0091 0091
0091 0092 0093 0095 0098 0102 0107 0112 0115 0115 0113 0110.
0107 0105 0103 0102 0101 0100 0099 0098 0097 0096 0095 0094
0094 0095 0097 0100 0105 0112 0118 0123 0126 0126 0124 0121.
0118 0115 0112 0110 0108 0107 0106 0105 0104 0103 0103 0102
0101 0101 0102 0103 0104 0105 0106 0107 0108 0108 0107 0106.
0105 0104 0103 0102 0101 0100 0100 0099 0098 0097 0097 0096
0095 0095 0095 0096 0097 0097 0099 0099 0099 0098 0097 0096=
0124 0123 0121 0119 0117 0115 0113 0111 0109 0108 0107 0105
0103 0103 0103 0105 0108 0114 0119 0125 0130 0132 0133 0132.
0131 0129 0127 0125 0123 0121 0119 0117 0115 0113 0112 0110
0110 0110 0110 0111 0113 0118 0123 0129 0134 0137 0137 0136.
0135 0132 0130 0128 0125 0123 0121 0118 0116 0114 0112 0111
0110 0109 0109 0109 0110 0110 0110 0110 0111 0112 0112 0111.
0110 0110 0109 0108 0107 0106 0105 0103 0102 0101 0100 0099
0098 0097 0096 0096 0096 0096 0095 0095 0094 0094 0093 0092.
0091 0090 0089 0088 0088 0087 0086 0085 0084 0083 0082 0081
0080 0080 0079 0078 0078 0078 0078 0078 0078 0077 0076 0075.
0074 0072 0071 0070 0069 0068 0067 0066 0065 0064 0063 0062
0062 0061 0061 0062 0062 0063 0064 0065 0066 0066 0066 0065.
0065 0064 0063 0063 0062 0062 0061 0060 0059 0058 0057 0057
0056 0056 0058 0059 0062 0065 0068 0071 0074 0076 0076 0075.
0074 0072 0071 0069 0068 0066 0065 0064 0063 0062 0062 0061
0060 0060 0059 0060 0060 0060 0060 0060 0060 0060 0060 0059.
0059 0058 0058 0057 0057 0056 0056 0055 0054 0053 0053 0052
0051 0050 0050 0050 0051 0052 0054 0055 0056 0057 0057 0056.
0054 0053 0052 0050 0049 0048 0047 0045 0044 0043 0042 0042
0041 0040 0040 0040 0042 0047 0051 0055 0058 0060 0060 0058.
0056 0054 0052 0050 0048 0046 0045 0043 0042 0041 0040 0039
0037 0037 0036 0036 0038 0042 0046 0051 0056 0059 0059 0059.
0057 0056 0054 0053 0052 0051 0050 0048 0047 0046 0044 0044
0043 0042 0043 0044 0047 0050 0053 0056 0058 0060 0060 0060.
0059 0058 0056 0054 0051 0049 0047 0046 0044 0043 0042 0040
0039 0038 0037 0039 0043 0049 0056 0062 0067 0070 0071 0070.
0068 0066 0063 0060 0057 0055 0052 0050 0048 0046 0044 0043
0041 0040 0039 0041 0045 0051 0058 0064 0069 0072 0073 0072.
0070 0067 0065 0063 0060 0058 0055 0053 0051 0049 0047 0046
0045 0045 0045 0047 0050 0053 0055 0057 0059 0060 0060 0060.
0059 0059 0058 0058 0057 0057 0057 0056 0056 0056 0055 0055
0055 0055 0055 0056 0056 0057 0058 0059 0060 0060 0060 0060.
0060 0060 0059 0059 0059 0058 0058 0058 0057 0057 0057 0057
0056 0056 0057 0057 0058 0059 0060 0062 0062 0063 0063 0063.
0062 0062 0061 0061 0060 0060 0059 0059 0058 0057 0057 0056
0055 0055 0056 0059 0064 0069 0075 0079 0082 0083 0083 0081.
0079 0077 0075 0073 0071 0070 0068 0067 0066 0064 0063 0061
0059 0058 0059 0062 0067 0074 0081 0088 0094 0097 0097 0096.
0093 0090 0087 0084 0081 0078 0075 0072 0069 0066 0064 0061
0059 0058 0059 0062 0066 0073 0080 0087 0093 0096 0097 0096.
0094 0092 0089 0087 0084 0082 0080 0079 0078 0077 0076 0075
0075 0075 0076 0078 0082 0087 0092 0096 0099 0100 0100 0099.
0098 0097 0096 0095 0093 0092 0091 0090 0089 0088 0087 0087
0086 0086 0086 0086 0088 0090 0093 0097 0101 0103 0105 0105.
0104 0103 0102 0101 0099 0098 0097 0096 0095 0095 0094 0093
0093 0093 0093 0094 0096 0097 0099 0101 0102 0103 0103 0103.
0102 0102 0101 0101 0100 0099 0098 0098 0097 0097 0096 0096
0095 0095 0095 0095 0096 0097 0098 0098 0099 0099 0099 0099.
0099 0098 0098 0097 0097 0096 0096 0096 0095 0095 0095 0095
0094 0094 0095 0096 0097 0099 0101 0105 0107 0109 0110 0109.
0108 0107 0106 0105 0104 0103 0102 0101 0101 0100 0099 0098
0098 0098 0098 0100 0102 0105 0109 0113 0116 0118 0119 0118.
0117 0116 0114 0113 0111 0110 0109 0108 0108 0107 0106 0105
0105 0105 0105 0105 0105 0106 0107 0107 0108 0108 0108 0108.
0107 0107 0106 0105 0105 0104 0103 0103 0102 0102 0101 0100
0100 0099 0099 0099 0099 0100 0100 0101 0101 0101 0100 0100=
0116 0117 0116 0116 0115 0114 0113 0112 0110 0109 0108 0107
0106 0105 0105 0105 0106 0108 0110 0114 0117 0120 0123 0124.
0124 0124 0123 0122 0121 0120 0119 0118 0117 0115 0114 0113
0112 0111 0111 0111 0111 0113 0115 0118 0122 0125 0127 0128.
0128 0128 0127 0126 0125 0123 0121 0120 0119 0117 0116 0114
0113 0112 0112 0111 0111 0111 0111 0111 0111 0111 0111 0111.
0111 0111 0110 0110 0109 0108 0107 0107 0106 0105 0104 0103
0102 0101 0101 0100 0100 0099 0099 0098 0098 0098 0097 0096.
0096 0095 0094 0094 0093 0092 0092 0091 0090 0089 0089 0088
0087 0086 0086 0085 0084 0084 0084 0083 0083 0083 0083 0082.
0081 0080 0079 0078 0077 0076 0075 0074 0074 0073 0072 0071
0070 0070 0069 0069 0069 0069 0069 0070 0070 0070 0071 0070.
0070 0070 0069 0069 0068 0068 0068 0067 0066 0065 0065 0064
0064 0063 0063 0064 0065 0066 0068 0070 0072 0074 0075 0075.
0075 0075 0074 0073 0073 0072 0071 0070 0069 0068 0068 0067
0066 0066 0065 0065 0065 0065 0065 0065 0065 0065 0065 0065.
0064 0064 0063 0063 0063 0062 0062 0061 0061 0060 0060 0059
0058 0058 0057 0057 0057 0057 0057 0058 0059 0060 0060 0060.
0060 0059 0058 0057 0056 0056 0055 0054 0053 0052 0051 0050
0050 0049 0048 0048 0048 0049 0051 0054 0056 0058 0059 0060.
0059 0059 0058 0056 0055 0054 0053 0052 0051 0050 0049 0048
0047 0046 0045 0044 0044 0045 0047 0050 0053 0055 0057 0058.
0058 0058 0058 0057 0056 0056 0055 0054 0053 0052 0052 0051
0050 0049 0049 0049 0050 0051 0053 0055 0056 0058 0059 0060.
0060 0060 0059 0058 0057 0056 0055 0053 0052 0051 0050 0049
0048 0047 0046 0046 0046 0049 0052 0056 0059 0062 0065 0066.
0066 0066 0065 0064 0062 0061 0059 0057 0056 0054 0053 0051
0050 0049 0048 0048 0048 0050 0054 0057 0061 0064 0067 0068.
0068 0067 0066 0065 0064 0063 0061 0060 0058 0057 0055 0054
0053 0052 0051 0052 0052 0054 0055 0057 0058 0059 0060 0060.
0060 0060 0060 0060 0060 0060 0059 0059 0059 0059 0059 0058
0058 0058 0058 0058 0058 0059 0059 0060 0060 0061 0061 0061.
0061 0061 0061 0061 0061 0061 0061 0060 0060 0060 0060 0060
0059 0059 0059 0059 0059 0060 0061 0062 0062 0063 0063 0063.
0063 0063 0063 0063 0063 0062 0062 0062 0061 0061 0060 0060
0059 0059 0059 0060 0061 0064 0067 0070 0073 0075 0077 0077.
0077 0076 0075 0074 0073 0072 0071 0070 0069 0068 0067 0066
0065 0064 0063 0063 0065 0068 0071 0076 0080 0084 0087 0088.
0088 0087 0086 0085 0083 0081 0079 0077 0075 0073 0071 0069
0067 0066 0065 0065 0066 0069 0072 0077 0081 0085 0087 0089.
0089 0089 0088 0086 0085 0084 0082 0081 0080 0079 0078 0078
0077 0077 0077 0077 0079 0081 0084 0087 0089 0091 0093 0093.
0093 0093 0093 0092 0092 0091 0091 0090 0089 0089 0088 0087
0087 0087 0086 0086 0086 0087 0089 0090 0093 0095 0097 0098.
0099 0099 0098 0098 0098 0097 0096 0096 0095 0094 0094 0093
0093 0093 0092 0093 0093 0094 0095 0096 0097 0098 0099 0099.
0099 0099 0099 0099 0098 0098 0098 0097 0097 0096 0096 0096
0095 0095 0095 0095 0095 0095 0096 0096 0096 0097 0097 0097.
0097 0097 0097 0096 0096 0096 0096 0096 0095 0095 0095 0095
0094 0094 0094 0095 0095 0096 0097 0099 0100 0102 0104 0104.
0104 0104 0104 0103 0103 0102 0101 0101 0100 0100 0099 0099
0098 0098 0098 0098 0099 0100 0102 0104 0107 0109 0111 0112.
0112 0111 0111 0110 0110 0109 0108 0108 0107 0106 0106 0105
0105 0104 0104 0104 0104 0104 0105 0105 0105 0106 0106 0106.
0106 0106 0105 0105 0105 0104 0104 0103 0103 0102 0101 0101
0101 0100 0100 0100 0099 0099 0100 0100 0100 0100 0100 0100=
0105 0105 0105 0106 0106 0106 0107 0107 0107 0107 0107 0107
0107 0107 0107 0107 0107 0107 0107 0107 0107 0108 0108 0109.
0109 0109 0110 0110 0110 0111 0111 0111 0111 0111 0111 0111
0111 0111 0111 0111 0111 0111 0111 0111 0111 0111 0112 0112.
0113 0113 0113 0114 0114 0114 0114 0114 0114 0114 0114 0114
0114 0114 0113 0113 0113 0113 0113 0113 0113 0113 0113 0113.
0113 0112 0112 0112 0112 0112 0112 0112 0112 0112 0112 0111
0111 0111 0111 0110 0110 0110 0110 0110 0109 0109 0109 0109.
0109 0108 0108 0108 0108 0107 0107 0107 0107 0107 0106 0106
0106 0105 0105 0105 0105 0104 0104 0104 0103 0103 0103 0103.
0102 0102 0102 0102 0101 0101 0101 0100 0100 0100 0099 0099
0099 0098 0098 0098 0097 0097 0097 0097 0096 0096 0096 0096.
0096 0095 0095 0095 0095 0095 0094 0094 0094 0094 0093 0093
0093 0093 0092 0092 0092 0092 0092 0092 0092 0092 0092 0092.
0092 0093 0093 0093 0093 0093 0093 0093 0093 0093 0092 0092
0092 0092 0092 0092 0092 0091 0091 0091 0091 0091 0090 0090.
0090 0090 0090 0090 0090 0089 0089 0089 0089 0089 0088 0088
0088 0088 0088 0087 0087 0087 0087 0087 0086 0086 0086 0086.
0086 0086 0086 0086 0085 0085 0085 0085 0085 0084 0084 0083
0083 0083 0083 0082 0082 0082 0082 0081 0081 0081 0082 0082.
0082 0082 0082 0082 0082 0082 0082 0082 0081 0081 0081 0080
0080 0080 0079 0079 0079 0078 0078 0078 0078 0078 0078 0079.
0079 0079 0079 0079 0079 0079 0079 0079 0079 0079 0079 0079
0078 0078 0078 0078 0078 0078 0078 0077 0077 0078 0078 0078.
0078 0078 0078 0078 0078 0078 0078 0078 0078 0078 0078 0077
0077 0077 0076 0076 0076 0076 0076 0076 0076 0076 0076 0076.
0077 0077 0077 0077 0077 0077 0077 0077 0077 0077 0077 0076
0076 0076 0076 0075 0075 0075 0075 0075 0075 0075 0075 0076.
0076 0076 0076 0076 0077 0077 0077 0076 0076 0076 0076 0076
0076 0075 0075 0075 0075 0074 0074 0074 0074 0075 0075 0075.
0075 0075 0075 0075 0075 0075 0075 0075 0075 0076 0075 0076
0075 0075 0075 0075 0075 0075 0075 0075 0076 0076 0076 0076.
0076 0076 0076 0076 0076 0076 0076 0076 0076 0076 0076 0076
0076 0076 0076 0076 0076 0076 0076 0077 0077 0077 0077 0077.
0077 0077 0077 0077 0077 0077 0077 0077 0077 0077 0077 0077
0077 0077 0077 0077 0077 0077 0077 0078 0078 0078 0079 0079.
0080 0080 0080 0081 0081 0081 0081 0081 0081 0081 0081 0081
0081 0081 0081 0081 0081 0081 0081 0081 0081 0082 0082 0082.
0083 0083 0084 0084 0084 0084 0084 0084 0084 0084 0084 0084
0084 0083 0083 0083 0082 0082 0082 0082 0083 0083 0083 0084.
0084 0084 0085 0085 0085 0085 0086 0086 0086 0086 0086 0085
0085 0085 0085 0085 0085 0085 0085 0086 0086 0086 0087 0087.
0087 0088 0088 0089 0089 0089 0089 0089 0089 0090 0090 0090
0090 0090 0090 0090 0090 0090 0090 0090 0090 0091 0091 0091.
0091 0092 0092 0093 0093 0093 0093 0093 0093 0094 0094 0094
0094 0094 0094 0094 0094 0094 0094 0094 0094 0094 0095 0095.
0095 0095 0096 0096 0096 0096 0096 0096 0096 0096 0096 0096
0097 0097 0097 0097 0097 0097 0097 0097 0097 0097 0097 0097.
0097 0097 0097 0098 0098 0098 0098 0098 0098 0098 0098 0098
0098 0098 0098 0098 0098 0098 0098 0098 0098 0099 0099 0099.
0100 0100 0100 0100 0100 0101 0101 0101 0101 0101 0101 0101
0101 0101 0101 0101 0101 0101 0101 0101 0102 0102 0102 0103.
0103 0104 0104 0104 0104 0105 0105 0105 0105 0105 0105 0105
0105 0105 0105 0105 0105 0105 0105 0105 0105 0105 0105 0106.
0106 0106 0106 0106 0106 0106 0106 0106 0106 0106 0106 0106
0106 0106 0106 0105 0105 0105 0105 0105 0105 0105 0105 0105=
KB
0112 0112 0112 0112 0112 0112 0112 0112 0112 0112 0112 0112
0112 0113 0113 0113 0113 0113 0113 0113 0113 0113 0113 0113.
0113 0113 0113 0114 0114 0114 0114 0114 0114 0114 0114 0114
0114 0115 0115 0115 0115 0115 0115 0115 0115 0115 0115 0115.
0115 0115 0116 0116 0116 0116 0116 0116 0116 0116 0116 0116
0117 0117 0117 0117 0117 0117 0117 0117 0117 0117 0117 0117.
0117 0117 0117 0117 0117 0118 0118 0118 0118 0118 0118 0118
0118 0118 0118 0118 0118 0118 0118 0118 0118 0118 0118 0118.
0118 0118 0118 0118 0118 0118 0118 0118 0117 0117 0117 0117
0117 0117 0117 0117 0117 0117 0117 0117 0117 0117 0117 0117.
0117 0117 0116 0116 0116 0116 0116 0116 0116 0116 0116 0116
0116 0115 0115 0115 0115 0115 0115 0115 0115 0115 0114 0114.
0114 0114 0114 0114 0114 0114 0113 0113 0113 0113 0113 0113
0113 0113 0112 0112 0112 0112 0112 0112 0112 0112 0111 0111.
0111 0111 0111 0111 0111 0111 0111 0111 0111 0110 0110 0110
0110 0110 0110 0110 0110 0110 0110 0110 0110 0110 0110 0109.
0109 0109 0109 0109 0109 0109 0109 0109 0109 0109 0108 0108
0108 0108 0108 0108 0108 0108 0108 0108 0108 0107 0107 0107.
0107 0107 0107 0107 0107 0107 0107 0106 0106 0106 0106 0106
0106 0106 0106 0106 0106 0105 0105 0105 0105 0105 0105 0105.
0104 0104 0104 0104 0104 0104 0104 0104 0104 0103 0103 0103
0103 0103 0103 0103 0103 0103 0103 0102 0102 0102 0102 0102.
0102 0102 0101 0101 0101 0101 0101 0101 0101 0101 0101 0101
0101 0101 0101 0100 0100 0100 0100 0100 0100 0100 0100 0100.
0100 0099 0099 0099 0099 0099 0099 0099 0099 0099 0099 0099
0099 0099 0099 0099 0099 0099 0098 0098 0098 0098 0098 0098.
0098 0098 0098 0098 0098 0097 0097 0097 0097 0097 0097 0097
0097 0097 0097 0097 0097 0097 0097 0097 0097 0097 0096 0096.
0096 0096 0096 0096 0096 0096 0096 0096 0096 0096 0096 0096
0096 0096 0096 0096 0096 0095 0095 0095 0095 0095 0095 0095.
0095 0095 0095 0095 0095 0095 0095 0095 0095 0095 0095 0095
0094 0094 0094 0094 0094 0094 0094 0094 0094 0094 0094 0094.
0094 0094 0094 0094 0094 0094 0094 0094 0094 0094 0094 0094
0094 0094 0094 0094 0094 0094 0094 0094 0094 0094 0094 0094.
0094 0094 0094 0094 0094 0094 0094 0094 0094 0094 0094 0094
0094 0094 0094 0094 0094 0094 0094 0094 0094 0094 0094 0094.
0094 0094 0094 0094 0094 0094 0094 0094 0094 0094 0094 0094
0094 0094 0094 0095 0095 0095 0095 0095 0095 0095 0095 0095.
0095 0095 0095 0095 0095 0095 0095 0095 0095 0095 0095 0095
0095 0095 0096 0096 0096 0096 0096 0096 0096 0096 0096 0096.
0096 0096 0096 0096 0096 0096 0096 0096 0096 0096 0096 0096
0096 0096 0096 0096 0096 0096 0096 0096 0096 0096 0096 0096.
0096 0097 0097 0097 0097 0097 0097 0097 0097 0097 0097 0097
0097 0097 0097 0098 0098 0098 0098 0098 0098 0098 0098 0098.
0098 0098 0098 0098 0098 0099 0099 0099 0099 0099 0099 0099
0099 0099 0099 0100 0100 0100 0100 0100 0100 0100 0100 0100.
0100 0100 0100 0100 0100 0101 0101 0101 0101 0101 0101 0101
0101 0101 0101 0101 0102 0102 0102 0102 0102 0102 0102 0102.
0102 0102 0102 0102 0102 0103 0103 0103 0103 0103 0103 0103
0103 0103 0103 0103 0103 0103 0103 0104 0104 0104 0104 0104.
0104 0104 0104 0104 0104 0104 0104 0104 0104 0105 0105 0105
0105 0105 0105 0105 0105 0105 0105 0105 0105 0105 0106 0106.
0106 0106 0106 0106 0106 0106 0106 0106 0106 0106 0106 0107
0107 0107 0107 0107 0107 0107 0107 0107 0107 0107 0107 0108.
0108 0108 0108 0108 0108 0108 0108 0108 0108 0108 0108 0108
0108 0109 0109 0109 0109 0109 0109 0109 0109 0109 0109 0109=
0143 0143 0143 0143 0143 0143 0143 0143 0143 0143 0143 0143
0143 0143 0143 0143 0143 0143 0143 0143 0143 0143 0143 0143.
0143 0143 0143 0143 0142 0142 0142 0142 0142 0142 0143 0142
0142 0142 0143 0142 0142 0143 0143 0143 0143 0142 0143 0142.
0142 0142 0142 0142 0142 0142 0142 0142 0142 0142 0142 0142
0142 0142 0142 0142 0142 0142 0142 0142 0142 0142 0142 0142.
0142 0142 0142 0142 0142 0142 0142 0142 0142 0142 0142 0142
0142 0142 0142 0142 0142 0142 0142 0142 0142 0142 0142 0142.
0142 0142 0142 0142 0142 0142 0142 0142 0142 0142 0142 0142
0142 0142 0142 0143 0143 0142 0142 0142 0143 0142 0142 0142.
0142 0142 0143 0143 0143 0143 0143 0143 0143 0143 0143 0143
0143 0143 0143 0143 0143 0143 0143 0143 0143 0143 0143 0143.
0143 0143 0143 0143 0143 0143 0143 0143 0143 0143 0143 0143
0143 0143 0143 0143 0143 0143 0143 0143 0143 0143 0143 0143.
0143 0143 0143 0143 0143 0143 0143 0143 0143 0143 0143 0143
0143 0143 0143 0143 0143 0143 0143 0143 0143 0143 0143 0143.
0142 0143 0143 0142 0142 0142 0142 0142 0142 0142 0142 0142
0142 0142 0142 0142 0142 0142 0142 0142 0142 0142 0142 0142.
0142 0142 0142 0142 0142 0142 0142 0142 0142 0142 0142 0142
0142 0142 0142 0142 0142 0142 0142 0142 0142 0142 0142 0142.
0142 0142 0142 0142 0142 0142 0141 0141 0141 0141 0141 0141
0141 0141 0141 0141 0141 0141 0141 0141 0141 0141 0141 0141.
0141 0141 0141 0141 0141 0141 0141 0141 0141 0141 0141 0141
0141 0141 0141 0141 0141 0141 0141 0141 0140 0140 0141 0141.
0140 0140 0140 0140 0140 0140 0140 0140 0140 0140 0140 0140
0140 0140 0140 0140 0140 0140 0140 0140 0140 0140 0140 0140.
0140 0140 0140 0140 0139 0139 0139 0139 0139 0139 0139 0139
0139 0139 0139 0139 0139 0139 0139 0139 0139 0139 0139 0139.
0139 0139 0139 0139 0139 0139 0138 0138 0138 0138 0138 0138
0138 0138 0138 0138 0138 0138 0138 0138 0138 0138 0138 0138.
0138 0138 0138 0138 0138 0138 0138 0138 0138 0138 0138 0137
0137 0137 0137 0137 0137 0137 0137 0137 0137 0137 0137 0137.
0137 0137 0137 0137 0137 0137 0137 0137 0137 0137 0137 0136
0136 0137 0136 0136 0136 0136 0136 0136 0136 0136 0136 0136.
0136 0136 0136 0136 0136 0136 0136 0136 0136 0136 0136 0136
0136 0136 0136 0135 0135 0136 0135 0135 0135 0135 0135 0135.
0135 0135 0135 0135 0135 0135 0135 0135 0135 0135 0135 0135
0135 0135 0135 0135 0135 0135 0135 0135 0135 0135 0134 0134.
0134 0134 0134 0134 0134 0134 0134 0134 0134 0134 0134 0134
0134 0134 0134 0134 0134 0134 0134 0134 0134 0134 0134 0134.
0134 0134 0134 0134 0134 0134 0134 0134 0134 0134 0133 0134
0133 0133 0133 0134 0133 0133 0133 0133 0133 0133 0133 0133.
0133 0133 0133 0133 0133 0133 0133 0133 0133 0133 0133 0133
0133 0133 0133 0133 0133 0133 0133 0133 0133 0133 0133 0133.
0133 0133 0133 0133 0133 0132 0132 0132 0132 0133 0132 0132
0132 0132 0132 0132 0132 0132 0132 0132 0132 0132 0132 0132.
0132 0132 0132 0132 0132 0132 0132 0132 0132 0132 0132 0132
0132 0132 0132 0132 0132 0132 0132 0132 0132 0132 0132 0132.
0132 0132 0132 0132 0132 0132 0132 0132 0132 0132 0132 0132
0132 0132 0132 0132 0132 0132 0132 0132 0132 0132 0132 0132.
0132 0132 0132 0132 0132 0132 0132 0132 0132 0132 0132 0132
0132 0132 0132 0132 0132 0132 0132 0132 0132 0132 0132 0132.
0132 0132 0132 0132 0132 0132 0132 0132 0132 0132 0132 0132
0132 0132 0132 0132 0132 0132 0132 0132 0132 0132 0132 0132.
0132 0132 0132 0132 0132 0132 0132 0132 0132 0132 0132 0132
0132 0132 0132 0132 0132 0132 0132 0132 0132 0132 0132 0132=
0182 0182 0182 0182 0182 0182 0182 0182 0182 0182 0182 0182
0182 0182 0182 0182 0182 0182 0182 0182 0182 0182 0182 0182.
0182 0182 0182 0182 0182 0182 0182 0182 0182 0182 0182 0182
0182 0182 0182 0182 0182 0182 0182 0181 0182 0181 0181 0181.
0181 0181 0181 0181 0181 0181 0181 0181 0181 0181 0181 0181
0181 0181 0181 0181 0181 0181 0181 0181 0181 0181 0181 0181.
0181 0181 0181 0181 0181 0181 0181 0181 0181 0181 0180 0181
0181 0180 0180 0180 0180 0180 0180 0180 0180 0180 0180 0180.
0180 0180 0180 0180 0180 0180 0180 0180 0180 0180 0180 0180
0180 0180 0180 0180 0180 0180 0180 0180 0180 0180 0180 0180.
0180 0180 0180 0180 0180 0180 0180 0180 0180 0180 0180 0179
0179 0180 0180 0180 0180 0180 0180 0180 0179 0179 0179 0179.
0179 0179 0179 0179 0179 0179 0179 0179 0179 0179 0179 0179
0179 0179 0179 0179 0179 0179 0179 0179 0179 0179 0179 0179.
0179 0179 0179 0179 0179 0179 0179 0179 0179 0179 0179 0179
0179 0179 0179 0179 0179 0179 0179 0179 0179 0179 0179 0179.
0179 0179 0179 0179 0179 0179 0178 0178 0178 0178 0178 0178
0178 0178 0178 0178 0178 0178 0178 0178 0178 0178 0178 0178.
0178 0178 0178 0178 0178 0178 0178 0178 0178 0178 0178 0178
0178 0178 0178 0178 0178 0178 0178 0178 0178 0178 0178 0178.
0178 0178 0178 0178 0178 0178 0177 0178 0177 0177 0177 0177
0177 0177 0177 0178 0177 0177 0178 0178 0177 0177 0177 0177.
0177 0177 0177 0177 0177 0177 0177 0177 0177 0177 0177 0177
0177 0177 0177 0177 0177 0177 0177 0177 0177 0177 0177 0177.
0177 0177 0177 0177 0177 0177 0177 0177 0177 0177 0177 0177
0177 0177 0177 0177 0177 0177 0177 0177 0177 0177 0177 0177.
0177 0177 0177 0177 0177 0176 0176 0176 0176 0176 0176 0176
0176 0176 0176 0176 0176 0177 0177 0176 0176 0176 0176 0176.
0176 0176 0176 0176 0176 0176 0176 0176 0176 0176 0176 0176
0176 0176 0176 0176 0176 0176 0176 0176 0176 0176 0176 0176.
0176 0176 0176 0176 0176 0176 0176 0176 0176 0176 0176 0176
0175 0176 0176 0176 0176 0176 0176 0176 0176 0175 0175 0175.
0175 0175 0175 0175 0175 0175 0175 0175 0175 0175 0175 0175
0175 0175 0175 0175 0175 0175 0175 0175 0175 0175 0175 0175.
0175 0175 0175 0175 0175 0175 0175 0175 0175 0175 0175 0175
0175 0175 0175 0175 0175 0175 0175 0175 0175 0175 0175 0175.
0175 0175 0175 0175 0175 0175 0175 0174 0175 0174 0175 0174
0174 0175 0175 0175 0175 0175 0175 0174 0175 0174 0174 0174.
0174 0174 0174 0174 0174 0174 0174 0174 0174 0174 0174 0174
0174 0174 0174 0174 0174 0174 0174 0174 0174 0174 0174 0174.
0174 0174 0174 0174 0174 0174 0174 0174 0174 0174 0174 0174
0174 0174 0174 0174 0174 0174 0174 0174 0174 0174 0174 0174.
0174 0173 0173 0174 0174 0173 0173 0173 0173 0173 0173 0173
0173 0173 0173 0173 0173 0173 0173 0173 0173 0173 0173 0173.
0173 0173 0173 0173 0173 0173 0173 0173 0173 0173 0173 0173
0173 0173 0173 0173 0173 0173 0173 0173 0173 0173 0173 0173.
0173 0173 0173 0173 0173 0173 0173 0173 0173 0173 0173 0173
0173 0173 0173 0173 0172 0172 0172 0172 0172 0172 0172 0172.
0172 0172 0172 0172 0172 0172 0172 0172 0172 0172 0172 0172
0172 0172 0172 0172 0172 0172 0172 0172 0172 0172 0172 0172.
0172 0172 0172 0172 0172 0172 0172 0172 0172 0172 0172 0172
0172 0172 0172 0172 0172 0172 0172 0172 0172 0172 0172 0172.
0172 0172 0171 0171 0171 0171 0171 0171 0171 0171 0171 0171
0171 0171 0171 0171 0171 0171 0171 0171 0171 0171 0171 0171.
0171 0171 0171 0171 0171 0171 0171 0171 0171 0171 0171 0171
0171 0171 0171 0171 0171 0171 0171 0171 0171 0171 0171 0171=
A=
SA=
BA
0054 0040 0064 0031 0050 0027 0030 0049 0039 0017 0014 0030
0095 0112 0156 0237 0297 0277 0271 0228 0161 0102 0095 0082 0298 1253 0014 0658.
0070 0043 0038 0079 0034 0041 0032 0025 0022 0033 0062 0076
0087 0098 0133 0199 0272 0302 0276 0223 0165 0100 0068 0063 0320 1331 0020 0439.
0047 0043 0039 0031 0027 0026 0021 0027 0017 0019 0032 0071
0070 0070 0075 0077 0075 0085 0112 0095 0091 0070 0061 0060 0114 1456 0016 0504.
0055 0054 0048 0041 0037 0042 0037 0032 0031 0033 0033 0031
0033 0037 0048 0046 0041 0038 0029 0022 0011 0006 0008 0007 0060 2001 0004 1927.
0012 0017 0017 0011 0014 0009 0007 0002 -002 -005 -004 -002
0000 0007 0007 0010 0012 0022 0007 -004 -008 -015 -018 -019 0027 1330 -021 1928.
-021 -021 -023 -020 -019 -018 -022 -025 -023 -026 -024 -018
-001 -001 0015 0026 0006 0013 0013 0006 -002 -007 -011 -010 0029 1205 -026 0600.
-011 -011 -003 -003 -011 -009 -025 -024 -018 -016 -015 0005
0019 0030 0052 0072 0098 0078 0102 0082 0042 0020 0009 0006 0126 1514 -025 0251.
0002 -001 -003 -003 -007 -007 -003 -005 -007 -007 -006 -007
0005 0009 0018 0016 -018 0012 -004 -005 -007 -014 -008 -012 0045 1120 -022 1250.
-014 -010 -011 -013 -013 -012 -021 -025 -024 -024 -024 -023
-011 -003 0000 0032 0037 0029 0027 0006 0003 -017 -026 -049 0048 1245 -050 1957.
-045 -064 -065 -081 -065 -066 -071 -075 -070 -055 -053 -042
-013 0022 0045 0147 0161 0090 0091 0068 0026 -025 -048 -047 0171 1235 -084 0003.
-063 -075 -067 -073 -058 -071 -087 -084 -077 -088 -080 -074
-023 0042 0139 0121 0135 0184 0156 0099 0032 -013 -027 -018 0188 1355 -093 0606.
-018 -019 -023 -027 -024 -028 -051 -078 -079 -042 -038 -027
0004 0063 0091 0092 0103 0089 0072 0057 0035 0001 -010 -019 0115 1233 -082 0419.
-048 -076 -066 -081 -060 -086 -073 -055 -088 -089 -095 -071
0005 0083 0159 0157 0219 0207 0159 0124 0077 0015 -029 -042 0235 1238 -107 0718.
-043 -047 -075 -085 -091 -097 -091 -102 -102 -093 -097 -037
0015 0055 0109 0215 0226 0239 0163 0119 0046 0010 -017 -040 0260 1344 -103 0454.
-052 -045 -069 -077 -073 -067 -073 -070 -087 -061 -045 -016
0018 0025 0076 0091 0090 0063 0052 0041 0025 0014 0010 0007 0102 1230 -088 0459.
0006 0001 0001 0002 -004 -002 -003 -002 -003 -001 -004 0002
0017 0032 0044 0053 0042 0050 0037 0043 0028 0014 0006 0007 0060 1210 -004 0048.
0008 0005 0005 0005 0004 0003 0001 0001 -003 0000 -001 0008
0017 0033 0040 0075 0050 0071 0052 0036 0031 0015 0005 0000 0076 1201 -004 0502.
0003 0010 0004 0004 0002 0002 -004 -003 -001 -016 -009 0005
0037 0096 0103 0123 0244 0179 0130 0138 0057 0020 0014 0013 0261 1314 -027 0618.
0011 0007 0009 0006 -018 -008 0001 -017 -037 -052 -057 -025
0042 0097 0190 0224 0287 0253 0216 0188 0101 0057 0009 -005 0298 1303 -062 0646.
-006 -028 -043 -047 -049 -057 -055 -062 -064 -069 -061 -026
0051 0067 0159 0220 0281 0279 0230 0157 0117 0054 0009 -014 0294 1317 -070 0550.
-010 -019 -017 -019 0002 0000 0010 0013 0011 0012 0014 0032
0079 0127 0157 0188 0203 0193 0144 0132 0098 0077 0059 0054 0293 1228 -025 2213.
0049 0041 0039 0037 0039 0032 0035 0031 0030 0034 0034 0048
0063 0077 0098 0138 0191 0199 0189 0175 0137 0091 0068 0058 0213 1353 0028 0440.
0056 0051 0050 0045 0045 0041 0050 0051 0045 0046 0044 0064
0081 0106 0134 0142 0143 0140 0130 0122 0103 0081 0071 0068 0147 1405 0040 0029.
0059 0059 0056 0058 0055 0054 0054 0056 0054 0057 0055 0058
0063 0068 0078 0090 0088 0079 0078 0071 0069 0064 0061 0058 0093 1205 0053 0126.
0056 0058 0062 0055 0062 0058 0052 0056 0056 0061 0058 0064
0077 0090 0086 0105 0129 0144 0146 0144 0116 0084 0066 0070 0160 1522 0052 0300.
0068 0066 0062 0059 0056 0055 0054 0055 0055 0054 0052 0064
0091 0113 0124 0162 0200 0200 0204 0197 0136 0102 0073 0078 0226 1346 0050 0626.
0080 0064 0066 0071 0069 0062 0062 0063 0060 0062 0065 0070
0077 0085 0091 0088 0093 0088 0097 0093 0079 0075 0070 0064 0107 1510 0050 2217.
0063 0061 0059 0059 0060 0057 0057 0059 0058 0052 0051 0052
0056 0065 0062 0072 0066 0071 0062 0059 0058 0048 0045 0043 0080 1348 0043 1950=
=
??????
******
YF
19011










=
JY
8888=
GK
01/
05/=
BZ
10/03/08;14;20

10/24/24
11/=
######
