57461 3042N 11118E 001331 001343 105 000 S14 11111999919199111991 0 2015 08
PC
9909 9911 9910 9910 9905 9899 9902 9899 9899 9901 9904 9905
9907 9910 9908 9907 9900 9893 9886 9884 9886 9893 9912 9903 9913 1858 9878 1616.
9912 9912 9913 9916 9914 9911 9907 9906 9905 9908 9909 9911
9915 9915 9912 9904 9893 9888 9881 9872 9869 9866 9863 9871 9917 0001 9863 1855.
9882 9892 9897 9898 9895 9890 9888 9886 9885 9889 9895 9896
9893 9893 9889 9881 9874 9866 9859 9853 9848 9849 9852 9859 9899 2313 9847 1708.
9871 9878 9883 9885 9883 9881 9881 9880 9881 9885 9887 9889
9889 9889 9887 9883 9877 9871 9861 9853 9847 9847 9857 9865 9890 0852 9845 1725.
9875 9880 9881 9881 9879 9876 9875 9875 9877 9879 9884 9886
9887 9889 9888 9881 9873 9880 9877 9879 9874 9878 9880 9885 9893 0822 9861 1526.
9889 9893 9893 9894 9892 9891 9891 9892 9896 9902 9908 9914
9917 9920 9917 9914 9908 9902 9896 9892 9888 9890 9897 9903 9920 0939 9885 2001.
9909 9918 9922 9924 9929 9931 9931 9932 9934 9938 9942 9948
9951 9950 9946 9940 9935 9928 9923 9917 9917 9918 9924 9931 9951 0818 9903 2001.
9938 9945 9949 9951 9949 9945 9940 9937 9934 9932 9937 9943
9945 9946 9942 9941 9935 9926 9919 9911 9907 9905 9910 9918 9951 2340 9905 1741.
9928 9931 9932 9928 9927 9919 9913 9908 9905 9909 9913 9914
9916 9914 9914 9912 9907 9904 9893 9888 9888 9886 9889 9898 9933 2135 9886 1736.
9905 9914 9913 9915 9912 9910 9908 9904 9904 9910 9913 9914
9916 9914 9912 9910 9906 9901 9897 9895 9896 9896 9901 9911 9916 0019 9895 1544.
9919 9924 9930 9932 9933 9929 9926 9925 9925 9930 9934 9940
9942 9943 9941 9937 9932 9926 9917 9911 9907 9909 9913 9919 9943 0826 9907 1700.
9928 9932 9933 9933 9932 9930 9924 9923 9924 9927 9932 9938
9940 9941 9942 9939 9938 9931 9924 9918 9912 9916 9916 9920 9943 1033 9912 1658.
9927 9937 9940 9936 9935 9930 9926 9918 9917 9921 9925 9927
9927 9926 9922 9916 9909 9902 9893 9884 9880 9880 9884 9890 9940 2232 9879 1712.
9902 9911 9909 9910 9908 9905 9898 9893 9891 9895 9898 9901
9904 9904 9900 9893 9886 9879 9874 9868 9868 9871 9882 9892 9911 2200 9867 1656.
9908 9916 9915 9911 9908 9902 9901 9900 9899 9904 9910 9914
9917 9920 9923 9918 9911 9903 9897 9890 9887 9888 9893 9903 9924 1102 9886 1704.
9914 9919 9922 9921 9918 9912 9910 9910 9909 9911 9914 9918
9920 9920 9921 9917 9914 9908 9901 9897 9895 9896 9900 9907 9923 2302 9894 1650.
9917 9921 9926 9925 9920 9912 9914 9916 9914 9913 9914 9916
9922 9928 9926 9925 9922 9914 9908 9903 9902 9910 9911 9916 9929 1006 9901 1622.
9923 9926 9926 9925 9920 9919 9918 9915 9914 9915 9918 9925
9930 9930 9938 9936 9931 9928 9924 9920 9918 9921 9925 9932 9938 1100 9913 0425.
9941 9945 9947 9948 9948 9943 9941 9943 9943 9947 9954 9957
9960 9964 9966 9966 9966 9960 9956 9956 9957 9956 9958 9962 9968 1136 9932 2001.
9970 9975 9975 9970 9967 9961 9955 9954 9952 9955 9961 9963
9965 9964 9962 9954 9946 9937 9931 9926 9925 9924 9925 9934 9977 2234 9924 1751.
9944 9944 9941 9940 9935 9932 9930 9927 9926 9929 9931 9931
9934 9931 9927 9921 9914 9910 9903 9900 9897 9897 9899 9903 9946 2133 9896 1736.
9910 9914 9917 9916 9915 9911 9909 9911 9907 9910 9916 9915
9914 9913 9908 9901 9894 9888 9883 9880 9879 9882 9886 9891 9918 2253 9878 1641.
9897 9901 9902 9903 9902 9898 9897 9896 9896 9899 9903 9909
9906 9906 9906 9902 9897 9891 9882 9875 9873 9879 9898 9903 9909 0757 9873 1652.
9917 9923 9925 9926 9919 9917 9917 9920 9925 9926 9931 9933
9935 9938 9938 9933 9928 9921 9917 9911 9911 9913 9920 9925 9939 1029 9903 2001.
9933 9941 9941 9943 9941 9938 9941 9945 9944 9949 9953 9956
9958 9957 9954 9949 9943 9939 9931 9930 9929 9932 9935 9943 9959 0912 9925 2001.
9949 9952 9954 9953 9952 9952 9950 9948 9950 9954 9956 9960
9961 9959 9957 9954 9947 9939 9933 9927 9925 9928 9931 9942 9962 0858 9924 1702.
9954 9956 9956 9951 9946 9943 9940 9936 9939 9940 9943 9949
9952 9952 9951 9947 9942 9935 9928 9922 9924 9925 9930 9937 9957 2218 9922 1558.
9945 9950 9951 9952 9948 9943 9939 9937 9936 9938 9941 9944
9946 9945 9945 9939 9933 9924 9915 9910 9908 9909 9912 9925 9953 2358 9906 1722.
9934 9936 9933 9934 9933 9929 9925 9922 9923 9925 9930 9935
9940 9941 9937 9933 9927 9922 9914 9906 9903 9904 9906 9916 9942 0946 9902 1707.
9927 9932 9933 9935 9936 9936 9935 9935 9936 9936 9941 9945
9948 9949 9945 9939 9933 9925 9917 9910 9908 9912 9913 9920 9949 0912 9908 1607.
9930 9938 9940 9941 9942 9940 9938 9938 9935 9938 9942 9945
9945 9949 9948 9942 9935 9927 9918 9915 9913 9926 9930 9935 9949 0949 9913 1632=
0050 0058 0043 0056
0062 0064 0038 0021
0040 0046 0015 0008
0030 0039 0020 0015
0025 0037 0033 0038
0045 0068 0054 0055
0082 0100 0079 0083
0096 0095 0077 0070
0070 0065 0055 0049
0061 0065 0052 0062
0080 0092 0077 0071
0081 0090 0083 0073
0083 0080 0053 0042
0056 0052 0030 0045
0054 0068 0056 0056
0064 0070 0059 0059
0063 0068 0066 0068
0071 0078 0082 0087
0099 0113 0116 0118
0116 0118 0090 0088
0085 0084 0061 0055
0062 0067 0039 0044
0049 0062 0042 0056
0068 0087 0074 0078
0091 0110 0092 0097
0105 0114 0092 0097
0097 0104 0088 0091
0096 0097 0076 0079
0082 0090 0075 0069
0089 0098 0077 0073
0092 0098 0079 0089=
TB
0249 0250 0250 0252 0250 0249 0248 0246 0245 0245 0260 0272
0291 0314 0329 0344 0350 0364 0356 0353 0346 0290 0253 0248 0365 1358 0244 0527.
0243 0247 0250 0249 0248 0245 0244 0242 0241 0242 0250 0267
0285 0306 0325 0339 0355 0368 0372 0368 0367 0355 0350 0334 0373 1448 0241 0430.
0316 0299 0289 0285 0279 0277 0270 0264 0261 0255 0263 0286
0305 0324 0343 0355 0366 0373 0375 0384 0379 0372 0362 0347 0386 1605 0254 0615.
0314 0303 0295 0291 0284 0278 0273 0264 0259 0256 0266 0283
0298 0324 0337 0351 0360 0370 0373 0371 0366 0357 0335 0314 0375 1422 0255 0557.
0302 0300 0292 0288 0280 0278 0274 0271 0269 0268 0272 0272
0279 0285 0295 0308 0317 0245 0235 0239 0245 0250 0252 0244 0325 1308 0233 1530.
0245 0243 0244 0241 0238 0234 0234 0232 0229 0228 0231 0248
0270 0289 0299 0313 0325 0336 0340 0344 0340 0331 0317 0307 0346 1534 0228 0501.
0297 0294 0277 0270 0264 0259 0256 0254 0248 0246 0250 0265
0281 0301 0319 0327 0330 0341 0344 0345 0340 0331 0321 0310 0349 1454 0245 0631.
0302 0290 0281 0274 0271 0270 0266 0260 0257 0254 0260 0268
0283 0300 0315 0323 0332 0329 0342 0339 0345 0340 0326 0312 0347 1521 0253 0539.
0305 0298 0290 0281 0276 0273 0270 0266 0263 0265 0264 0275
0304 0327 0325 0335 0332 0322 0328 0328 0319 0332 0319 0310 0337 1226 0261 0523.
0303 0290 0284 0277 0269 0269 0262 0258 0254 0251 0257 0277
0306 0319 0329 0324 0327 0326 0318 0315 0316 0312 0307 0306 0340 1045 0248 0529.
0288 0286 0286 0279 0277 0271 0265 0259 0255 0247 0253 0266
0290 0308 0313 0323 0329 0329 0336 0336 0332 0321 0313 0307 0341 1522 0247 0553.
0302 0298 0288 0279 0274 0272 0267 0262 0256 0256 0259 0260
0267 0277 0289 0292 0292 0299 0300 0299 0298 0290 0282 0276 0307 2001 0256 0458.
0270 0267 0266 0261 0256 0252 0253 0253 0251 0247 0244 0254
0275 0296 0304 0317 0324 0328 0332 0327 0326 0322 0314 0304 0335 1409 0243 0652.
0298 0291 0286 0278 0272 0266 0263 0260 0257 0254 0259 0275
0282 0289 0308 0315 0317 0332 0338 0330 0311 0307 0278 0254 0339 1457 0254 0600.
0244 0243 0243 0242 0241 0241 0242 0243 0240 0243 0242 0246
0246 0257 0262 0275 0281 0292 0305 0309 0308 0299 0293 0287 0314 1618 0240 0108.
0282 0279 0271 0264 0258 0254 0252 0249 0246 0244 0249 0260
0278 0301 0310 0319 0322 0329 0331 0328 0325 0318 0312 0303 0333 1503 0243 0548.
0297 0279 0273 0269 0265 0263 0261 0260 0256 0254 0255 0262
0269 0286 0294 0294 0302 0311 0311 0309 0306 0303 0299 0292 0317 1414 0253 0552.
0283 0280 0273 0268 0264 0263 0262 0260 0259 0257 0257 0253
0249 0237 0231 0230 0235 0233 0234 0236 0235 0230 0226 0224 0292 2001 0224 1955.
0223 0220 0219 0212 0209 0211 0211 0208 0209 0209 0211 0215
0218 0229 0232 0237 0239 0240 0239 0238 0233 0237 0234 0234 0243 1226 0207 0338.
0230 0229 0229 0226 0226 0226 0222 0222 0221 0220 0222 0229
0234 0245 0258 0276 0291 0306 0310 0305 0303 0301 0289 0282 0316 1449 0219 0606.
0277 0269 0262 0255 0251 0249 0246 0243 0242 0240 0239 0254
0270 0292 0309 0326 0332 0337 0341 0341 0334 0321 0310 0301 0345 1530 0236 0640.
0288 0274 0266 0259 0252 0248 0242 0238 0235 0232 0234 0249
0271 0294 0310 0328 0332 0341 0344 0332 0329 0313 0279 0266 0345 1454 0230 0541.
0262 0257 0257 0254 0254 0251 0249 0245 0240 0235 0238 0253
0274 0291 0310 0327 0337 0343 0337 0338 0332 0323 0267 0257 0346 1424 0233 0608.
0265 0257 0252 0248 0247 0243 0238 0239 0233 0235 0231 0238
0254 0263 0267 0287 0286 0296 0291 0293 0290 0288 0285 0279 0300 1347 0229 0712.
0272 0265 0261 0255 0250 0243 0238 0241 0235 0234 0239 0241
0259 0274 0280 0291 0303 0305 0304 0302 0294 0288 0283 0279 0313 1445 0233 0509.
0274 0268 0261 0253 0247 0245 0242 0236 0232 0232 0235 0246
0253 0274 0283 0291 0296 0299 0298 0302 0304 0293 0290 0224 0308 1529 0220 1938.
0221 0221 0223 0223 0222 0224 0225 0225 0221 0219 0220 0230
0253 0271 0280 0290 0300 0304 0302 0299 0298 0291 0285 0281 0310 1354 0218 0609.
0269 0260 0258 0252 0248 0244 0241 0237 0232 0232 0232 0243
0259 0278 0288 0300 0297 0312 0312 0312 0310 0298 0270 0246 0319 1636 0230 0616.
0233 0229 0228 0225 0225 0223 0218 0217 0216 0213 0221 0230
0250 0270 0289 0306 0315 0321 0324 0325 0322 0310 0299 0293 0329 1436 0212 0555.
0278 0261 0252 0246 0241 0236 0232 0226 0222 0221 0222 0238
0259 0279 0297 0313 0324 0330 0330 0329 0323 0317 0305 0292 0333 1357 0219 0630.
0277 0263 0255 0250 0245 0240 0237 0231 0228 0228 0226 0243
0265 0283 0302 0308 0316 0326 0325 0328 0318 0311 0265 0261 0331 1520 0224 0634=
IB
=
0239 0240 0240 0242 0234 0235 0236 0232 0238 0236 0244 0234
0244 0245 0246 0249 0246 0236 0239 0243 0236 0241 0234 0236.
0218 0229 0229 0228 0225 0231 0232 0232 0232 0228 0225 0228
0232 0243 0237 0245 0244 0229 0229 0236 0225 0214 0223 0225.
0242 0238 0238 0230 0237 0241 0245 0244 0241 0236 0228 0235
0232 0242 0217 0217 0204 0210 0194 0216 0193 0201 0200 0210.
0221 0222 0220 0228 0226 0223 0220 0218 0220 0217 0222 0228
0225 0228 0205 0182 0186 0195 0193 0191 0182 0188 0210 0207.
0207 0208 0214 0216 0218 0223 0228 0227 0223 0220 0226 0232
0239 0243 0239 0242 0235 0216 0216 0222 0229 0229 0225 0223.
0228 0224 0232 0231 0230 0227 0222 0225 0219 0221 0221 0219
0224 0219 0224 0223 0217 0181 0185 0196 0214 0216 0213 0220.
0229 0226 0226 0228 0233 0226 0227 0233 0229 0228 0231 0230
0221 0220 0220 0212 0209 0208 0207 0208 0200 0199 0204 0215.
0210 0220 0221 0219 0214 0220 0227 0223 0220 0221 0221 0222
0213 0211 0211 0218 0214 0208 0209 0220 0201 0207 0205 0211.
0207 0212 0218 0216 0223 0225 0217 0222 0217 0215 0225 0222
0215 0209 0201 0213 0210 0208 0210 0203 0211 0217 0195 0200.
0200 0215 0214 0215 0219 0217 0210 0212 0206 0197 0200 0198
0205 0174 0175 0171 0177 0184 0198 0192 0202 0199 0212 0205.
0211 0211 0203 0212 0217 0214 0219 0220 0222 0218 0203 0202
0205 0192 0196 0189 0190 0187 0189 0189 0189 0197 0203 0206.
0202 0204 0213 0210 0212 0219 0225 0227 0219 0219 0224 0221
0230 0233 0217 0222 0212 0216 0217 0196 0215 0212 0220 0207.
0208 0215 0214 0220 0219 0221 0222 0212 0212 0214 0211 0213
0218 0221 0194 0197 0206 0210 0210 0212 0215 0211 0213 0218.
0228 0235 0237 0240 0241 0241 0240 0231 0232 0236 0232 0241
0238 0245 0235 0233 0224 0220 0222 0221 0232 0228 0232 0231.
0234 0231 0233 0237 0234 0231 0228 0234 0231 0233 0233 0237
0236 0243 0229 0231 0228 0224 0232 0222 0229 0224 0225 0232.
0231 0239 0242 0241 0235 0240 0234 0231 0236 0235 0239 0240
0234 0233 0220 0214 0211 0211 0219 0223 0217 0207 0211 0222.
0219 0228 0229 0225 0228 0236 0236 0237 0231 0233 0237 0235
0234 0237 0236 0234 0241 0240 0221 0211 0217 0225 0210 0204.
0237 0236 0235 0222 0229 0236 0231 0227 0228 0232 0236 0230
0226 0221 0223 0218 0228 0221 0222 0228 0228 0223 0216 0214.
0213 0210 0207 0198 0197 0199 0196 0195 0202 0197 0204 0207
0208 0204 0209 0208 0212 0207 0202 0209 0216 0220 0209 0218.
0209 0215 0217 0218 0219 0214 0215 0210 0209 0215 0217 0221
0213 0220 0221 0212 0213 0208 0187 0210 0200 0185 0209 0200.
0205 0207 0223 0222 0222 0220 0221 0229 0228 0226 0227 0206
0204 0206 0202 0172 0178 0161 0169 0165 0184 0200 0200 0206.
0216 0212 0211 0209 0217 0211 0211 0211 0218 0211 0207 0206
0202 0194 0194 0189 0189 0197 0184 0189 0201 0206 0197 0202.
0203 0203 0198 0204 0206 0212 0220 0222 0221 0212 0209 0216
0207 0205 0223 0203 0186 0179 0201 0202 0200 0196 0172 0171.
0176 0176 0184 0185 0182 0189 0189 0192 0197 0190 0195 0197
0200 0197 0201 0207 0195 0202 0188 0187 0188 0186 0189 0197.
0190 0189 0190 0196 0200 0208 0211 0200 0194 0191 0200 0206
0193 0192 0184 0182 0177 0165 0171 0176 0185 0189 0184 0183.
0187 0194 0200 0199 0202 0210 0207 0199 0196 0198 0196 0207
0206 0207 0195 0208 0202 0199 0201 0202 0206 0205 0193 0205.
0207 0214 0216 0215 0214 0216 0213 0213 0214 0214 0208 0213
0216 0216 0206 0215 0211 0209 0202 0205 0209 0208 0213 0212.
0221 0223 0231 0227 0225 0225 0229 0220 0220 0224 0224 0218
0220 0216 0216 0214 0203 0202 0202 0205 0209 0204 0230 0207.
0188 0201 0201 0202 0199 0200 0201 0198 0199 0203 0207 0205
0198 0201 0204 0196 0181 0197 0182 0176 0180 0200 0190 0184.
0196 0207 0207 0205 0206 0203 0209 0200 0201 0200 0196 0199
0202 0202 0214 0176 0171 0168 0188 0187 0178 0168 0179 0186.
0192 0192 0196 0196 0202 0203 0202 0206 0205 0201 0200 0204
0215 0201 0210 0192 0202 0180 0179 0182 0177 0198 0161 0169=
EA
296 298 298 301 288 290 291 284 295 292 306 289
306 308 310 315 309 292 296 303 292 300 287 291.
261 280 279 277 272 283 284 284 285 278 272 277
284 303 293 307 306 279 279 292 272 254 270 273.
302 295 295 280 293 301 307 306 301 290 277 290
284 302 260 260 239 249 226 257 224 235 234 249.
267 268 264 278 275 269 265 262 264 259 268 277
273 277 241 209 214 226 223 221 209 216 248 244.
245 246 255 257 261 269 277 276 269 264 274 285
297 303 297 302 290 258 258 267 280 279 272 269.
277 270 284 282 280 276 268 273 262 266 266 263
271 263 270 270 259 208 213 228 255 258 252 265.
279 275 275 278 286 274 276 285 279 278 282 280
266 265 265 252 246 246 245 246 234 233 239 256.
249 264 266 263 255 264 275 269 264 266 265 268
254 250 250 261 254 245 247 265 235 245 241 250.
244 252 260 258 270 272 260 268 260 256 272 268
256 247 235 253 249 245 249 239 251 259 227 234.
233 256 255 256 262 259 248 252 243 229 234 230
242 199 200 195 203 211 230 222 237 232 252 242.
249 250 239 252 260 255 263 264 268 261 239 237
240 222 228 218 220 215 218 218 219 230 238 243.
236 239 253 248 252 263 273 275 263 263 271 265
280 286 259 267 251 257 259 228 256 252 264 244.
246 256 254 264 263 266 268 251 252 255 251 253
261 265 226 229 243 249 249 252 256 250 253 260.
277 290 294 299 299 299 298 282 284 292 284 301
294 307 289 287 271 265 268 267 285 278 284 282.
287 282 285 293 288 282 278 289 283 285 287 294
291 304 279 283 278 271 284 268 280 270 273 283.
283 297 301 299 289 298 288 283 291 290 296 299
288 286 265 255 250 250 263 269 259 244 250 268.
263 278 279 273 277 291 291 292 282 285 294 289
287 294 291 287 300 298 267 250 259 272 249 239.
292 291 290 268 279 291 282 276 277 284 291 280
274 267 268 261 278 266 268 277 278 270 258 255.
253 248 244 232 230 233 228 226 237 230 240 244
245 240 247 246 252 245 237 248 257 264 247 262.
247 257 260 260 263 255 257 249 247 256 259 265
253 264 266 251 254 246 216 249 233 213 247 233.
241 245 269 268 268 264 266 279 278 274 276 243
239 243 237 197 203 183 193 187 211 234 234 243.
257 252 251 247 260 250 251 251 261 250 245 242
237 225 225 219 219 230 212 219 235 242 229 237.
238 238 231 240 243 252 264 267 265 252 248 258
244 242 270 237 214 206 235 237 234 227 196 195.
201 201 212 213 208 219 218 222 229 220 226 230
234 229 235 244 227 236 218 216 216 214 218 229.
220 218 220 228 234 246 251 234 226 222 234 243
224 223 212 209 203 188 195 202 213 218 212 210.
215 225 233 232 236 249 245 233 227 230 229 244
242 244 227 246 236 232 235 236 243 240 224 241.
245 255 258 256 254 257 253 253 255 255 246 253
258 258 242 256 250 247 236 240 247 246 253 251.
266 269 282 276 272 272 279 264 264 270 270 261
264 258 257 255 238 236 236 241 247 239 282 244.
217 234 236 237 232 234 235 231 232 238 245 242
231 235 239 228 208 230 209 201 207 234 219 212.
228 243 244 241 243 239 247 233 235 234 227 233
237 237 254 201 195 191 216 215 203 192 205 215.
223 222 228 228 237 239 237 243 241 236 233 240
256 235 249 222 237 207 205 209 202 230 183 193=
UB
94 94 94 94 91 92 93 92 96 95 91 80
76 67 62 58 55 48 51 53 53 75 89 93 43 1349.
86 90 88 88 87 92 93 94 95 92 86 79
73 69 60 58 53 45 44 47 44 44 48 53 42 1429.
65 70 74 72 78 81 86 89 89 89 81 74
65 62 48 45 39 39 35 38 34 37 39 45 34 1645.
58 62 64 69 71 72 73 76 79 79 77 72
65 57 46 37 36 36 35 35 34 37 48 53 32 1337.
57 58 63 65 69 72 76 77 76 75 76 79
79 78 72 68 62 84 89 90 91 88 85 88 53 2001.
90 89 93 94 95 96 93 96 94 96 94 84
76 66 64 59 53 40 40 42 48 51 54 60 36 1445.
67 67 74 78 83 82 84 88 89 90 89 81
70 62 56 51 49 46 45 45 44 46 50 57 42 1442.
58 66 70 72 71 74 79 80 80 82 79 76
66 59 54 54 50 49 46 50 43 46 49 55 41 1626.
56 60 65 68 73 75 73 77 76 74 79 73
59 50 48 49 49 51 50 48 53 51 48 52 46 1248.
54 64 66 69 74 73 73 76 75 72 71 62
55 42 40 40 41 43 49 48 51 51 57 55 37 1048.
63 64 61 67 70 71 76 79 82 84 74 68
60 50 50 45 44 43 42 42 43 48 52 55 41 1346.
55 57 64 66 69 73 78 81 80 80 81 79
80 77 65 66 62 61 61 54 61 63 69 66 53 2001.
69 73 73 78 80 83 83 78 79 82 82 78
71 64 52 49 50 50 49 51 52 52 55 60 47 1207.
66 72 75 80 83 86 87 84 86 90 85 82
77 77 65 62 58 52 51 53 63 63 76 87 49 1440.
94 93 94 97 96 94 92 95 95 94 95 95
94 92 82 77 73 67 65 60 63 64 67 72 57 1515.
74 79 84 87 87 92 90 90 94 95 94 89
77 67 59 54 52 50 52 54 53 52 55 62 48 1517.
63 74 77 77 80 85 86 87 86 88 90 85
81 75 71 70 70 66 59 56 59 63 59 59 54 1528.
76 77 80 76 81 85 83 82 83 86 88 87
87 91 95 93 96 93 93 95 96 96 94 94 59 2004.
94 94 93 92 93 93 91 92 96 93 96 95
94 86 87 84 85 82 80 84 90 90 86 91 77 1419.
88 92 93 95 96 93 96 93 93 97 97 95
88 86 80 68 63 56 48 57 54 50 62 61 42 1453.
65 69 79 82 84 84 86 92 92 92 93 75
67 60 53 40 40 35 36 35 41 49 52 57 32 1523.
65 69 72 74 81 80 83 85 90 88 85 77
66 55 50 44 43 43 39 43 47 53 61 68 37 1348.
70 72 70 74 75 79 84 87 89 87 84 80
67 60 60 48 41 38 45 45 46 47 56 59 34 1349.
58 61 66 68 67 72 74 75 80 76 80 78
72 67 67 62 58 57 54 53 54 54 56 61 51 1745.
61 63 65 70 74 81 85 78 78 77 79 81
67 61 56 52 47 43 45 47 52 55 55 56 42 1348.
59 64 69 72 76 81 81 80 80 81 79 79
75 67 59 61 57 55 56 55 56 59 56 89 52 1311.
92 96 96 95 95 95 93 93 96 97 93 90
80 72 64 64 59 57 55 57 59 61 65 66 51 1547.
75 80 85 86 87 89 93 90 93 95 95 86
79 69 65 60 57 52 52 53 55 57 79 79 47 1408.
76 84 85 87 85 87 90 89 90 94 92 86
73 66 60 52 45 48 43 41 43 52 52 52 36 1532.
61 72 76 78 81 82 87 85 88 88 85 79
71 63 61 44 40 38 43 43 42 41 47 53 31 1342.
60 65 70 72 77 80 81 86 87 85 85 79
74 61 58 50 51 42 42 42 43 51 53 57 38 1443=
N=
H=
C=
V=
R6
0000 0059 0059
0000 0000 0000
0000 0000 0000
0000 0000 0000
0000 0073 0073
0000 0000 0000
0000 0000 0000
0000 0000 0000
0000 0000 0000
0000 0000 0000
0000 0000 0000
0000 0000 0000
0000 0000 0000
0000 0010 0010
0320 0001 0321
0000 0000 0000
0000 0000 0000
0000 0252 0252
0128 0006 0134
0000 0000 0000
0000 0000 0000
0000 0000 0000
0000 0000 0000
0000 0000 0000
0000 0000 0000
0000 0088 0088
0025 0001 0026
0000 0023 0023
0000 0000 0000
0000 0000 0000
0000 0000 0000=
0000 0000 0000 0000 0000 0000 0000 0000 0000 0000 0000 0000
0000 0000 0000 0000 0000 0000 0000 0000 0000 0005 0042 0012.
0000 0000 0000 0000 0000 0000 0000 0000 0000 0000 0000 0000
0000 0000 0000 0000 0000 0000 0000 0000 0000 0000 0000 0000.
0000 0000 0000 0000 0000 0000 0000 0000 0000 0000 0000 0000
0000 0000 0000 0000 0000 0000 0000 0000 0000 0000 0000 0000.
0000 0000 0000 0000 0000 0000 0000 0000 0000 0000 0000 0000
0000 0000 0000 0000 0000 0000 0000 0000 0000 0000 0000 0000.
0000 0000 0000 0000 0000 0000 0000 0000 0000 0000 0000 0000
0000 0000 0000 0000 0000 0017 0035 0016 0005 0000 0000 0000.
0000 0000 0000 0000 0000 0000 0000 0000 0000 0000 0000 0000
0000 0000 0000 0000 0000 0000 0000 0000 0000 0000 0000 0000.
0000 0000 0000 0000 0000 0000 0000 0000 0000 0000 0000 0000
0000 0000 0000 0000 0000 0000 0000 0000 0000 0000 0000 0000.
0000 0000 0000 0000 0000 0000 0000 0000 0000 0000 0000 0000
0000 0000 0000 0000 0000 0000 0000 0000 0000 0000 0000 0000.
0000 0000 0000 0000 0000 0000 0000 0000 0000 0000 0000 0000
0000 0000 0000 0000 0000 0000 0000 0000 0000 0000 0000 0000.
0000 0000 0000 0000 0000 0000 0000 0000 0000 0000 0000 0000
0000 0000 0000 0000 0000 0000 0000 0000 0000 0000 0000 0000.
0000 0000 0000 0000 0000 0000 0000 0000 0000 0000 0000 0000
0000 0000 0000 0000 0000 0000 0000 0000 0000 0000 0000 0000.
0000 0000 0000 0000 0000 0000 0000 0000 0000 0000 0000 0000
0000 0000 0000 0000 0000 0000 0000 0000 0000 0000 0000 0000.
0000 0000 0000 0000 0000 0000 0000 0000 0000 0000 0000 0000
0000 0000 0000 0000 0000 0000 0000 0000 0000 0000 0000 0000.
0000 0000 0000 0000 0000 0000 0000 0000 0000 0000 0000 0000
0000 0000 0000 0000 0000 0000 0000 0000 0000 0000 0000 0010.
0172 0070 0059 0009 0001 0000 0001 0000 0000 0000 0005 0003
0001 0000 0000 0000 0000 0000 0000 0000 0000 0000 0000 0000.
0000 0000 0000 0000 0000 0000 0000 0000 0000 0000 0000 0000
0000 0000 0000 0000 0000 0000 0000 0000 0000 0000 0000 0000.
0000 0000 0000 0000 0000 0000 0000 0000 0000 0000 0000 0000
0000 0000 0000 0000 0000 0000 0000 0000 0000 0000 0000 0000.
0000 0000 0000 0000 0000 0000 0000 0000 0000 0000 0000 0000
0000 0006 0031 0078 0022 0035 0003 0001 0002 0016 0028 0030.
0024 0040 0006 0001 0004 0002 0003 0014 0012 0019 0002 0001
0000 0000 0000 0000 0000 0000 0000 0000 0006 0000 0000 0000.
0000 0000 0000 0000 0000 0000 0000 0000 0000 0000 0000 0000
0000 0000 0000 0000 0000 0000 0000 0000 0000 0000 0000 0000.
0000 0000 0000 0000 0000 0000 0000 0000 0000 0000 0000 0000
0000 0000 0000 0000 0000 0000 0000 0000 0000 0000 0000 0000.
0000 0000 0000 0000 0000 0000 0000 0000 0000 0000 0000 0000
0000 0000 0000 0000 0000 0000 0000 0000 0000 0000 0000 0000.
0000 0000 0000 0000 0000 0000 0000 0000 0000 0000 0000 0000
0000 0000 0000 0000 0000 0000 0000 0000 0000 0000 0000 0000.
0000 0000 0000 0000 0000 0000 0000 0000 0000 0000 0000 0000
0000 0000 0000 0000 0000 0000 0000 0000 0000 0000 0000 0000.
0000 0000 0000 0000 0000 0000 0000 0000 0000 0000 0000 0000
0000 0000 0000 0000 0000 0000 0000 0000 0000 0000 0000 0000.
0000 0000 0000 0000 0000 0000 0000 0000 0000 0000 0000 0000
0000 0000 0000 0000 0000 0000 0000 0000 0000 0000 0000 0088.
0010 0015 0000 0000 0000 0000 0000 0000 0000 0000 0000 0000
0000 0000 0000 0001 0000 0000 0000 0000 0000 0000 0000 0000.
0000 0000 0000 0000 0000 0000 0000 0000 0000 0000 0000 0000
0000 0000 0000 0000 0000 0000 0000 0000 0000 0000 0021 0002.
0000 0000 0000 0000 0000 0000 0000 0000 0000 0000 0000 0000
0000 0000 0000 0000 0000 0000 0000 0000 0000 0000 0000 0000.
0000 0000 0000 0000 0000 0000 0000 0000 0000 0000 0000 0000
0000 0000 0000 0000 0000 0000 0000 0000 0000 0000 0000 0000.
0000 0000 0000 0000 0000 0000 0000 0000 0000 0000 0000 0000
0000 0000 0000 0000 0000 0000 0000 0000 0000 0000 0000 0000=
0000 ////////// 00000=
W=
LA
=
001 001 002 001 002 000 002 000 001 001 001 001
001 000 001 001 001 003 003 005 004 002 015 004 053.
003 002 002 001 002 001 001 001 001 002 000 002
001 000 001 001 000 003 002 004 003 005 003 003 044.
004 002 001 002 003 000 002 002 001 001 002 001
000 001 001 001 002 002 004 003 004 005 003 002 049.
005 002 002 003 002 001 002 001 002 002 001 002
000 001 002 001 002 002 005 004 007 006 004 004 063.
003 002 003 002 002 002 001 002 001 002 001 001
000 002 001 000 002 008 009 004 003 002 001 003 057.
000 002 001 001 002 001 000 001 001 001 000 001
001 001 002 001 000 002 004 002 005 003 004 003 039.
002 002 001 002 001 001 002 002 001 001 001 000
001 002 001 001 002 003 001 003 004 003 004 002 043.
003 001 002 002 001 002 002 001 001 001 002 000
001 001 002 001 001 002 001 002 002 003 002 004 040.
002 001 003 002 001 002 001 001 002 001 001 001
001 000 004 000 003 003 002 002 002 003 003 001 042.
002 002 001 002 001 001 001 001 001 001 001 002
001 001 003 001 004 001 002 003 001 001 001 001 036.
001 004 001 000 002 000 002 001 000 001 001 002
000 001 002 002 002 003 005 004 003 004 004 003 048.
003 002 001 002 001 001 002 001 001 001 001 000
000 002 000 000 002 000 002 003 001 003 002 002 033.
001 002 003 000 001 001 001 001 001 001 000 001
002 002 000 001 003 002 003 004 004 003 004 002 043.
003 003 002 003 000 001 001 003 000 001 001 001
000 001 000 003 001 003 002 002 003 003 004 000 041.
030 012 009 004 003 001 001 001 000 001 001 001
001 000 001 001 000 000 001 002 002 002 001 002 077.
002 001 000 001 001 001 001 001 000 000 002 001
000 001 000 002 000 003 003 003 004 002 003 002 034.
001 003 001 001 001 002 001 001 001 001 001 000
002 000 001 000 002 000 001 002 001 001 001 002 027.
001 001 000 001 002 000 002 001 000 000 001 002
000 000 006 010 004 005 002 001 001 002 007 006 055.
008 009 002 000 003 001 002 003 003 006 001 000
000 002 000 000 000 001 001 000 030 000 001 001 074.
000 001 001 000 000 001 001 000 001 001 000 001
000 000 000 000 002 001 002 001 003 001 003 001 021.
001 002 001 001 001 000 001 001 000 000 001 001
001 000 001 001 002 003 003 004 003 003 004 001 036.
003 001 002 001 002 001 001 001 002 001 000 001
001 000 002 001 002 002 002 003 004 004 003 002 042.
003 004 001 000 002 002 001 001 000 001 001 001
000 001 001 001 002 001 005 003 003 004 005 003 046.
002 002 003 002 002 002 001 002 000 001 001 001
002 001 001 001 001 002 002 003 002 003 002 001 040.
004 001 002 001 001 001 000 001 002 001 000 002
000 002 000 002 001 004 004 003 003 004 002 003 044.
002 001 002 002 001 002 001 001 000 003 000 002
000 001 000 002 000 002 001 002 002 002 003 000 032.
002 005 001 001 001 001 001 000 002 000 000 001
000 001 001 001 002 001 003 001 003 002 001 001 032.
001 002 001 000 002 000 002 000 001 000 001 001
000 001 000 001 001 000 003 002 003 002 002 004 030.
002 002 002 001 002 000 002 001 002 000 001 001
000 001 000 000 002 002 002 004 004 003 002 002 038.
001 002 002 001 002 001 001 001 001 001 001 001
001 001 001 000 001 002 003 003 004 004 002 002 039.
002 002 002 001 001 001 001 002 001 001 001 000
001 001 001 000 001 003 002 003 004 003 004 003 041=
Z=
G=
FN
268013 250012 330007 325006 274007 354007
333011 096005 005012 065009 PPC001 341006
265010 093016 137010 124014 135025 124024
128019 176028 125024 348026 344038 315020.
316012 324009 263006 266006 286010 PPC002
306005 328008 264007 213010 328008 188009
261007 353010 151015 155021 082007 120020
063018 050026 091030 109022 142015 264008.
348011 330010 349007 043005 068010 327009
330008 198008 PPC002 010012 021011 009005
207008 131019 166015 144011 235013 189017
123021 144014 165025 164028 136016 228010.
282012 323013 340010 327011 357005 086005
001010 348009 006010 000006 322008 343008
243012 150012 201015 146017 189024 067021
133029 145035 159046 159045 227025 215020.
252011 319007 315012 345009 311005 059010
321011 360010 327005 001010 191011 001013
041012 193019 165016 130008 173018 274042
235016 292012 158011 098013 124007 207013.
133005 020009 160011 221007 243007 288008
253006 210005 339004 301005 328008 249009
165007 030016 211019 176022 163020 213005
149025 157011 145016 138035 152025 121021.
186005 204007 013009 338007 353008 242009
224007 211008 332009 253006 290008 227012
236011 273014 170018 243016 204018 136014
121015 186027 112031 107022 091028 056014.
119005 349010 334010 358009 334008 PPC001
324012 266010 261011 243012 267008 308005
266016 346011 032030 004015 047013 134026
030013 227009 025022 028016 086020 046022.
010011 352009 263010 237012 316010 248012
253009 295010 281011 297011 267014 296008
283010 018035 024026 109023 019021 098021
041019 043015 091010 044007 017018 030011.
359015 166004 301008 278012 311007 284008
268010 260006 254012 298012 275013 270013
248010 358027 005023 039021 017021 058013
260015 248013 241013 232006 PPC000 078008.
164007 156016 128007 285011 196010 261007
306007 338007 246007 325008 348014 348012
321008 018009 226013 153027 147021 191035
170027 117022 175024 160032 156026 148023.
163014 156010 219007 051006 052009 125009
310004 258008 242004 328008 322004 313007
230007 237007 292013 193013 193021 135010
166025 170029 148024 156023 128011 096024.
078014 052007 076006 049006 014011 324010
327010 236008 PPC002 257009 245009 PPC001
269009 129018 077013 129016 189020 141022
175022 184026 193023 111017 147021 124021.
124018 141020 138017 072010 019005 331010
278012 229006 010010 238006 236010 219011
211009 299009 120020 144020 174026 188030
171031 146020 027015 027017 160037 222026.
319015 283019 275012 266013 279021 291009
266010 256008 316011 258009 283009 343007
321008 272008 284017 265008 189010 174017
140020 191026 173011 163017 154015 157017.
159014 197010 332010 341010 348012 355005
292007 237010 264013 351005 279005 357011
328008 271006 112016 094016 107014 142020
144024 152033 118022 125018 116015 160013.
229007 337013 339010 332010 355007 322010
255011 272008 003010 314012 308004 277008
188007 336013 135009 017007 064008 216007
332008 128011 084016 090005 100009 024007.
345009 307004 344006 355013 337011 255006
001008 335008 317007 278006 249009 288025
275031 276034 224013 293005 300006 262014
277018 283010 280010 296011 258018 298013.
272018 314009 281011 004014 254008 286016
272016 284014 303009 264012 273013 245009
273010 270008 258009 238007 137020 104020
148019 157018 126012 035006 353008 083009.
098012 026003 192007 238006 289004 210008
020008 PPC000 307005 336007 145008 152008
142010 103009 192008 193014 210020 189018
173022 120019 142021 127018 130027 132016.
074008 068009 325008 333011 333008 245006
352005 319009 253008 332012 344009 347013
347010 184012 226020 217022 113019 154025
192027 123020 169018 150025 142015 152008.
330014 323014 261005 332007 062007 230009
266010 319010 199009 244008 312004 319009
332012 083007 275013 094010 126018 163021
108027 145027 125019 027025 046015 343012.
336012 344011 009008 334008 359008 339014
210005 PPC001 PPC001 042007 340006 354006
208009 350010 307010 207009 074020 145012
148032 179033 149021 168026 039026 347009.
108012 328006 342010 274012 301013 034005
338009 123003 PPC001 207007 259005 201004
055006 259013 183011 068013 359012 084021
159023 162036 153032 126022 124015 121010.
100017 135014 098010 321006 071008 029007
009004 096017 163006 021008 042003 325007
178009 207010 350017 207025 165021 162029
163030 191029 161033 187024 162027 176013.
187015 011006 256007 309013 338011 274011
264008 338009 002008 324007 357006 229012
294005 229014 058017 075008 090022 127018
148016 147020 178019 148012 153019 275021.
PPC002 305009 321014 354007 257005 267007
288012 246008 313009 317007 358010 354010
006003 094005 284006 162021 128009 161020
179028 182022 163014 165018 140010 225008.
014008 314013 338007 340008 352007 PPC000
PPC000 349008 PPC000 336006 325004 PPC000
275012 169006 122009 236013 154019 079013
166024 171017 148026 180026 197009 246017.
270015 266012 271018 309015 223004 256007
307009 286007 267009 PPC000 238009 255014
334008 283006 004013 295010 181013 224018
174019 193022 177028 179024 156018 159012.
034003 320015 324010 006006 230005 300008
276012 246010 279009 237009 317009 322016
183010 298004 341008 185018 138015 052010
163028 183029 174034 126024 129013 186008.
342012 317007 334012 242006 204007 003012
005006 273010 354005 PPC002 299008 339009
267008 353004 157015 128030 140022 199014
156025 161020 162021 030035 035026 017015=
283010 265009 326010 281005 272009 327006
308010 076005 007009 031009 325003 340006
227009 138011 165016 101010 115024 151019
119033 153032 124026 001024 354031 318017.
325013 307009 287007 297008 284011 321005
308007 349008 297006 239008 336005 179008
244010 236007 176013 153017 133011 135018
116017 073028 101022 102017 141018 220011.
294009 356009 348008 025004 068007 322008
337007 191004 307005 005010 358011 005007
243009 132013 151018 199017 271014 202017
112022 051014 154022 170028 147016 188009.
316013 317009 345011 329011 352007 091005
010010 345008 040010 023007 321009 349008
227008 113009 169017 187011 179018 084021
123026 145044 165035 158048 241021 219015.
240014 287008 290011 352009 342008 051010
314011 357010 353008 010008 177007 354010
064010 189018 165013 135012 173019 274041
228018 281011 153009 056012 105006 211014.
161007 340007 186009 262008 241008 284007
259008 194006 264005 283007 319008 268007
184009 088014 197018 145012 145016 158011
164021 155018 162023 134029 149028 129016.
098005 185007 359010 351009 339009 244009
227007 239008 358008 237006 279007 222010
248012 296011 179015 239012 222017 185011
127019 189022 108026 121022 102023 076014.
163006 358010 332012 346009 332007 282004
320011 286008 268009 256011 265007 316007
264016 290012 054023 009014 076019 120016
087017 314010 019020 064018 083026 057018.
003013 354010 284009 240011 284007 262013
252010 285013 262012 288013 276006 277012
290009 026034 007029 076022 059033 075022
027023 043018 098017 050010 024016 019016.
009017 007006 338007 279011 294007 278008
262009 290004 259012 297012 281010 269015
151010 027023 035030 038031 015020 054014
265017 247015 251015 221008 209004 085008.
154009 144014 131009 281010 215007 258006
301008 337007 246008 326006 352010 349012
011007 075010 206015 172024 202025 182032
172032 150029 137021 175027 158025 159015.
174016 156010 244004 008007 080008 125010
002004 251007 281006 323009 305006 319009
264004 235008 266009 194014 174013 139012
146022 174027 172020 164023 135011 098018.
105015 076006 111006 016007 346012 327011
318010 211008 307007 243012 249009 226004
243011 140012 069017 089015 160021 139025
178023 184027 184024 134021 146021 122019.
113015 137019 137018 068014 019008 335009
317009 222007 011010 231007 223009 208010
176009 284009 155019 159020 171023 139020
167022 156016 030013 025015 166039 230019.
308013 285018 290010 275013 275017 271009
261010 257011 323009 272009 237008 339008
338010 243005 281015 184007 191010 218015
136018 147019 190020 151017 158020 159015.
170012 171007 336012 331011 330011 351006
289008 211009 276009 025006 304008 341011
333006 241004 140015 088017 145023 127024
177029 160031 116022 126020 112016 155011.
235006 334012 338011 008008 002008 334009
254010 281006 335009 325011 319009 245007
170008 341008 097012 031008 173010 196007
329008 158010 094012 072005 075012 030006.
330010 304006 353006 003010 333011 247003
342007 330009 311005 323007 253007 294018
255024 270025 234017 308011 268012 262014
296014 267009 302012 290016 258016 287016.
272013 282011 303008 030011 254009 281013
272014 277017 294010 270014 260009 243006
297008 245009 258008 239009 117017 108018
151019 147015 119010 037006 334006 093010.
118010 PPC001 208006 216006 280004 222007
017005 PPC002 320007 314007 142004 135008
116010 090009 241007 220015 193016 142015
173021 134023 127022 133018 126024 126018.
086007 066009 332009 336011 334010 255006
354005 306007 241007 325010 350009 346014
342011 218017 218016 224018 116020 146026
194024 153020 159024 157024 147020 156011.
324011 319013 311008 316007 014008 232007
289009 309009 248009 223008 268005 305009
315010 140007 243012 129008 125022 139025
125024 127025 144025 037020 035015 003008.
337013 346012 041008 348008 358008 317007
244008 357004 338003 007007 340007 345009
269009 345013 042009 241007 117021 120017
167028 163028 158023 169019 034035 342012.
124013 036007 342010 250011 298011 053004
001006 077005 157003 193004 266009 188003
143008 270014 201008 016012 333013 139021
146020 158028 174027 132024 127019 145010.
122018 130013 093015 343005 045007 006007
351005 101015 159008 008008 041005 310008
267012 218008 038012 221019 235016 181026
138027 174027 171024 175023 152023 175013.
175014 353006 248008 336010 333010 274011
246005 331009 353012 351006 PPC002 263009
278007 223010 034012 114016 119021 137014
148016 166025 183020 160019 154016 139029.
283008 312013 314013 010006 286007 307009
277013 249008 294007 311008 349010 359011
358006 050007 071010 140016 204013 171018
185025 176021 182015 167016 147011 215008.
007009 333010 326007 348009 346004 323003
PPC000 344004 PPC000 284004 331004 325005
265012 219007 147010 238012 164016 140011
161021 189021 170025 173024 178009 263017.
268019 291009 282012 313013 284006 252007
302006 271007 258010 338004 243009 234012
344010 314009 340009 279014 086013 187018
176019 189024 185026 175025 157021 126011.
055006 326013 309010 358006 298008 273007
260012 240007 275007 250010 325011 325012
134007 327008 313007 159015 096021 092016
165024 179026 167030 130028 133011 166009.
331012 340008 327012 242008 244008 014009
333009 292008 014004 283007 313009 350004
240009 286009 065011 121015 149017 212021
166023 148017 173020 050022 037029 009013=
039055 1841 059085 1456
033091 1512 056094 1504
030171 1727 044156 1720
048156 1759 069150 1803
046277 1353 075278 1348
031145 1858 045133 1850
030107 1703 046062 1655
031084 1846 045094 1846
039097 1209 065000 0952
039031 1156 066062 1118
038172 1513 058125 2007
031135 1517 046119 1514
035181 1530 045153 1306
041163 1902 057142 1901
029223 2010 041230 2006
034177 1452 050176 1445
017342 2231 022326 2230
034237 1025 055201 1016
022134 1307 028125 1258
024185 1519 034130 1627
031170 1735 043119 1629
033154 1646 043079 1756
051032 1834 075031 1828
033189 1645 046147 1702
033162 1507 046156 1500
056344 1936 093167 1945
028144 2001 036283 2027
029170 1646 037119 1722
031172 1636 039167 1745
034185 1549 052193 1646
038028 1816 067006 1808=
DB
0268 0267 0268 0269 0264 0261 0260 0260 0258 0258 0280 0337
0384 0378 0412 0418 0431 0451 0440 0388 0341 0302 0275 0275 0460 1422 0257 0435.
0269 0268 0266 0263 0261 0259 0257 0254 0254 0253 0269 0336
0390 0379 0410 0424 0439 0452 0471 0441 0383 0335 0323 0305 0473 1458 0252 0545.
0299 0291 0285 0280 0275 0270 0267 0262 0259 0258 0273 0351
0407 0392 0416 0438 0447 0469 0492 0465 0403 0358 0320 0305 0495 1503 0257 0524.
0295 0286 0280 0275 0272 0268 0262 0257 0253 0251 0278 0350
0394 0398 0434 0455 0463 0475 0512 0455 0359 0337 0313 0294 0514 1459 0250 0530.
0287 0285 0280 0280 0273 0273 0270 0271 0268 0267 0273 0283
0323 0375 0358 0375 0460 0263 0266 0268 0276 0290 0278 0262 0466 1306 0262 1421.
0257 0253 0252 0252 0248 0245 0243 0240 0235 0233 0249 0321
0373 0369 0398 0419 0416 0454 0442 0437 0382 0331 0302 0285 0454 1359 0233 0518.
0279 0276 0268 0264 0260 0256 0253 0250 0249 0244 0262 0321
0380 0388 0415 0401 0412 0428 0461 0430 0375 0326 0303 0289 0479 1517 0244 0559.
0280 0275 0269 0265 0262 0259 0254 0250 0248 0245 0262 0288
0354 0374 0368 0378 0402 0383 0451 0379 0378 0341 0306 0289 0465 1532 0245 0542.
0280 0273 0266 0262 0262 0257 0253 0251 0249 0251 0270 0317
0416 0395 0356 0420 0376 0337 0372 0332 0337 0337 0293 0279 0437 1157 0247 0518.
0271 0264 0258 0260 0249 0246 0241 0237 0235 0232 0245 0360
0422 0374 0383 0356 0354 0341 0361 0328 0342 0312 0292 0282 0434 1045 0232 0541.
0275 0269 0268 0265 0266 0262 0252 0248 0239 0234 0254 0341
0396 0396 0408 0444 0456 0488 0507 0434 0386 0337 0302 0290 0509 1443 0233 0549.
0286 0279 0270 0265 0266 0265 0260 0260 0257 0255 0268 0269
0295 0322 0360 0356 0340 0345 0365 0342 0354 0307 0282 0267 0399 1525 0254 0547.
0261 0264 0262 0256 0255 0252 0254 0252 0251 0247 0249 0290
0371 0396 0411 0424 0476 0483 0506 0451 0390 0347 0308 0291 0521 1442 0246 0608.
0288 0287 0281 0272 0266 0261 0257 0252 0252 0247 0276 0346
0326 0360 0417 0419 0403 0445 0500 0386 0331 0322 0289 0260 0512 1453 0247 0534.
0258 0256 0257 0258 0256 0258 0257 0258 0256 0256 0258 0267
0266 0284 0302 0314 0333 0355 0421 0404 0354 0309 0290 0281 0433 1511 0248 2033.
0277 0274 0272 0266 0261 0258 0257 0254 0251 0247 0259 0294
0348 0363 0382 0397 0397 0420 0450 0414 0355 0312 0295 0287 0456 1436 0247 0557.
0282 0276 0273 0269 0268 0267 0266 0264 0261 0259 0264 0276
0292 0332 0326 0326 0351 0369 0340 0329 0314 0300 0285 0279 0390 1419 0259 0543.
0277 0274 0272 0266 0265 0264 0264 0262 0262 0262 0262 0259
0257 0250 0251 0247 0257 0258 0255 0256 0256 0247 0244 0241 0279 2001 0240 1956.
0241 0237 0237 0231 0231 0229 0229 0226 0227 0225 0228 0236
0241 0262 0257 0270 0283 0281 0270 0257 0255 0259 0247 0241 0289 1251 0225 0352.
0236 0237 0238 0230 0232 0233 0227 0230 0227 0227 0234 0253
0265 0297 0335 0412 0438 0469 0415 0379 0338 0309 0281 0270 0475 1344 0226 0429.
0268 0265 0259 0257 0253 0252 0250 0248 0247 0244 0244 0268
0334 0397 0448 0493 0516 0505 0484 0431 0383 0324 0290 0280 0525 1338 0238 0629.
0274 0267 0259 0252 0248 0245 0240 0236 0231 0226 0237 0279
0341 0409 0468 0520 0540 0538 0503 0383 0354 0307 0283 0273 0547 1324 0226 0546.
0265 0257 0256 0253 0252 0249 0246 0239 0234 0230 0241 0279
0354 0423 0465 0526 0541 0542 0447 0447 0387 0326 0268 0262 0549 1346 0228 0538.
0260 0253 0248 0248 0241 0238 0232 0233 0231 0229 0238 0263
0334 0366 0333 0445 0477 0484 0361 0402 0342 0297 0275 0265 0504 1333 0227 0441.
0255 0252 0250 0251 0240 0239 0231 0236 0226 0230 0247 0257
0352 0406 0431 0490 0514 0500 0416 0425 0330 0301 0273 0267 0524 1320 0225 0501.
0261 0256 0251 0245 0237 0240 0239 0227 0226 0231 0246 0288
0301 0414 0399 0420 0397 0378 0350 0388 0378 0301 0280 0218 0436 1215 0209 1947.
0229 0229 0231 0229 0229 0231 0229 0230 0221 0218 0230 0258
0349 0386 0425 0432 0431 0421 0404 0339 0336 0291 0274 0268 0458 1327 0215 0524.
0262 0257 0254 0250 0248 0242 0238 0234 0229 0228 0243 0282
0318 0374 0414 0426 0371 0455 0442 0408 0348 0298 0271 0250 0466 1349 0227 0524.
0238 0238 0235 0229 0227 0224 0221 0218 0216 0212 0227 0274
0349 0407 0445 0480 0493 0477 0459 0411 0360 0307 0271 0261 0498 1304 0210 0602.
0252 0247 0241 0238 0232 0226 0225 0221 0215 0215 0228 0278
0360 0420 0464 0493 0496 0490 0464 0412 0359 0302 0265 0258 0500 1302 0213 0526.
0248 0243 0240 0234 0233 0227 0226 0222 0216 0218 0231 0285
0366 0422 0459 0479 0486 0488 0451 0430 0332 0300 0257 0255 0493 1237 0216 0458=
0296 0293 0291 0289 0287 0285 0282 0280 0278 0277 0277 0283
0297 0312 0327 0342 0355 0366 0368 0365 0356 0341 0323 0312.
0305 0300 0295 0291 0288 0285 0282 0279 0277 0275 0274 0279
0294 0310 0325 0340 0354 0365 0370 0369 0363 0351 0340 0330.
0322 0316 0310 0305 0300 0296 0292 0289 0285 0282 0280 0286
0301 0317 0332 0347 0361 0371 0376 0375 0369 0356 0344 0333.
0325 0317 0311 0305 0301 0297 0292 0288 0284 0281 0280 0288
0300 0316 0332 0347 0360 0371 0377 0374 0366 0349 0338 0328.
0319 0313 0308 0304 0301 0297 0295 0293 0291 0289 0288 0288
0294 0307 0318 0330 0342 0337 0313 0303 0298 0298 0298 0292.
0286 0282 0278 0277 0273 0271 0268 0266 0263 0260 0259 0265
0281 0298 0313 0329 0343 0353 0359 0358 0351 0340 0327 0316.
0308 0303 0297 0292 0288 0284 0281 0278 0275 0272 0271 0277
0290 0307 0322 0336 0338 0349 0356 0358 0348 0337 0325 0316.
0309 0303 0298 0294 0291 0287 0283 0280 0277 0274 0274 0277
0288 0302 0318 0323 0327 0332 0337 0342 0338 0330 0321 0312.
0304 0299 0294 0291 0287 0285 0281 0278 0276 0274 0273 0279
0293 0309 0324 0319 0328 0322 0319 0319 0314 0316 0310 0301.
0295 0291 0286 0283 0280 0277 0273 0270 0267 0265 0263 0270
0286 0303 0319 0317 0316 0314 0313 0313 0312 0308 0303 0298.
0292 0289 0286 0284 0282 0280 0278 0274 0271 0267 0265 0271
0285 0302 0317 0331 0349 0362 0370 0368 0357 0344 0330 0319.
0312 0307 0302 0297 0293 0290 0288 0285 0283 0281 0279 0281
0284 0290 0300 0306 0310 0310 0312 0318 0318 0313 0304 0297.
0290 0286 0284 0282 0279 0276 0275 0273 0272 0270 0269 0270
0283 0299 0317 0332 0347 0364 0370 0370 0361 0348 0334 0323.
0314 0309 0304 0300 0296 0292 0288 0284 0281 0279 0278 0286
0295 0300 0314 0334 0340 0352 0359 0351 0338 0330 0320 0310.
0289 0284 0280 0279 0278 0277 0276 0275 0274 0272 0272 0272
0275 0277 0284 0288 0293 0304 0313 0323 0324 0316 0308 0301.
0296 0291 0288 0285 0282 0279 0276 0274 0271 0269 0267 0271
0282 0296 0307 0323 0336 0343 0349 0351 0343 0331 0319 0311.
0304 0299 0295 0291 0288 0285 0284 0282 0279 0277 0276 0277
0282 0288 0299 0301 0305 0311 0316 0314 0311 0306 0301 0296.
0292 0289 0287 0285 0282 0280 0278 0277 0276 0275 0274 0273
0273 0271 0268 0266 0266 0266 0268 0267 0267 0265 0262 0260.
0258 0255 0254 0253 0251 0249 0249 0247 0246 0244 0244 0244
0246 0250 0254 0258 0263 0267 0268 0266 0264 0265 0262 0258.
0255 0253 0251 0249 0247 0247 0245 0244 0242 0241 0242 0245
0251 0260 0272 0294 0319 0333 0339 0331 0322 0311 0300 0290.
0284 0280 0276 0273 0270 0267 0265 0263 0261 0259 0256 0260
0272 0294 0318 0339 0355 0362 0362 0355 0342 0327 0312 0302.
0296 0290 0284 0278 0274 0269 0266 0262 0258 0254 0252 0257
0273 0295 0318 0341 0357 0364 0365 0349 0339 0324 0309 0299.
0291 0285 0280 0276 0273 0271 0268 0265 0261 0257 0255 0260
0276 0298 0321 0343 0359 0365 0366 0355 0342 0328 0309 0295.
0289 0283 0278 0274 0270 0266 0263 0261 0257 0256 0254 0257
0269 0282 0293 0304 0317 0338 0330 0323 0318 0306 0296 0288.
0281 0277 0272 0270 0268 0264 0261 0259 0255 0253 0255 0258
0269 0289 0306 0328 0345 0356 0357 0344 0329 0316 0302 0293.
0287 0283 0278 0274 0271 0267 0265 0262 0258 0256 0256 0263
0270 0286 0302 0313 0320 0320 0313 0321 0316 0308 0297 0252.
0254 0252 0252 0251 0250 0249 0249 0248 0246 0243 0242 0248
0263 0283 0305 0326 0337 0341 0336 0331 0318 0308 0298 0291.
0285 0280 0276 0272 0269 0265 0262 0258 0255 0252 0252 0257
0271 0285 0300 0321 0318 0327 0339 0337 0332 0315 0301 0292.
0282 0274 0269 0264 0260 0256 0252 0249 0246 0243 0242 0247
0262 0284 0308 0329 0346 0355 0355 0348 0334 0320 0304 0293.
0286 0279 0273 0268 0264 0259 0255 0252 0248 0245 0244 0249
0264 0287 0311 0334 0349 0357 0357 0347 0333 0317 0302 0292.
0285 0278 0273 0268 0264 0260 0256 0253 0250 0247 0246 0253
0268 0289 0311 0332 0346 0356 0355 0349 0333 0318 0297 0288=
0307 0304 0301 0299 0297 0295 0292 0290 0288 0286 0285 0285
0289 0295 0304 0314 0325 0334 0341 0344 0343 0339 0331 0322.
0316 0310 0306 0302 0298 0295 0292 0290 0287 0285 0283 0283
0286 0293 0302 0312 0323 0333 0340 0344 0345 0343 0338 0332.
0327 0322 0317 0313 0309 0305 0302 0299 0296 0293 0290 0289
0293 0300 0309 0319 0330 0339 0346 0350 0351 0348 0343 0337.
0331 0325 0320 0315 0311 0307 0303 0300 0296 0293 0290 0290
0294 0300 0309 0320 0330 0339 0347 0351 0351 0346 0339 0333.
0327 0321 0317 0313 0310 0306 0304 0301 0299 0297 0295 0294
0295 0299 0305 0311 0319 0326 0319 0312 0306 0303 0302 0300.
0296 0292 0289 0287 0284 0282 0280 0277 0275 0273 0270 0270
0274 0282 0292 0303 0314 0323 0331 0335 0336 0333 0328 0321.
0315 0310 0305 0301 0298 0294 0291 0288 0285 0282 0280 0280
0283 0291 0300 0311 0318 0324 0330 0335 0336 0332 0327 0321.
0315 0311 0307 0303 0299 0296 0293 0290 0287 0285 0282 0282
0284 0290 0299 0306 0310 0316 0319 0324 0325 0324 0320 0316.
0310 0306 0302 0299 0296 0293 0290 0288 0285 0283 0281 0281
0285 0292 0302 0307 0311 0313 0312 0312 0311 0310 0309 0306.
0301 0298 0294 0291 0289 0286 0283 0281 0278 0276 0273 0273
0277 0286 0295 0302 0305 0305 0305 0306 0306 0305 0303 0300.
0297 0294 0292 0289 0288 0286 0284 0282 0280 0277 0274 0274
0278 0285 0295 0305 0316 0327 0336 0341 0340 0336 0330 0323.
0317 0313 0308 0305 0301 0298 0295 0293 0290 0288 0286 0286
0286 0288 0292 0296 0300 0302 0304 0306 0308 0309 0306 0302.
0297 0293 0291 0288 0286 0284 0282 0280 0279 0278 0276 0275
0278 0284 0294 0305 0316 0327 0335 0341 0342 0338 0333 0326.
0319 0314 0310 0307 0303 0300 0296 0293 0290 0288 0286 0286
0290 0293 0299 0309 0318 0324 0330 0335 0331 0327 0322 0316.
0307 0298 0293 0289 0287 0286 0284 0283 0281 0280 0279 0278
0278 0279 0281 0284 0287 0291 0297 0304 0308 0309 0307 0303.
0300 0296 0293 0291 0289 0286 0284 0282 0280 0278 0276 0275
0277 0283 0291 0299 0309 0317 0323 0328 0329 0326 0320 0315.
0310 0306 0302 0299 0296 0293 0291 0289 0287 0285 0283 0282
0283 0285 0290 0293 0296 0299 0304 0306 0306 0304 0302 0299.
0297 0294 0292 0290 0288 0286 0284 0283 0282 0280 0279 0279
0278 0277 0275 0273 0271 0271 0271 0271 0271 0270 0269 0267.
0265 0263 0262 0260 0259 0258 0257 0255 0254 0253 0252 0251
0252 0252 0255 0257 0259 0263 0265 0266 0265 0265 0265 0263.
0261 0259 0257 0256 0254 0253 0252 0251 0250 0249 0248 0248
0251 0254 0260 0269 0283 0296 0307 0310 0309 0306 0301 0295.
0289 0285 0282 0279 0276 0274 0271 0269 0268 0266 0264 0263
0266 0274 0287 0301 0314 0325 0331 0333 0330 0324 0317 0309.
0303 0298 0293 0288 0284 0280 0277 0274 0270 0267 0264 0263
0267 0276 0289 0303 0317 0328 0334 0335 0331 0324 0315 0308.
0301 0295 0291 0287 0283 0280 0278 0275 0272 0269 0266 0265
0269 0279 0292 0306 0320 0330 0336 0336 0333 0327 0319 0308.
0300 0295 0290 0285 0282 0278 0275 0272 0270 0268 0265 0264
0267 0274 0281 0286 0295 0307 0313 0312 0311 0307 0301 0296.
0291 0286 0282 0279 0277 0274 0271 0269 0266 0264 0262 0263
0265 0274 0283 0295 0309 0321 0328 0328 0325 0318 0310 0302.
0296 0292 0288 0284 0281 0278 0275 0273 0269 0267 0265 0265
0269 0274 0284 0293 0301 0305 0305 0307 0308 0306 0301 0272.
0268 0264 0262 0261 0259 0258 0257 0256 0255 0253 0252 0252
0256 0265 0277 0291 0303 0311 0315 0316 0312 0307 0302 0296.
0291 0287 0283 0280 0277 0274 0271 0268 0266 0263 0261 0261
0265 0271 0280 0292 0300 0303 0311 0317 0318 0314 0307 0300.
0293 0286 0281 0276 0272 0269 0265 0262 0259 0256 0254 0254
0257 0266 0279 0293 0308 0319 0326 0328 0325 0319 0311 0303.
0296 0290 0285 0280 0276 0272 0269 0265 0262 0259 0256 0256
0259 0268 0282 0297 0311 0321 0328 0329 0326 0319 0310 0302.
0296 0290 0285 0280 0276 0272 0269 0266 0263 0260 0258 0258
0262 0271 0283 0297 0310 0321 0328 0329 0327 0319 0309 0299=
0315 0312 0309 0306 0304 0302 0300 0297 0295 0294 0292 0291
0291 0293 0297 0302 0309 0316 0322 0327 0329 0330 0328 0324.
0320 0316 0312 0308 0306 0303 0300 0298 0295 0293 0291 0290
0289 0291 0295 0301 0307 0314 0321 0326 0329 0331 0330 0328.
0326 0323 0320 0317 0314 0311 0308 0305 0303 0300 0298 0296
0295 0297 0301 0307 0313 0320 0327 0332 0335 0336 0335 0333.
0330 0327 0323 0320 0316 0313 0310 0307 0305 0302 0299 0297
0297 0299 0302 0308 0314 0321 0328 0333 0336 0336 0335 0332.
0328 0325 0321 0318 0315 0312 0310 0308 0305 0304 0302 0300
0299 0299 0302 0305 0309 0315 0316 0314 0310 0307 0305 0304.
0302 0299 0297 0295 0292 0290 0289 0286 0284 0282 0280 0279
0279 0281 0285 0291 0299 0306 0312 0318 0321 0322 0322 0319.
0316 0313 0310 0307 0304 0301 0298 0296 0293 0291 0289 0287
0287 0289 0293 0299 0305 0310 0315 0319 0323 0323 0322 0320.
0317 0314 0311 0308 0305 0302 0300 0298 0295 0293 0291 0289
0288 0290 0293 0298 0302 0306 0309 0312 0315 0316 0316 0315.
0312 0309 0306 0304 0301 0299 0297 0295 0293 0291 0289 0288
0287 0290 0294 0299 0302 0305 0306 0307 0307 0307 0307 0306.
0304 0302 0299 0297 0295 0293 0290 0288 0286 0284 0282 0281
0281 0283 0288 0293 0297 0299 0300 0301 0301 0302 0301 0300.
0299 0297 0295 0293 0292 0290 0289 0288 0286 0284 0282 0280
0280 0283 0287 0293 0299 0307 0314 0320 0324 0325 0324 0321.
0318 0314 0311 0308 0305 0303 0300 0298 0296 0294 0293 0291
0290 0290 0291 0293 0296 0298 0299 0301 0303 0304 0304 0303.
0300 0298 0296 0294 0292 0290 0288 0287 0285 0284 0283 0281
0281 0283 0287 0293 0299 0307 0314 0321 0324 0326 0325 0323.
0319 0316 0312 0310 0307 0305 0302 0299 0297 0295 0293 0291
0291 0293 0295 0299 0305 0310 0315 0320 0321 0321 0319 0316.
0313 0307 0302 0298 0295 0293 0292 0290 0288 0287 0286 0285
0284 0284 0284 0285 0286 0288 0291 0295 0299 0302 0302 0302.
0301 0299 0297 0295 0293 0291 0290 0288 0286 0284 0283 0281
0281 0282 0286 0290 0296 0302 0307 0312 0316 0317 0316 0314.
0311 0308 0306 0303 0301 0298 0296 0294 0293 0291 0289 0288
0287 0287 0289 0291 0293 0295 0297 0300 0301 0302 0301 0300.
0299 0297 0295 0294 0292 0291 0290 0288 0287 0286 0285 0284
0283 0282 0281 0280 0278 0277 0276 0276 0275 0275 0274 0273.
0272 0270 0269 0268 0267 0266 0265 0264 0262 0261 0260 0259
0259 0259 0259 0260 0261 0263 0265 0266 0267 0267 0267 0267.
0266 0265 0263 0262 0261 0260 0259 0258 0257 0256 0255 0255
0255 0256 0259 0262 0269 0277 0286 0292 0295 0296 0296 0293.
0290 0288 0285 0283 0281 0279 0277 0275 0273 0272 0270 0269
0269 0271 0276 0284 0293 0301 0308 0313 0315 0315 0312 0308.
0305 0301 0297 0294 0291 0288 0285 0282 0279 0277 0274 0272
0271 0274 0279 0287 0296 0304 0312 0317 0318 0317 0313 0309.
0305 0301 0298 0294 0291 0288 0285 0283 0281 0279 0276 0274
0274 0276 0282 0289 0298 0307 0314 0318 0320 0319 0317 0312.
0306 0302 0298 0294 0291 0288 0285 0282 0280 0278 0275 0273
0273 0275 0278 0282 0286 0292 0298 0302 0303 0303 0301 0298.
0295 0292 0289 0286 0284 0282 0280 0277 0275 0273 0271 0270
0270 0272 0277 0283 0291 0300 0307 0312 0313 0312 0309 0305.
0301 0297 0294 0291 0288 0286 0283 0281 0279 0276 0274 0273
0273 0274 0278 0284 0289 0294 0297 0298 0300 0301 0300 0284.
0280 0276 0273 0271 0269 0268 0266 0265 0264 0263 0261 0260
0261 0263 0269 0276 0284 0292 0298 0301 0302 0302 0300 0297.
0294 0291 0288 0286 0283 0281 0279 0277 0274 0272 0270 0268
0268 0271 0275 0280 0287 0291 0296 0301 0304 0305 0304 0300.
0297 0293 0289 0285 0282 0279 0276 0273 0270 0268 0265 0264
0263 0266 0271 0278 0287 0296 0304 0309 0311 0311 0308 0304.
0300 0296 0292 0288 0285 0282 0279 0276 0273 0270 0268 0266
0265 0268 0273 0281 0290 0299 0306 0311 0313 0312 0309 0304.
0300 0296 0292 0288 0285 0282 0279 0276 0274 0271 0269 0267
0267 0270 0275 0282 0291 0299 0306 0311 0313 0313 0309 0304=
0315 0312 0309 0307 0305 0303 0301 0299 0297 0296 0294 0293
0292 0292 0292 0295 0298 0302 0306 0311 0314 0316 0317 0316.
0315 0313 0310 0308 0306 0303 0301 0299 0297 0296 0294 0292
0291 0290 0291 0293 0297 0301 0305 0309 0313 0316 0318 0318.
0318 0316 0315 0313 0311 0309 0307 0305 0303 0301 0299 0298
0296 0296 0297 0299 0302 0306 0310 0315 0318 0321 0322 0322.
0322 0321 0319 0317 0314 0312 0310 0308 0306 0303 0301 0299
0298 0298 0298 0300 0303 0307 0312 0316 0320 0322 0323 0323.
0321 0320 0318 0316 0314 0311 0310 0308 0306 0304 0303 0301
0300 0299 0299 0300 0302 0305 0307 0308 0307 0305 0304 0303.
0301 0300 0298 0296 0294 0293 0291 0290 0288 0286 0285 0283
0282 0282 0283 0285 0289 0293 0298 0302 0306 0309 0310 0310.
0310 0308 0306 0305 0303 0301 0299 0297 0295 0293 0291 0290
0288 0288 0289 0291 0295 0298 0302 0305 0309 0311 0312 0312.
0311 0309 0308 0306 0304 0302 0300 0298 0296 0295 0293 0291
0290 0289 0290 0292 0294 0297 0299 0302 0304 0306 0307 0307.
0307 0306 0304 0302 0301 0299 0297 0295 0294 0292 0291 0289
0288 0288 0290 0292 0294 0296 0298 0299 0300 0301 0301 0301.
0300 0299 0298 0296 0295 0293 0292 0290 0288 0287 0285 0283
0282 0282 0284 0286 0289 0291 0292 0294 0295 0295 0296 0296.
0295 0295 0293 0292 0291 0290 0289 0288 0287 0285 0284 0282
0281 0281 0283 0285 0289 0293 0299 0303 0307 0310 0312 0311.
0311 0309 0307 0305 0303 0302 0300 0298 0296 0295 0293 0292
0291 0290 0290 0290 0291 0293 0294 0295 0296 0297 0298 0298.
0297 0296 0295 0293 0292 0290 0289 0288 0286 0285 0284 0283
0282 0282 0283 0285 0289 0293 0299 0304 0308 0311 0312 0313.
0312 0310 0308 0307 0305 0303 0301 0299 0297 0296 0294 0292
0291 0291 0291 0293 0296 0299 0303 0306 0309 0310 0310 0310.
0308 0306 0303 0300 0297 0295 0293 0292 0290 0289 0288 0286
0285 0285 0284 0284 0284 0285 0286 0288 0291 0293 0295 0296.
0296 0295 0294 0293 0292 0291 0290 0288 0287 0286 0284 0283
0282 0282 0282 0284 0287 0291 0294 0298 0302 0304 0305 0306.
0305 0304 0302 0301 0299 0297 0296 0294 0293 0292 0290 0289
0288 0287 0287 0288 0289 0290 0291 0293 0294 0295 0296 0296.
0295 0295 0294 0292 0292 0290 0289 0288 0287 0286 0285 0284
0283 0283 0282 0281 0280 0279 0278 0277 0277 0276 0276 0275.
0274 0273 0272 0270 0270 0269 0268 0267 0266 0265 0264 0263
0262 0262 0261 0261 0262 0263 0263 0264 0265 0266 0266 0266.
0266 0265 0265 0264 0263 0262 0261 0261 0260 0259 0258 0258
0257 0257 0258 0259 0262 0266 0271 0276 0280 0283 0285 0285.
0284 0283 0282 0281 0279 0278 0276 0275 0274 0273 0272 0270
0269 0269 0271 0274 0279 0284 0289 0294 0297 0300 0301 0300.
0298 0297 0294 0293 0290 0288 0286 0284 0282 0280 0278 0276
0274 0274 0275 0278 0282 0288 0293 0298 0301 0303 0303 0302.
0300 0298 0296 0294 0291 0289 0287 0285 0283 0282 0280 0278
0276 0276 0277 0281 0285 0290 0296 0300 0303 0305 0306 0305.
0303 0300 0297 0295 0292 0290 0288 0285 0283 0281 0280 0278
0276 0276 0276 0278 0280 0283 0286 0290 0292 0294 0294 0294.
0292 0291 0289 0287 0285 0284 0282 0280 0278 0277 0275 0274
0273 0273 0274 0276 0280 0285 0290 0295 0298 0300 0300 0299.
0297 0295 0293 0291 0289 0287 0285 0283 0282 0280 0278 0276
0275 0275 0276 0278 0281 0284 0287 0289 0290 0292 0293 0289.
0284 0280 0277 0275 0274 0272 0271 0270 0268 0267 0266 0265
0264 0264 0266 0269 0273 0278 0283 0287 0289 0291 0291 0291.
0289 0288 0287 0285 0283 0282 0280 0278 0277 0275 0273 0272
0271 0270 0272 0274 0277 0280 0284 0287 0290 0293 0294 0294.
0292 0291 0288 0286 0284 0281 0279 0277 0275 0273 0271 0269
0267 0267 0268 0271 0275 0281 0286 0291 0295 0297 0298 0297.
0295 0293 0291 0289 0286 0284 0282 0279 0277 0275 0273 0271
0269 0269 0270 0273 0278 0283 0288 0293 0297 0299 0299 0298.
0296 0294 0292 0289 0287 0284 0282 0280 0278 0276 0274 0272
0270 0270 0272 0274 0279 0284 0289 0294 0297 0299 0300 0298=
0274 0274 0274 0274 0274 0273 0273 0273 0273 0272 0272 0272
0272 0272 0271 0271 0271 0271 0271 0271 0272 0272 0272 0272.
0273 0273 0273 0273 0273 0273 0273 0273 0273 0273 0273 0272
0272 0272 0272 0272 0272 0271 0272 0272 0272 0272 0273 0273.
0273 0274 0274 0274 0274 0274 0274 0275 0275 0274 0274 0274
0274 0274 0274 0274 0274 0274 0274 0274 0274 0274 0275 0275.
0275 0276 0276 0276 0276 0276 0276 0276 0276 0276 0276 0276
0275 0275 0275 0275 0275 0275 0275 0275 0275 0275 0276 0276.
0276 0276 0276 0276 0276 0276 0276 0276 0276 0276 0276 0276
0276 0275 0275 0275 0275 0275 0275 0275 0275 0275 0275 0275.
0275 0274 0274 0274 0274 0274 0273 0273 0273 0272 0272 0272
0271 0271 0271 0271 0270 0270 0270 0271 0271 0271 0271 0271.
0272 0272 0272 0272 0272 0272 0272 0272 0272 0272 0272 0271
0271 0271 0271 0271 0271 0271 0271 0271 0271 0271 0272 0272.
0272 0272 0272 0272 0272 0272 0272 0272 0272 0272 0272 0272
0272 0271 0271 0271 0271 0271 0271 0271 0271 0271 0271 0271.
0271 0272 0272 0272 0272 0272 0272 0272 0272 0272 0271 0271
0271 0271 0271 0271 0271 0271 0271 0271 0271 0271 0271 0271.
0271 0271 0271 0271 0271 0271 0271 0271 0271 0271 0270 0270
0270 0270 0269 0269 0269 0269 0269 0269 0269 0269 0269 0270.
0270 0270 0270 0270 0270 0270 0270 0270 0269 0269 0269 0269
0269 0269 0268 0268 0268 0268 0268 0269 0269 0269 0269 0269.
0270 0270 0270 0270 0270 0270 0270 0270 0270 0270 0270 0270
0270 0269 0269 0269 0269 0269 0269 0269 0269 0269 0269 0269.
0269 0269 0269 0269 0269 0269 0269 0268 0268 0268 0268 0268
0267 0267 0267 0267 0267 0267 0267 0268 0268 0268 0268 0269.
0269 0269 0269 0270 0270 0270 0270 0270 0270 0270 0270 0270
0269 0269 0269 0269 0269 0269 0269 0269 0269 0270 0270 0270.
0271 0271 0271 0271 0271 0271 0271 0271 0270 0270 0270 0270
0269 0269 0269 0269 0269 0269 0268 0268 0268 0268 0268 0268.
0268 0268 0269 0269 0269 0269 0268 0269 0268 0268 0268 0268
0268 0268 0268 0268 0268 0268 0268 0268 0268 0268 0269 0269.
0269 0270 0270 0270 0270 0270 0270 0270 0270 0270 0270 0270
0270 0269 0269 0269 0269 0269 0269 0269 0269 0269 0269 0269.
0269 0270 0270 0270 0270 0270 0270 0270 0269 0269 0269 0269
0269 0269 0269 0268 0268 0268 0268 0267 0267 0267 0267 0266.
0266 0266 0265 0265 0265 0264 0264 0264 0263 0263 0263 0262
0262 0262 0261 0261 0261 0261 0260 0260 0260 0260 0260 0259.
0259 0259 0259 0259 0259 0259 0259 0258 0258 0258 0258 0258
0257 0257 0257 0257 0257 0257 0257 0257 0258 0258 0259 0259.
0260 0260 0261 0261 0261 0262 0262 0262 0262 0262 0262 0262
0262 0261 0261 0261 0261 0262 0262 0262 0263 0264 0264 0265.
0266 0266 0267 0267 0267 0267 0267 0267 0267 0267 0267 0267
0266 0266 0266 0265 0265 0265 0265 0266 0266 0267 0267 0268.
0269 0269 0269 0270 0270 0270 0270 0269 0269 0269 0269 0269
0268 0268 0268 0267 0267 0267 0267 0268 0268 0269 0269 0270.
0270 0271 0271 0271 0271 0271 0271 0271 0271 0270 0270 0269
0269 0269 0268 0268 0268 0267 0268 0268 0268 0268 0268 0268.
0269 0269 0269 0269 0269 0269 0268 0268 0268 0268 0268 0267
0267 0267 0266 0266 0266 0266 0266 0266 0266 0267 0267 0268.
0268 0269 0269 0269 0269 0269 0269 0269 0268 0268 0268 0267
0267 0267 0266 0266 0266 0266 0266 0266 0266 0266 0267 0267.
0268 0267 0267 0267 0267 0266 0266 0265 0265 0264 0264 0263
0263 0263 0262 0262 0262 0262 0262 0262 0262 0263 0263 0264.
0264 0264 0265 0265 0265 0265 0265 0265 0265 0265 0264 0264
0264 0264 0263 0263 0263 0263 0263 0263 0264 0264 0265 0265.
0265 0266 0266 0266 0266 0266 0266 0266 0266 0265 0265 0265
0264 0264 0263 0263 0263 0263 0263 0263 0264 0264 0265 0265.
0266 0266 0266 0267 0267 0267 0267 0266 0266 0266 0266 0265
0265 0264 0264 0264 0264 0263 0264 0264 0264 0265 0265 0266.
0266 0267 0267 0267 0267 0267 0267 0267 0266 0266 0266 0265
0265 0265 0264 0264 0264 0264 0264 0264 0264 0265 0265 0266=
KB
0257 0257 0257 0257 0258 0258 0258 0258 0258 0258 0258 0258
0258 0258 0258 0258 0258 0258 0258 0258 0258 0258 0258 0258.
0258 0258 0258 0258 0258 0258 0258 0258 0258 0258 0259 0259
0259 0259 0259 0259 0259 0259 0259 0259 0259 0259 0259 0259.
0259 0259 0259 0259 0259 0259 0259 0259 0259 0259 0259 0259
0259 0259 0259 0259 0259 0259 0260 0260 0260 0260 0260 0260.
0260 0260 0260 0260 0260 0260 0260 0260 0260 0260 0260 0260
0260 0260 0260 0260 0260 0261 0261 0261 0261 0261 0261 0261.
0261 0261 0261 0261 0261 0261 0261 0261 0261 0261 0261 0261
0261 0261 0261 0261 0261 0261 0261 0261 0261 0262 0262 0262.
0261 0261 0261 0262 0262 0262 0262 0262 0262 0262 0262 0262
0262 0262 0262 0262 0262 0262 0262 0262 0261 0261 0261 0261.
0261 0261 0261 0261 0261 0261 0261 0261 0261 0261 0261 0261
0261 0261 0261 0261 0261 0261 0261 0261 0261 0261 0261 0261.
0261 0261 0261 0261 0261 0261 0261 0261 0261 0261 0261 0261
0261 0261 0261 0261 0261 0261 0261 0261 0261 0261 0261 0261.
0261 0261 0261 0261 0261 0261 0261 0261 0261 0261 0261 0261
0261 0261 0261 0261 0261 0261 0261 0261 0261 0261 0261 0261.
0261 0261 0261 0261 0261 0261 0261 0261 0261 0261 0261 0261
0261 0261 0261 0261 0261 0261 0261 0261 0261 0261 0261 0261.
0261 0261 0261 0261 0261 0261 0261 0260 0260 0260 0260 0260
0260 0260 0260 0260 0260 0260 0260 0260 0260 0260 0260 0260.
0260 0260 0260 0260 0260 0260 0260 0260 0260 0260 0260 0260
0260 0260 0260 0260 0260 0260 0260 0260 0260 0260 0260 0260.
0260 0260 0260 0260 0260 0260 0260 0260 0260 0260 0260 0260
0260 0260 0260 0260 0260 0260 0260 0260 0260 0260 0260 0260.
0260 0260 0260 0260 0260 0260 0260 0259 0260 0260 0260 0260
0260 0260 0260 0260 0260 0260 0260 0260 0260 0260 0260 0260.
0260 0260 0260 0260 0260 0260 0260 0260 0260 0260 0260 0260
0260 0260 0260 0260 0260 0260 0260 0260 0260 0260 0260 0260.
0260 0260 0260 0260 0260 0260 0260 0260 0260 0260 0260 0260
0260 0260 0260 0260 0260 0260 0260 0260 0260 0260 0260 0260.
0260 0260 0260 0260 0260 0260 0260 0260 0260 0260 0260 0260
0260 0260 0260 0260 0260 0260 0260 0260 0260 0260 0260 0260.
0260 0260 0260 0260 0260 0260 0260 0260 0260 0261 0260 0260
0260 0260 0260 0260 0260 0260 0260 0260 0260 0260 0260 0260.
0260 0260 0260 0260 0260 0260 0260 0260 0260 0260 0260 0260
0260 0260 0260 0260 0259 0259 0259 0259 0259 0259 0259 0259.
0259 0259 0259 0258 0258 0258 0258 0258 0258 0258 0258 0258
0258 0257 0257 0257 0257 0257 0257 0257 0257 0257 0257 0257.
0257 0256 0256 0256 0256 0256 0256 0256 0256 0256 0256 0256
0256 0256 0256 0256 0256 0256 0256 0256 0256 0256 0256 0256.
0256 0256 0256 0256 0256 0256 0256 0257 0257 0257 0257 0257
0257 0257 0257 0257 0257 0257 0257 0257 0257 0257 0257 0257.
0257 0257 0258 0258 0258 0258 0258 0258 0258 0258 0258 0258
0258 0258 0258 0258 0258 0259 0259 0258 0259 0259 0258 0259.
0259 0259 0259 0259 0259 0259 0259 0259 0259 0259 0259 0259
0259 0259 0259 0259 0259 0259 0259 0259 0259 0259 0259 0259.
0259 0259 0259 0259 0259 0259 0259 0259 0259 0259 0259 0259
0259 0259 0259 0259 0259 0259 0259 0259 0259 0259 0259 0259.
0259 0259 0259 0259 0259 0259 0259 0259 0259 0259 0259 0259
0259 0259 0259 0259 0259 0259 0259 0259 0259 0259 0259 0261.
0260 0259 0259 0259 0259 0259 0259 0259 0259 0259 0259 0259
0259 0259 0259 0259 0259 0259 0259 0259 0259 0259 0259 0258.
0258 0258 0258 0258 0258 0258 0258 0258 0258 0258 0258 0258
0258 0258 0258 0258 0258 0258 0258 0258 0258 0258 0258 0258.
0258 0258 0258 0258 0258 0258 0258 0258 0258 0258 0258 0258
0258 0258 0258 0258 0258 0258 0258 0258 0258 0258 0258 0258.
0258 0258 0258 0258 0258 0258 0258 0258 0258 0258 0258 0258
0258 0258 0258 0258 0258 0258 0258 0258 0258 0258 0258 0258.
0258 0258 0258 0258 0258 0258 0258 0258 0258 0258 0258 0258
0258 0258 0258 0258 0258 0258 0258 0258 0258 0258 0258 0258=
0230 0230 0230 0230 0230 0230 0230 0230 0230 0230 0230 0230
0230 0230 0230 0230 0230 0230 0230 0230 0231 0230 0231 0230.
0231 0231 0231 0231 0231 0231 0231 0231 0231 0231 0231 0231
0231 0231 0231 0231 0231 0231 0231 0231 0231 0231 0231 0231.
0231 0231 0231 0231 0231 0231 0231 0232 0232 0232 0232 0232
0232 0232 0232 0232 0232 0232 0232 0232 0232 0232 0232 0232.
0232 0232 0232 0232 0232 0232 0232 0232 0232 0232 0232 0232
0232 0232 0232 0232 0232 0232 0232 0232 0232 0233 0233 0233.
0233 0233 0233 0233 0233 0233 0233 0233 0233 0233 0233 0233
0233 0233 0233 0233 0233 0233 0233 0233 0233 0233 0233 0233.
0233 0233 0233 0233 0233 0233 0233 0233 0233 0233 0233 0233
0234 0234 0234 0234 0234 0234 0234 0234 0234 0234 0234 0234.
0234 0234 0234 0234 0234 0234 0234 0234 0234 0234 0234 0234
0234 0234 0234 0234 0234 0234 0235 0234 0235 0235 0235 0235.
0234 0235 0235 0235 0235 0235 0235 0235 0235 0235 0235 0235
0235 0235 0235 0235 0235 0235 0235 0235 0235 0235 0235 0235.
0235 0235 0235 0235 0235 0235 0235 0235 0235 0235 0235 0235
0235 0235 0235 0235 0236 0236 0236 0236 0235 0236 0236 0236.
0236 0236 0236 0236 0236 0236 0236 0236 0236 0236 0236 0236
0236 0236 0236 0236 0236 0236 0236 0236 0236 0236 0236 0236.
0236 0236 0236 0236 0236 0236 0236 0236 0236 0236 0236 0236
0236 0236 0236 0236 0236 0236 0236 0236 0236 0236 0236 0236.
0236 0236 0236 0237 0237 0237 0237 0237 0237 0236 0237 0237
0237 0237 0237 0237 0237 0237 0237 0237 0237 0237 0237 0237.
0237 0237 0237 0237 0237 0237 0237 0237 0237 0237 0237 0237
0237 0237 0237 0237 0237 0237 0237 0237 0237 0237 0237 0237.
0237 0237 0237 0237 0237 0237 0237 0237 0237 0237 0237 0237
0237 0237 0237 0237 0237 0237 0237 0237 0237 0237 0237 0237.
0237 0237 0237 0237 0237 0237 0237 0237 0237 0237 0237 0237
0237 0237 0237 0237 0238 0238 0238 0238 0237 0238 0238 0238.
0238 0238 0238 0238 0238 0238 0238 0238 0238 0238 0238 0238
0238 0238 0238 0238 0238 0238 0238 0238 0238 0238 0238 0238.
0238 0238 0238 0238 0238 0238 0238 0238 0238 0238 0238 0238
0238 0238 0238 0238 0238 0238 0238 0238 0238 0238 0238 0238.
0238 0238 0238 0238 0238 0238 0238 0238 0238 0238 0238 0238
0238 0238 0238 0238 0238 0238 0238 0238 0238 0238 0238 0238.
0238 0238 0239 0239 0238 0238 0239 0239 0239 0239 0239 0239
0239 0239 0239 0239 0239 0239 0239 0239 0239 0239 0239 0239.
0239 0239 0239 0239 0239 0239 0239 0239 0239 0239 0239 0239
0239 0239 0239 0239 0239 0239 0239 0239 0239 0239 0239 0239.
0239 0239 0239 0239 0239 0239 0239 0239 0239 0239 0239 0239
0239 0239 0239 0239 0239 0239 0239 0239 0239 0239 0239 0239.
0239 0239 0239 0239 0239 0239 0239 0239 0239 0239 0239 0239
0239 0239 0239 0239 0239 0239 0239 0239 0239 0239 0239 0239.
0239 0239 0239 0239 0239 0239 0239 0239 0239 0239 0239 0239
0239 0239 0239 0239 0239 0239 0239 0239 0239 0239 0239 0239.
0239 0239 0239 0239 0239 0239 0239 0239 0239 0239 0239 0239
0239 0239 0239 0239 0239 0239 0239 0239 0239 0239 0239 0239.
0239 0239 0239 0239 0239 0239 0239 0239 0239 0239 0239 0239
0239 0239 0239 0239 0239 0239 0239 0239 0239 0239 0239 0239.
0239 0239 0239 0239 0239 0239 0239 0239 0239 0239 0239 0239
0239 0239 0239 0239 0239 0239 0239 0239 0239 0239 0239 0239.
0239 0239 0239 0239 0239 0239 0239 0239 0239 0239 0239 0239
0239 0239 0239 0239 0239 0239 0239 0239 0239 0239 0239 0239.
0239 0239 0239 0239 0239 0239 0239 0239 0239 0239 0239 0239
0239 0239 0239 0240 0239 0239 0239 0239 0239 0239 0240 0239.
0239 0240 0239 0240 0239 0239 0239 0239 0239 0239 0239 0239
0239 0240 0240 0240 0239 0240 0239 0240 0240 0240 0239 0239.
0240 0240 0239 0239 0239 0239 0240 0240 0240 0239 0240 0240
0240 0240 0239 0240 0240 0240 0240 0240 0240 0240 0240 0240.
0240 0240 0240 0239 0239 0240 0240 0239 0239 0240 0239 0239
0240 0240 0240 0239 0240 0240 0240 0240 0240 0240 0239 0240=
0198 0198 0198 0198 0198 0198 0198 0198 0198 0198 0198 0198
0198 0198 0198 0199 0198 0198 0199 0199 0199 0198 0199 0199.
0199 0199 0199 0199 0199 0199 0199 0199 0199 0199 0199 0199
0199 0199 0199 0199 0199 0199 0199 0199 0199 0199 0199 0199.
0199 0199 0199 0199 0199 0199 0199 0199 0199 0199 0199 0199
0199 0199 0199 0199 0199 0199 0199 0199 0199 0199 0199 0199.
0199 0199 0199 0199 0199 0199 0199 0199 0199 0199 0199 0199
0199 0199 0199 0199 0200 0200 0200 0200 0200 0200 0200 0200.
0200 0199 0199 0199 0199 0200 0200 0200 0200 0200 0200 0200
0200 0200 0200 0200 0200 0200 0200 0200 0200 0200 0200 0200.
0200 0200 0200 0200 0200 0200 0200 0200 0200 0200 0200 0200
0200 0200 0200 0200 0200 0200 0200 0200 0200 0200 0200 0200.
0200 0200 0200 0200 0200 0200 0200 0200 0200 0200 0200 0200
0200 0201 0200 0201 0201 0201 0201 0201 0201 0201 0201 0200.
0200 0201 0201 0201 0201 0201 0201 0201 0201 0201 0201 0201
0201 0201 0201 0201 0201 0201 0201 0201 0201 0201 0201 0201.
0201 0201 0201 0201 0201 0201 0201 0201 0201 0201 0201 0201
0201 0201 0201 0201 0201 0201 0201 0201 0201 0201 0201 0201.
0201 0201 0201 0201 0201 0201 0201 0201 0201 0201 0201 0201
0202 0202 0201 0202 0202 0202 0202 0202 0202 0202 0202 0202.
0202 0202 0202 0202 0202 0202 0202 0202 0202 0202 0202 0202
0202 0202 0202 0202 0202 0202 0202 0202 0202 0202 0202 0202.
0202 0202 0202 0202 0202 0202 0202 0202 0202 0202 0202 0202
0202 0202 0202 0202 0202 0202 0202 0202 0202 0202 0202 0202.
0202 0202 0202 0202 0202 0202 0202 0202 0202 0202 0202 0202
0203 0203 0203 0203 0203 0203 0203 0203 0203 0203 0203 0203.
0203 0203 0203 0203 0203 0203 0203 0203 0203 0203 0203 0203
0203 0203 0203 0203 0203 0203 0203 0203 0203 0203 0203 0203.
0203 0203 0203 0203 0203 0203 0203 0203 0203 0203 0203 0203
0203 0203 0203 0203 0203 0203 0203 0203 0203 0203 0204 0203.
0203 0203 0204 0204 0204 0204 0204 0204 0203 0204 0203 0204
0204 0204 0204 0204 0204 0204 0204 0204 0204 0204 0204 0204.
0204 0204 0204 0204 0204 0204 0204 0204 0204 0204 0204 0204
0204 0204 0204 0204 0204 0204 0204 0204 0204 0204 0204 0204.
0204 0204 0204 0204 0204 0204 0204 0204 0204 0204 0204 0204
0204 0204 0204 0204 0204 0204 0204 0204 0204 0204 0204 0204.
0204 0205 0204 0204 0204 0204 0204 0204 0204 0204 0205 0204
0205 0205 0205 0205 0205 0205 0205 0205 0205 0205 0205 0205.
0205 0205 0205 0205 0205 0205 0205 0205 0205 0205 0205 0205
0205 0205 0205 0205 0205 0205 0205 0205 0205 0205 0205 0205.
0205 0205 0205 0205 0205 0205 0205 0205 0205 0205 0205 0205
0206 0205 0205 0205 0206 0206 0206 0206 0206 0206 0206 0206.
0205 0206 0205 0206 0206 0206 0206 0206 0206 0206 0206 0206
0206 0206 0206 0206 0206 0206 0206 0206 0206 0206 0206 0206.
0206 0206 0206 0206 0206 0206 0206 0206 0206 0206 0206 0206
0206 0206 0206 0206 0206 0206 0206 0206 0206 0206 0206 0206.
0206 0206 0206 0206 0206 0206 0206 0206 0206 0206 0206 0206
0207 0206 0206 0206 0206 0206 0207 0207 0206 0206 0207 0207.
0207 0207 0207 0207 0206 0207 0207 0207 0207 0207 0207 0207
0207 0207 0207 0207 0207 0207 0207 0207 0207 0207 0207 0207.
0207 0207 0207 0207 0207 0207 0207 0207 0207 0207 0207 0207
0207 0207 0207 0207 0207 0207 0207 0207 0207 0207 0207 0207.
0207 0207 0207 0207 0207 0207 0207 0207 0207 0207 0207 0207
0207 0207 0207 0208 0208 0208 0207 0207 0208 0208 0208 0208.
0208 0208 0207 0208 0208 0208 0208 0208 0207 0208 0208 0208
0208 0208 0208 0208 0208 0208 0208 0208 0208 0208 0208 0208.
0208 0208 0208 0208 0208 0208 0208 0208 0208 0208 0208 0208
0208 0208 0208 0208 0208 0208 0208 0208 0208 0208 0208 0208.
0208 0208 0208 0208 0208 0208 0208 0208 0208 0208 0208 0208
0208 0208 0208 0208 0208 0208 0208 0208 0208 0208 0208 0208.
0208 0208 0208 0208 0208 0209 0208 0209 0208 0209 0209 0209
0209 0209 0209 0209 0209 0209 0209 0209 0209 0209 0209 0209=
A=
SA=
BA
0238 0237 0243 0244 0235 0231 0232 0233 0234 0238 0274 0329
0409 0448 0480 0509 0472 0481 0419 0374 0332 0265 0248 0243 0521 1156 0230 0201.
0232 0232 0229 0231 0230 0227 0225 0224 0225 0226 0256 0314
0397 0443 0482 0503 0514 0484 0443 0416 0364 0324 0314 0284 0514 1300 0223 0341.
0271 0261 0254 0249 0242 0239 0235 0232 0227 0228 0259 0354
0419 0454 0500 0519 0507 0475 0437 0422 0355 0328 0299 0279 0527 1151 0225 0523.
0263 0253 0244 0241 0240 0236 0230 0224 0228 0225 0267 0349
0396 0463 0502 0514 0495 0472 0437 0397 0337 0333 0295 0268 0523 1119 0216 0542.
0262 0260 0253 0258 0248 0251 0248 0252 0249 0249 0258 0279
0324 0384 0366 0378 0482 0236 0228 0244 0249 0272 0253 0227 0496 1305 0226 1424.
0226 0223 0225 0224 0224 0216 0216 0215 0208 0204 0236 0282
0355 0419 0470 0478 0471 0462 0420 0393 0338 0309 0288 0268 0492 1149 0203 0534.
0254 0248 0240 0235 0230 0229 0225 0222 0222 0219 0249 0303
0377 0444 0482 0443 0433 0434 0419 0387 0335 0304 0287 0271 0501 1134 0218 0546.
0260 0250 0240 0237 0234 0232 0227 0223 0221 0220 0250 0281
0353 0405 0382 0386 0426 0378 0423 0353 0331 0312 0291 0272 0478 1307 0219 0545.
0256 0248 0240 0238 0238 0234 0231 0229 0226 0230 0261 0295
0398 0434 0356 0432 0371 0321 0364 0319 0325 0310 0274 0257 0481 1050 0224 0519.
0250 0243 0236 0241 0227 0222 0219 0214 0210 0210 0229 0298
0388 0393 0395 0344 0343 0330 0348 0319 0330 0300 0280 0267 0502 1046 0207 0542.
0263 0254 0254 0250 0253 0249 0238 0228 0219 0209 0244 0299
0368 0438 0459 0479 0482 0435 0428 0386 0337 0304 0280 0270 0495 1120 0209 0600.
0264 0256 0249 0242 0244 0245 0243 0243 0239 0239 0256 0259
0283 0314 0369 0351 0336 0340 0353 0327 0338 0292 0263 0247 0380 1525 0237 0525.
0242 0248 0245 0241 0237 0233 0236 0237 0236 0233 0233 0276
0358 0423 0481 0468 0488 0444 0435 0387 0345 0316 0284 0271 0497 1211 0230 0141.
0266 0270 0267 0254 0246 0237 0235 0231 0231 0227 0262 0322
0327 0372 0445 0430 0388 0416 0438 0355 0308 0306 0274 0244 0478 1145 0226 0533.
0242 0240 0241 0239 0238 0235 0236 0237 0235 0236 0242 0264
0257 0278 0301 0313 0340 0363 0400 0368 0333 0291 0269 0253 0407 1512 0234 0506.
0253 0252 0250 0241 0234 0228 0231 0230 0225 0218 0248 0290
0362 0425 0454 0483 0416 0420 0415 0383 0335 0295 0273 0259 0488 1147 0217 0556.
0254 0244 0242 0243 0240 0242 0244 0244 0236 0235 0249 0271
0296 0365 0340 0341 0368 0384 0347 0330 0309 0293 0270 0259 0408 1023 0235 0557.
0256 0255 0253 0246 0243 0244 0246 0246 0248 0246 0249 0246
0244 0239 0233 0235 0243 0247 0241 0242 0240 0233 0226 0226 0263 1230 0225 1936.
0225 0221 0218 0214 0211 0211 0210 0210 0209 0209 0211 0224
0236 0267 0250 0256 0272 0278 0256 0248 0231 0239 0227 0221 0279 1250 0206 0343.
0217 0219 0224 0210 0219 0218 0211 0214 0210 0212 0223 0242
0250 0293 0333 0401 0397 0402 0361 0340 0314 0294 0271 0260 0442 1227 0209 0451.
0253 0246 0239 0236 0232 0231 0233 0231 0230 0226 0233 0293
0373 0416 0448 0474 0439 0397 0400 0357 0335 0307 0280 0259 0483 1150 0218 0628.
0248 0239 0229 0223 0219 0221 0211 0208 0203 0202 0222 0289
0365 0424 0461 0490 0435 0408 0398 0334 0317 0291 0262 0246 0491 1138 0198 0551.
0235 0229 0230 0228 0228 0227 0224 0217 0210 0205 0230 0292
0358 0420 0435 0475 0439 0412 0369 0361 0334 0306 0249 0233 0480 1129 0203 0611.
0235 0230 0218 0224 0217 0216 0206 0211 0210 0209 0222 0258
0329 0343 0310 0411 0415 0390 0315 0325 0303 0278 0264 0249 0425 1158 0205 0451.
0244 0243 0240 0237 0220 0218 0210 0217 0210 0210 0237 0254
0342 0382 0399 0428 0425 0393 0350 0346 0298 0282 0265 0255 0450 1142 0205 0510.
0251 0241 0231 0225 0220 0221 0221 0206 0206 0211 0234 0284
0290 0382 0371 0370 0352 0335 0317 0332 0331 0284 0270 0210 0392 1009 0201 1951.
0214 0213 0216 0214 0212 0214 0216 0216 0204 0200 0224 0259
0313 0377 0423 0412 0402 0383 0357 0313 0313 0278 0259 0249 0441 1140 0199 0550.
0240 0234 0232 0230 0228 0221 0217 0212 0214 0208 0232 0272
0314 0368 0395 0404 0343 0408 0375 0353 0319 0285 0242 0225 0440 1136 0207 0542.
0206 0208 0206 0204 0207 0206 0202 0194 0198 0193 0219 0259
0307 0387 0428 0446 0434 0419 0380 0350 0322 0293 0260 0242 0448 1158 0191 0525.
0227 0218 0214 0211 0210 0205 0200 0202 0196 0197 0212 0265
0336 0400 0449 0448 0429 0422 0377 0354 0320 0288 0251 0237 0457 1122 0192 0506.
0220 0217 0212 0210 0209 0205 0202 0198 0201 0196 0215 0275
0341 0395 0430 0437 0419 0432 0413 0394 0310 0282 0242 0233 0447 1151 0195 0545=
=
??????
******
YF
19011










20150908=
JY
8888=
GK
01/
05/=
BZ
10/03/08;14;20

10/24/24
11/=
######
