57461 3042N 11118E 001331 001343 105 000 S14 11111999919199111991 0 2015 01
PC
0186 0190 0192 0190 0189 0191 0195 0192 0192 0192 0192 0197
0207 0211 0204 0187 0170 0158 0152 0151 0154 0153 0157 0158 0211 0943 0149 1612.
0161 0159 0157 0154 0148 0145 0140 0132 0122 0116 0117 0121
0126 0134 0131 0124 0112 0106 0105 0108 0113 0113 0116 0117 0162 2134 0103 1418.
0121 0121 0109 0104 0099 0096 0091 0088 0082 0078 0075 0074
0076 0074 0066 0049 0029 0017 0010 0010 0012 0015 0015 0016 0124 2131 0009 1604.
0017 0014 0012 0011 0008 0002 9994 9985 9979 9979 9982 9988
9993 9996 9990 9975 9962 9954 9949 9947 9947 9945 9951 9951 0017 2009 9944 1801.
9954 9957 9957 9955 9955 9951 9949 9948 9949 9952 9962 9969
9980 9988 9988 9985 9982 9985 9988 9995 0003 0012 0023 0033 0033 1958 9947 0338.
0039 0048 0047 0066 0064 0065 0079 0090 0092 0100 0109 0117
0127 0136 0131 0116 0104 0107 0109 0107 0106 0113 0121 0121 0137 1006 0033 2001.
0122 0124 0125 0121 0118 0119 0118 0116 0118 0126 0130 0135
0142 0149 0148 0139 0128 0120 0120 0124 0129 0136 0143 0149 0150 1006 0114 0417.
0153 0160 0163 0168 0169 0168 0167 0165 0168 0171 0169 0179
0180 0188 0181 0170 0155 0148 0146 0146 0146 0147 0150 0154 0189 0947 0145 1502.
0153 0154 0152 0150 0149 0148 0145 0138 0141 0145 0145 0152
0156 0162 0155 0143 0132 0122 0118 0122 0132 0138 0135 0139 0162 0956 0116 1531.
0144 0140 0134 0136 0136 0136 0136 0125 0119 0122 0126 0130
0136 0137 0129 0121 0105 0099 0096 0097 0101 0104 0109 0111 0146 2109 0094 1509.
0112 0110 0108 0108 0105 0104 0104 0104 0100 0104 0108 0118
0128 0134 0130 0120 0107 0098 0095 0100 0108 0114 0121 0128 0134 0958 0095 1439.
0136 0136 0132 0130 0129 0129 0127 0127 0128 0133 0138 0141
0152 0153 0150 0140 0129 0121 0114 0116 0122 0128 0133 0138 0153 0948 0114 1443.
0139 0139 0137 0134 0132 0131 0128 0126 0123 0126 0128 0129
0134 0137 0134 0119 0106 0094 0092 0091 0094 0103 0111 0121 0140 2021 0090 1520.
0125 0125 0129 0128 0125 0124 0127 0124 0120 0124 0134 0137
0145 0152 0152 0141 0124 0112 0110 0106 0109 0114 0118 0120 0154 1024 0106 1546.
0123 0124 0126 0122 0117 0116 0112 0112 0111 0114 0119 0120
0128 0134 0135 0126 0116 0106 0100 0097 0097 0101 0106 0110 0137 1049 0096 1602.
0115 0118 0124 0123 0119 0117 0119 0118 0116 0122 0129 0134
0142 0145 0147 0136 0125 0115 0114 0114 0120 0127 0138 0146 0148 1035 0110 2001.
0149 0153 0156 0158 0154 0157 0158 0158 0156 0162 0171 0178
0177 0180 0176 0167 0155 0141 0126 0121 0118 0123 0130 0134 0184 0921 0116 1633.
0137 0139 0143 0142 0141 0139 0140 0145 0141 0139 0144 0151
0160 0165 0157 0147 0132 0120 0118 0111 0112 0114 0118 0121 0166 0940 0111 1545.
0127 0129 0128 0130 0127 0129 0124 0118 0113 0114 0118 0122
0127 0129 0125 0112 0097 0091 0082 0079 0077 0076 0078 0075 0130 2312 0074 1951.
0077 0077 0074 0072 0068 0064 0060 0053 0051 0051 0056 0057
0062 0066 0062 0050 0034 0025 0021 0021 0029 0037 0049 0060 0079 2205 0021 1447.
0072 0078 0084 0085 0086 0087 0087 0087 0088 0093 0097 0102
0107 0115 0116 0107 0094 0083 0082 0085 0088 0096 0105 0109 0116 1012 0061 2001.
0114 0115 0117 0115 0110 0109 0114 0114 0107 0104 0106 0105
0109 0114 0114 0102 0085 0071 0061 0056 0055 0056 0064 0069 0117 2220 0054 1621.
0071 0071 0071 0066 0057 0050 0044 0040 0036 0035 0037 0041
0041 0042 0042 0030 0013 0000 9994 9991 9991 9993 9995 0001 0072 2152 9990 1608.
0004 0007 0008 0007 0002 9998 9996 9994 9993 9994 0002 0010
0011 0017 0021 0017 0010 0002 0001 0006 0012 0020 0028 0037 0037 1958 9991 0415.
0046 0050 0054 0058 0055 0058 0061 0063 0061 0066 0072 0080
0085 0094 0099 0091 0080 0068 0065 0068 0068 0075 0081 0086 0099 1032 0037 2001.
0092 0096 0096 0092 0089 0082 0077 0075 0071 0070 0075 0078
0086 0088 0087 0083 0070 0058 0050 0049 0049 0056 0065 0076 0099 2235 0046 1618.
0085 0096 0104 0112 0112 0114 0112 0112 0110 0113 0117 0123
0130 0133 0134 0131 0124 0113 0107 0103 0104 0112 0118 0127 0136 1027 0076 2001.
0130 0134 0133 0133 0130 0128 0122 0118 0114 0115 0120 0124
0127 0129 0130 0121 0110 0100 0094 0094 0098 0107 0111 0120 0136 2218 0093 1452.
0129 0135 0137 0136 0137 0136 0137 0139 0139 0139 0146 0150
0155 0160 0165 0161 0151 0142 0137 0134 0134 0140 0148 0151 0167 1115 0120 2001.
0157 0163 0164 0162 0161 0158 0152 0151 0152 0155 0162 0170
0179 0184 0188 0183 0175 0169 0162 0160 0165 0171 0182 0188 0188 1041 0148 0441.
0190 0190 0192 0193 0188 0191 0189 0188 0189 0195 0204 0210
0213 0219 0221 0216 0206 0195 0188 0187 0187 0186 0197 0199 0222 1044 0185 1630=
0358 0366 0325 0327
0312 0288 0273 0285
0263 0242 0182 0182
0166 0153 0117 0114
0112 0131 0147 0196
0228 0283 0272 0288
0287 0303 0286 0317
0336 0348 0315 0322
0314 0319 0287 0306
0301 0297 0263 0277
0269 0284 0263 0294
0293 0307 0286 0304
0296 0295 0259 0288
0290 0305 0279 0288
0283 0287 0273 0277
0283 0302 0280 0313
0323 0346 0308 0302
0305 0318 0285 0287
0294 0288 0256 0241
0228 0222 0187 0224
0251 0268 0247 0275
0274 0272 0236 0236
0215 0207 0165 0166
0161 0174 0166 0202
0223 0246 0234 0252
0248 0244 0223 0242
0280 0290 0281 0296
0297 0294 0270 0291
0308 0322 0313 0323
0329 0341 0339 0359
0361 0381 0366 0370=
TB
0086 0080 0079 0078 0070 0063 0051 0045 0039 0035 0032 0034
0041 0063 0071 0078 0091 0097 0097 0093 0087 0081 0078 0076 0101 1408 0029 0722.
0074 0071 0070 0069 0068 0068 0065 0065 0064 0062 0062 0064
0068 0074 0073 0078 0079 0078 0076 0076 0074 0071 0069 0057 0080 1143 0057 2000.
0052 0061 0058 0046 0039 0034 0032 0031 0036 0030 0024 0028
0035 0054 0078 0090 0102 0111 0121 0122 0114 0102 0093 0085 0125 1511 0024 0700.
0071 0066 0062 0062 0065 0062 0063 0057 0054 0048 0050 0055
0064 0074 0086 0107 0123 0134 0136 0138 0133 0125 0126 0119 0141 1410 0047 0557.
0116 0113 0112 0113 0112 0109 0109 0106 0105 0105 0105 0106
0111 0114 0116 0118 0121 0123 0121 0120 0120 0119 0115 0113 0123 1347 0103 0610.
0112 0108 0107 0106 0113 0118 0117 0085 0083 0077 0072 0061
0058 0054 0063 0070 0066 0065 0066 0067 0067 0066 0064 0063 0123 0028 0053 0949.
0060 0057 0056 0054 0050 0054 0053 0052 0052 0050 0050 0053
0058 0069 0085 0089 0103 0106 0112 0112 0109 0096 0086 0073 0114 1452 0047 0034.
0063 0055 0053 0047 0042 0042 0042 0038 0042 0038 0035 0038
0051 0073 0088 0102 0117 0117 0113 0112 0109 0105 0101 0095 0121 1305 0033 0710.
0087 0086 0082 0081 0075 0069 0064 0056 0058 0060 0060 0060
0066 0082 0105 0116 0127 0143 0140 0135 0130 0120 0106 0098 0145 1408 0055 0405.
0094 0089 0083 0077 0068 0063 0062 0058 0054 0049 0047 0045
0058 0083 0108 0130 0140 0154 0159 0158 0151 0133 0124 0111 0163 1529 0045 0722.
0105 0095 0081 0075 0070 0061 0058 0058 0055 0051 0051 0049
0068 0091 0110 0131 0131 0148 0148 0149 0145 0130 0121 0114 0159 1512 0048 0748.
0107 0098 0091 0087 0082 0083 0080 0079 0080 0078 0078 0077
0087 0099 0110 0116 0121 0124 0129 0127 0122 0117 0112 0107 0131 1444 0077 0556.
0101 0098 0095 0091 0089 0084 0078 0078 0074 0073 0071 0067
0071 0079 0089 0101 0108 0115 0120 0118 0111 0099 0090 0081 0123 1523 0067 0740.
0075 0076 0078 0073 0065 0061 0056 0047 0046 0047 0047 0049
0044 0044 0053 0062 0077 0087 0092 0092 0091 0081 0081 0074 0094 1438 0040 0917.
0066 0061 0058 0053 0052 0054 0050 0053 0052 0053 0055 0059
0063 0065 0066 0070 0078 0082 0087 0089 0088 0084 0080 0076 0089 1525 0050 0253.
0078 0081 0079 0077 0075 0074 0071 0070 0064 0056 0060 0053
0064 0078 0092 0115 0132 0137 0139 0134 0128 0115 0103 0093 0144 1454 0053 0747.
0083 0074 0065 0061 0056 0051 0048 0051 0044 0038 0038 0035
0047 0066 0088 0097 0111 0112 0120 0116 0111 0101 0095 0091 0123 1502 0033 0744.
0084 0085 0083 0080 0076 0076 0072 0071 0067 0066 0063 0057
0067 0083 0099 0117 0127 0137 0142 0143 0136 0123 0114 0106 0145 1607 0057 0758.
0095 0087 0081 0072 0064 0063 0058 0051 0048 0053 0050 0055
0066 0081 0095 0114 0118 0118 0119 0119 0116 0111 0107 0100 0120 1351 0048 0421.
0096 0092 0087 0086 0085 0085 0084 0083 0082 0078 0078 0078
0084 0096 0111 0129 0144 0159 0167 0163 0154 0141 0132 0117 0171 1448 0077 0556.
0102 0095 0088 0078 0074 0071 0066 0065 0065 0056 0053 0055
0075 0095 0119 0137 0147 0154 0153 0149 0142 0129 0118 0109 0159 1423 0052 0632.
0099 0093 0072 0062 0052 0046 0046 0035 0035 0030 0025 0026
0043 0063 0091 0107 0118 0127 0128 0129 0118 0105 0095 0082 0137 1508 0023 0639.
0075 0063 0062 0053 0047 0043 0040 0049 0049 0050 0048 0045
0060 0068 0080 0090 0100 0106 0114 0114 0112 0108 0106 0096 0117 1513 0038 0245.
0096 0096 0094 0091 0090 0090 0088 0087 0087 0085 0084 0085
0088 0088 0090 0090 0094 0094 0093 0094 0093 0094 0092 0091 0098 2010 0083 0724.
0089 0089 0088 0088 0085 0081 0078 0075 0073 0072 0072 0070
0071 0073 0073 0075 0076 0080 0084 0089 0085 0083 0084 0083 0091 2001 0069 0808.
0082 0077 0071 0072 0072 0072 0070 0067 0066 0067 0068 0068
0068 0068 0071 0074 0077 0088 0088 0091 0089 0089 0088 0088 0092 1536 0066 0411.
0085 0082 0071 0069 0069 0069 0068 0069 0069 0068 0065 0065
0061 0055 0052 0052 0049 0044 0041 0040 0037 0033 0027 0025 0089 2020 0024 1949.
0025 0026 0027 0023 0021 0020 0017 0014 0013 0011 0009 0007
0003 0002 0000 0004 0003 0001 0001 0003 0002 0002 0000 0001 0027 2137 -001 1852.
0002 0001 -001 -002 -002 -003 -007 -010 -012 -012 -012 -012
-010 -005 -001 0003 0008 0009 0012 0016 0017 0016 0016 0014 0018 1609 -013 0440.
0014 0014 0013 0014 0016 0016 0014 0012 0014 0013 0012 0016
0022 0028 0035 0042 0045 0045 0048 0047 0044 0042 0039 0037 0049 1453 0012 0344.
0034 0033 0032 0031 0029 0028 0027 0026 0026 0025 0026 0025
0028 0032 0029 0030 0030 0029 0031 0031 0030 0028 0028 0028 0037 2001 0023 0734=
IB
=
-119 -113 -114 -096 -082 -066 -074 -067 -069 -073 -047 -036
-036 -051 -056 -067 -071 -104 -110 -087 -093 -107 -115 -112.
-099 -085 -094 -091 -091 -091 -086 -082 -041 -048 -043 -044
-049 -037 -051 -079 -070 -060 -051 -039 -037 -040 -042 -036.
-029 -018 -016 -012 -019 -030 -025 -013 -002 -012 -018 -001
-005 -006 -002 -014 -003 -016 -004 0003 -001 -003 -003 -005.
0012 0021 0021 0021 0018 0025 0018 0012 0008 0025 0025 0020
0028 0033 0032 0025 0025 0020 0016 0021 0022 0035 0030 0037.
0041 0041 0035 0033 0042 0039 0039 0043 0044 0051 0051 0047
0056 0059 0061 0065 0064 0064 0062 0067 0065 0066 0062 0068.
0073 0079 0070 0077 0056 -004 -029 0010 0012 0009 0006 0014
0021 0031 0026 0027 0029 0029 0023 0010 0008 0011 0017 -004.
-001 -001 0006 0006 0015 0019 0020 0019 0015 0015 0018 0021
0017 0018 0012 0009 0003 0006 0006 0012 0009 0013 0013 0014.
0012 0007 0023 0015 0017 0027 0026 0025 0029 0017 0019 0017
0034 0039 0032 0023 0022 0030 0026 0028 0030 0033 0036 0037.
0035 0036 0035 0041 0046 0046 0044 0034 0040 0040 0040 0042
0049 0044 0051 0039 0042 0037 0020 0030 0047 0059 0056 0050.
0054 0051 0051 0052 0046 0045 0040 0044 0037 0037 0037 0035
0049 0045 0038 0044 0040 0039 0037 0026 0029 0031 0031 0034.
0035 0037 0043 0041 0047 0039 0031 0043 0033 0025 0026 0031
0031 0037 0040 0040 0029 0039 0039 0034 0042 0034 0041 0034.
0037 0046 0047 0047 0048 0049 0051 0045 0051 0042 0054 0053
0056 0051 0047 0048 0033 0039 0027 0026 0000 0002 0003 0010.
0012 0014 0014 0008 0016 0015 0005 0005 0010 0014 0016 0010
0012 0019 0013 0012 0016 0020 0019 0020 0019 0023 0019 0023.
0022 0023 0016 0020 0022 0024 0023 0024 0023 0034 0034 0021
0023 0031 0032 0039 0041 0031 0025 0025 0027 0026 0032 0031.
0032 0034 0026 0028 0024 0024 0027 0028 0027 0023 0023 0027
0026 0026 0034 0034 0037 0038 0039 0037 0040 0042 0042 0042.
0038 0047 0048 0047 0043 0050 0048 0047 0044 0036 0038 0036
0042 0051 0054 0054 0046 0017 0005 0014 0005 0003 0001 0007.
0000 0021 0018 0016 0017 0016 0020 0010 0007 0005 0020 0014
0029 0025 0005 -023 -027 -037 -050 -049 -050 -054 -045 -038.
-025 -030 -021 -012 0001 0001 0006 0005 -001 0001 0004 0005
0012 0005 0010 -001 0001 -004 -003 0005 -001 0010 0008 0003.
0026 0025 0021 0027 0025 0028 0023 0019 0022 0020 0018 0022
0025 0032 0033 0029 0033 0025 0039 0034 0034 0029 0035 0031.
0034 0038 0045 0046 0043 0039 0046 0039 0042 0035 0046 0053
0048 0050 0041 0038 0041 0040 0037 0040 0035 0038 0038 0040.
0046 0047 0044 0042 0045 0044 0041 0033 0040 0034 0036 0037
0039 0037 0012 -011 -051 -051 -036 -034 -055 -066 -061 -069.
-045 -050 -023 -014 -013 -025 -018 -042 -038 -012 -024 -033
-021 -031 -059 -113 -104 -097 -102 -102 -087 -068 -068 -056.
-043 -028 -040 -040 -026 -028 -018 -007 -013 -021 -030 -038
-031 -032 -029 -026 -030 -035 -039 -039 -026 -023 -028 -014.
-006 0005 0013 0008 0007 0014 0015 0009 0007 0027 0035 0033
0038 0024 0030 0034 0034 0034 0033 0036 0039 0042 0052 0053.
0060 0056 0055 0057 0066 0066 0059 0051 0048 0042 0038 0034
0039 0037 0034 0032 0031 0029 0030 0033 0035 0036 0044 0047.
0050 0043 0046 0047 0050 0049 0048 0044 0049 0050 0050 0039
0041 0029 0039 0042 0041 0048 0048 0047 0043 0047 0042 0050.
0045 0046 0051 0058 0055 0057 0061 0062 0062 0059 0053 0038
0036 0030 0019 0017 0019 0016 0013 0017 0017 0015 0012 0010.
0007 -008 -013 -010 -012 -021 -014 -008 -006 -018 -013 -011
-019 -015 -014 -017 -026 -018 -021 -021 -014 -009 -011 -012.
-017 -020 -028 -036 -031 -025 -023 -023 -028 -023 -028 -023
-023 -021 -022 -018 -021 -022 -015 -010 -009 -006 -005 -012.
-013 -012 -006 -012 -006 -011 -008 -014 -013 -011 -009 0000
0001 0005 0000 0000 -007 -033 -019 -031 -031 -033 -046 -047.
-045 -044 -036 -030 -030 -033 -028 -031 -023 -040 -063 -069
-069 -060 -060 -054 -054 -057 -058 -061 -052 -053 -053 -058=
EA
025 026 026 030 033 037 035 037 036 035 043 047
047 042 040 037 036 028 026 032 030 027 025 026.
029 032 030 031 031 031 032 033 045 043 045 044
042 046 042 034 036 039 042 046 046 045 045 047.
050 054 054 056 053 049 051 056 060 056 054 060
059 058 060 055 060 054 059 062 061 060 060 059.
067 071 071 071 070 073 070 067 065 073 073 070
075 077 077 073 073 071 068 071 072 078 076 079.
082 082 078 078 082 081 081 083 084 088 088 086
091 093 094 097 096 096 095 098 097 097 095 099.
102 106 100 105 091 059 049 065 067 065 064 068
071 076 073 074 075 075 072 066 065 066 069 059.
061 060 064 064 068 070 070 070 068 068 070 071
069 070 067 065 063 064 064 066 065 067 067 067.
067 064 072 068 069 074 073 073 075 069 070 069
078 081 077 072 071 076 074 074 076 077 079 080.
079 079 078 082 085 085 084 078 081 081 081 082
087 084 088 081 082 080 070 076 085 093 091 087.
090 088 088 088 085 084 081 084 080 080 079 078
087 084 080 084 081 080 079 074 075 076 076 078.
079 080 083 082 085 081 076 083 078 073 074 076
076 080 081 081 075 081 081 078 083 078 082 078.
080 085 085 085 086 086 088 084 088 082 090 089
091 088 085 086 078 081 074 073 061 062 062 066.
067 068 068 065 068 068 063 063 066 067 069 066
067 070 067 067 069 071 070 071 070 072 070 072.
071 072 069 071 072 072 072 073 072 078 078 071
072 076 077 081 082 076 073 073 074 073 077 076.
077 078 074 075 072 073 074 075 074 072 072 074
073 074 078 078 079 080 081 080 081 083 083 082.
080 085 086 085 083 087 086 085 084 079 080 079
083 088 090 089 085 069 063 068 064 062 061 064.
061 071 070 069 069 068 070 066 064 063 071 067
075 073 063 052 050 047 042 042 042 041 044 046.
051 049 053 056 062 062 064 064 061 061 063 063
067 063 066 060 062 060 060 064 061 066 065 063.
074 073 071 074 073 074 072 070 071 070 070 071
073 077 077 075 077 073 081 078 078 075 078 076.
078 080 084 085 083 081 085 081 083 078 085 089
086 087 082 080 082 081 080 081 079 080 080 081.
085 085 084 082 084 084 082 077 081 078 079 079
081 080 067 056 042 042 047 047 040 037 039 036.
044 042 052 055 056 051 053 045 046 056 051 048
052 049 039 026 028 029 028 028 032 037 037 040.
045 050 045 045 050 050 054 058 055 052 049 046
049 048 049 050 049 047 046 046 051 052 050 055.
059 063 067 065 064 068 068 065 064 074 078 078
080 072 076 078 078 078 077 079 081 083 088 089.
093 091 091 092 098 097 093 088 086 082 080 078
081 080 078 077 076 075 076 077 079 079 084 085.
087 083 085 085 087 086 086 083 087 087 087 081
082 075 081 082 082 086 086 085 083 085 083 087.
084 085 088 092 090 091 094 094 094 093 089 080
079 076 070 069 070 069 067 069 069 068 067 066.
064 057 056 057 056 052 055 057 058 054 055 057
053 055 055 054 051 054 052 052 055 057 056 056.
054 053 050 047 049 051 052 052 050 051 050 051
052 052 052 054 052 052 055 057 057 058 059 056.
055 056 058 056 058 056 057 055 055 056 057 061
062 063 061 061 058 048 053 049 048 048 044 043.
044 044 047 049 049 048 050 049 052 045 038 037
037 039 039 041 041 040 040 039 042 041 041 040=
UB
22 24 24 28 33 39 40 44 45 45 56 60
57 44 40 35 31 23 22 27 27 25 24 25 20 2004.
28 32 30 31 31 31 33 34 47 45 47 46
43 45 41 32 34 37 40 44 45 45 45 51 24 2001.
56 57 59 66 66 63 66 73 76 74 74 81
75 65 57 48 48 41 42 44 45 48 51 53 39 1413.
66 73 75 75 72 77 73 73 72 85 84 78
78 75 69 57 51 46 44 45 47 54 52 57 42 1350.
60 61 59 58 62 62 62 65 66 69 69 67
69 69 69 70 68 67 67 70 69 70 70 74 55 2003.
77 82 78 82 68 43 36 59 61 62 63 72
77 85 77 74 77 78 74 67 66 68 72 62 34 0302.
65 66 70 71 78 78 79 79 77 78 80 80
75 70 60 57 50 50 48 50 50 56 60 66 46 1454.
70 71 81 80 84 90 89 91 91 86 89 86
89 79 68 58 52 55 55 56 58 61 64 67 51 1306.
70 71 72 76 82 85 87 86 88 87 87 88
89 77 69 59 56 49 44 49 57 66 71 72 39 1436.
76 77 80 84 86 88 86 91 89 92 93 93
94 77 62 56 51 46 44 41 44 50 53 59 37 1613.
62 67 77 79 85 86 83 90 86 83 84 88
77 69 62 54 50 48 48 46 50 52 58 58 42 1513.
62 70 74 76 79 79 82 79 82 78 85 85
81 72 65 63 55 56 50 50 43 45 47 51 43 1700.
54 56 57 56 60 62 60 60 64 66 68 67
66 66 59 54 53 52 50 51 53 59 61 67 46 1512.
69 69 65 69 74 77 79 85 85 91 91 82
86 91 86 85 78 68 63 63 64 68 71 74 62 1440.
79 83 80 84 82 81 85 84 84 81 80 80
77 76 80 78 75 74 72 70 72 75 77 79 69 1605.
76 79 81 81 80 85 85 85 87 87 86 89
86 83 77 66 56 44 40 44 43 46 49 55 40 1426.
56 69 72 73 76 78 82 75 77 79 88 86
88 75 56 43 38 35 30 31 32 33 37 40 29 1505.
46 44 48 52 59 59 63 63 62 63 66 69
68 58 54 44 42 38 37 39 39 46 48 49 36 1425.
62 65 66 73 76 78 78 80 83 79 80 79
75 71 65 56 56 53 58 56 57 57 61 62 49 2001.
65 69 75 76 75 73 77 74 76 74 80 84
78 73 62 54 50 45 42 44 45 50 53 59 39 1518.
68 72 74 78 82 83 84 80 84 86 89 88
78 67 48 36 25 24 27 28 25 25 28 28 22 1424.
36 36 51 58 63 60 63 57 59 74 70 65
63 51 34 20 20 20 19 19 23 29 31 37 18 1153.
43 52 48 51 59 60 66 67 64 60 57 55
52 49 46 44 40 37 34 34 38 40 39 46 32 1417.
49 53 57 56 56 59 60 58 57 67 71 70
71 64 66 68 66 66 66 67 69 70 76 77 44 2001.
82 80 80 81 88 90 88 85 84 81 79 78
80 78 76 74 73 70 69 68 71 72 76 78 66 1522.
80 79 84 84 86 85 86 85 89 89 88 82
83 76 80 80 78 76 76 74 73 75 73 77 72 1543.
76 78 87 93 91 92 95 95 95 94 92 83
84 84 79 78 81 82 82 85 87 88 90 90 72 2032.
88 78 75 79 79 74 80 85 87 81 85 88
85 88 90 86 81 87 85 84 89 92 92 91 73 0154.
87 86 82 78 81 85 89 91 89 92 89 92
91 89 86 86 81 80 82 83 83 85 86 83 76 0037.
82 83 87 83 85 82 85 83 82 84 86 89
86 85 78 74 69 57 62 57 58 58 54 54 52 1910.
56 57 61 64 65 64 67 66 70 62 52 50
49 51 52 54 54 53 52 51 55 55 55 53 46 0836=
N=
H=
C=
V=
R6
0000 0000 0000
0000 0000 0000
0000 0000 0000
0000 0000 0000
0000 0000 0000
0000 0021 0021
0000 0000 0000
0000 0000 0000
0000 0000 0000
0000 0000 0000
0000 0000 0000
0000 0000 0000
0000 0000 0000
0000 0000 0000
0000 0000 0000
0000 0000 0000
0000 0000 0000
0000 0000 0000
0000 0000 0000
0000 0000 0000
0000 0000 0000
0000 0000 0000
0000 0000 0000
0000 0000 0000
0000 0000 0000
0000 0000 0000
0033 0036 0069
0006 0003 0009
0001 0036 0037
0008 0018 0026
0000 0000 0000=
0000 0000 0000 0000 0000 0000 0000 0000 0000 0000 0000 0000
0000 0000 0000 0000 0000 0000 0000 0000 0000 0000 0000 0000.
0000 0000 0000 0000 0000 0000 0000 0000 0000 0000 0000 0000
0000 0000 0000 0000 0000 0000 0000 0000 0000 0000 0000 0000.
0000 0000 0000 0000 0000 0000 0000 0000 0000 0000 0000 0000
0000 0000 0000 0000 0000 0000 0000 0000 0000 0000 0000 0000.
0000 0000 0000 0000 0000 0000 0000 0000 0000 0000 0000 0000
0000 0000 0000 0000 0000 0000 0000 0000 0000 0000 0000 0000.
0000 0000 0000 0000 0000 0000 0000 0000 0000 0000 0000 0000
0000 0000 0000 0000 0000 0000 0000 0000 0000 0000 0000 0000.
0000 0000 0000 0000 0000 0000 0000 0000 0000 0000 0000 0000
0002 0014 0005 0000 0000 0000 0000 0000 0000 0000 0000 0000.
0000 0000 0000 0000 0000 0000 0000 0000 0000 0000 0000 0000
0000 0000 0000 0000 0000 0000 0000 0000 0000 0000 0000 0000.
0000 0000 0000 0000 0000 0000 0000 0000 0000 0000 0000 0000
0000 0000 0000 0000 0000 0000 0000 0000 0000 0000 0000 0000.
0000 0000 0000 0000 0000 0000 0000 0000 0000 0000 0000 0000
0000 0000 0000 0000 0000 0000 0000 0000 0000 0000 0000 0000.
0000 0000 0000 0000 0000 0000 0000 0000 0000 0000 0000 0000
0000 0000 0000 0000 0000 0000 0000 0000 0000 0000 0000 0000.
0000 0000 0000 0000 0000 0000 0000 0000 0000 0000 0000 0000
0000 0000 0000 0000 0000 0000 0000 0000 0000 0000 0000 0000.
0000 0000 0000 0000 0000 0000 0000 0000 0000 0000 0000 0000
0000 0000 0000 0000 0000 0000 0000 0000 0000 0000 0000 0000.
0000 0000 0000 0000 0000 0000 0000 0000 0000 0000 0000 0000
0000 0000 0000 0000 0000 0000 0000 0000 0000 0000 0000 0000.
0000 0000 0000 0000 0000 0000 0000 0000 0000 0000 0000 0000
0000 0000 0000 0000 0000 0000 0000 0000 0000 0000 0000 0000.
0000 0000 0000 0000 0000 0000 0000 0000 0000 0000 0000 0000
0000 0000 0000 0000 0000 0000 0000 0000 0000 0000 0000 0000.
0000 0000 0000 0000 0000 0000 0000 0000 0000 0000 0000 0000
0000 0000 0000 0000 0000 0000 0000 0000 0000 0000 0000 0000.
0000 0000 0000 0000 0000 0000 0000 0000 0000 0000 0000 0000
0000 0000 0000 0000 0000 0000 0000 0000 0000 0000 0000 0000.
0000 0000 0000 0000 0000 0000 0000 0000 0000 0000 0000 0000
0000 0000 0000 0000 0000 0000 0000 0000 0000 0000 0000 0000.
0000 0000 0000 0000 0000 0000 0000 0000 0000 0000 0000 0000
0000 0000 0000 0000 0000 0000 0000 0000 0000 0000 0000 0000.
0000 0000 0000 0000 0000 0000 0000 0000 0000 0000 0000 0000
0000 0000 0000 0000 0000 0000 0000 0000 0000 0000 0000 0000.
0000 0000 0000 0000 0000 0000 0000 0000 0000 0000 0000 0000
0000 0000 0000 0000 0000 0000 0000 0000 0000 0000 0000 0000.
0000 0000 0000 0000 0000 0000 0000 0000 0000 0000 0000 0000
0000 0000 0000 0000 0000 0000 0000 0000 0000 0000 0000 0000.
0000 0000 0000 0000 0000 0000 0000 0000 0000 0000 0000 0000
0000 0000 0000 0000 0000 0000 0000 0000 0000 0000 0000 0000.
0000 0000 0000 0000 0000 0000 0000 0000 0000 0000 0000 0000
0000 0000 0000 0000 0000 0000 0000 0000 0000 0000 0000 0000.
0000 0000 0000 0000 0000 0000 0000 0000 0000 0000 0000 0000
0000 0000 0000 0000 0000 0000 0000 0000 0000 0000 0000 0000.
0000 0000 0000 0000 0000 0000 0000 0000 0000 0000 0000 0000
0000 0000 0000 0000 0000 0000 0000 0000 0000 0000 0000 0000.
0000 0000 0010 0012 0004 0002 0003 0001 0001 0000 0000 0000
0000 0000 0000 0000 0003 0006 0003 0004 0003 0008 0007 0002.
0001 0000 0000 0001 0001 0000 0000 0000 0001 0000 0001 0001
0000 0000 0000 0000 0000 0000 0000 0001 0001 0000 0000 0001.
0000 0000 0000 0000 0000 0000 0000 0000 0000 0000 0000 0001
0000 0000 0000 0001 0005 0008 0006 0005 0005 0002 0002 0002.
0001 0001 0001 0001 0001 0000 0001 0000 0001 0000 0001 0000
0002 0003 0006 0005 0002 0000 0000 0000 0000 0000 0000 0000.
0000 0000 0000 0000 0000 0000 0000 0000 0000 0000 0000 0000
0000 0000 0000 0000 0000 0000 0000 0000 0000 0000 0000 0000=
0000 ////////// 00000=
W=
LA
=
001 001 000 002 000 001 001 001 000 002 000 000
000 001 001 001 002 001 002 001 001 001 001 002 023.
000 001 001 000 001 001 000 000 001 001 000 001
000 001 001 001 000 000 001 001 000 002 000 001 015.
000 000 001 000 002 000 000 001 000 000 002 000
000 001 000 002 001 001 001 001 000 001 000 000 014.
000 001 000 000 000 001 000 000 000 000 000 000
001 000 001 000 001 002 001 000 000 001 000 000 009.
000 001 000 001 000 000 000 000 001 000 000 000
000 000 001 000 001 001 000 000 000 000 001 000 007.
001 000 000 000 001 000 002 000 000 001 000 000
000 000 000 001 001 000 001 000 001 000 001 000 010.
000 002 000 000 000 000 001 000 000 000 001 001
000 000 001 000 001 003 000 001 001 000 001 000 013.
000 000 001 000 000 001 000 001 000 001 000 000
000 001 000 001 001 001 001 001 000 000 000 001 011.
000 000 000 000 002 000 000 000 000 001 000 000
000 000 001 001 001 000 001 002 000 000 000 001 010.
000 001 001 000 000 000 000 001 000 000 000 000
000 000 002 000 001 002 001 002 001 001 000 001 014.
000 000 000 001 001 000 000 000 000 000 000 001
000 000 001 001 001 001 002 001 000 001 000 001 012.
000 001 001 000 000 000 000 001 000 001 000 001
000 001 001 000 001 001 000 002 000 001 001 001 014.
000 001 000 001 001 000 001 000 000 000 001 001
000 001 000 002 000 001 001 001 002 000 000 001 015.
001 000 002 000 000 000 001 001 000 000 000 000
001 000 000 001 001 001 001 001 001 000 000 001 013.
000 000 001 001 000 000 000 002 000 001 000 000
001 000 000 001 000 001 000 000 000 001 000 000 009.
001 000 000 000 000 000 000 001 000 000 000 001
000 000 001 001 000 002 002 001 001 001 000 001 013.
000 000 000 001 000 000 001 001 000 001 000 000
000 001 000 001 002 003 000 001 001 001 001 000 015.
001 001 000 001 000 000 001 000 001 000 000 001
001 000 002 000 001 001 001 002 000 000 000 001 015.
000 000 000 000 001 000 002 000 001 000 000 000
000 001 000 001 001 001 001 001 000 001 001 000 012.
000 000 001 000 001 000 001 000 001 000 000 000
000 000 000 002 001 001 003 001 001 001 000 000 014.
001 000 000 001 000 001 000 000 001 000 000 001
000 001 001 002 003 001 003 003 001 001 001 001 023.
000 001 000 001 000 001 000 000 001 001 000 001
000 000 001 002 002 002 002 002 002 000 000 001 020.
000 001 001 001 000 000 000 001 000 001 001 000
000 000 002 000 001 001 002 000 001 000 001 000 014.
000 000 001 000 000 000 000 000 001 000 000 000
000 000 001 000 000 000 000 000 000 001 000 001 005.
001 000 000 000 000 000 001 000 000 001 000 000
000 001 001 000 002 000 001 000 001 000 000 001 010.
000 000 000 000 000 000 000 000 000 001 000 001
000 000 001 000 002 000 000 000 001 001 000 000 007.
000 000 000 001 000 001 000 001 001 000 000 000
001 000 000 001 000 002 000 001 000 000 002 000 011.
001 001 001 000 001 000 000 001 001 000 000 000
000 000 000 000 000 000 000 001 001 000 000 002 010.
000 000 000 000 000 000 000 000 000 000 000 001
000 000 001 001 005 009 007 004 006 002 002 003 041.
000 002 002 001 002 000 001 001 001 001 000 000
002 004 006 006 002 001 000 000 000 001 001 000 034.
001 001 000 001 000 000 000 000 001 000 001 000
001 001 000 001 000 000 001 001 001 000 001 000 012=
Z=
G=
FN
159018 147017 171011 188018 127022 100017
113016 070012 075014 121006 007009 177017
339006 183009 129018 105020 063021 128033
163026 160026 109015 118012 110016 118022.
094016 080016 074014 105012 077008 139009
PPC000 PPC002 175007 326007 253005 147005
067007 070010 138019 146013 129007 089011
134014 072011 099021 122014 031004 050006.
033005 229008 295009 045009 003006 061009
PPC002 266008 222007 204005 251006 187009
PPC001 249007 243004 102017 093020 134020
094019 102017 124010 102011 074012 010008.
331010 335008 268008 349009 260007 PPC000
328007 001005 016008 PPC000 010007 347011
254007 240007 086011 318009 088010 174017
174013 107004 PPC002 075008 104010 315010.
271007 304009 328012 324012 273006 208007
330011 335006 230009 242005 269005 320006
132005 199007 PPC000 118011 346009 145003
274009 359008 125015 142013 335007 001007.
247007 213005 107012 277020 131007 075011
033038 350030 360039 004014 000026 323012
322014 025014 019007 326008 020005 179015
217015 137013 142016 123017 168010 126018.
128013 145015 135012 100005 111007 155008
086009 102012 117009 099012 077006 158008
168010 195011 158013 151016 127019 120019
129028 083021 137013 106018 109016 078007.
045007 202005 359008 352008 341009 PPC000
291006 331009 PPC000 344009 343005 275005
036009 155011 116009 137016 177014 156012
140023 131021 133018 114014 113011 101019.
078008 078007 PPC002 272009 352008 355005
335010 021008 331005 359006 265004 345008
060007 333007 249011 313008 282006 123013
097017 163021 140016 118021 098018 094014.
271006 012008 345004 311005 355007 345004
287006 254006 322011 PPC000 261006 316010
356006 084006 088016 177010 081021 112020
117017 152017 131022 109018 097016 052011.
063012 328011 349015 329007 340008 344013
346006 215007 353009 000009 019008 046009
313008 274006 310006 175015 137026 125017
162017 148016 158015 090015 091011 114007.
078009 268007 195003 050010 044008 014007
001008 345007 042006 328011 346004 356008
061004 PPC001 201008 138013 143019 121011
158011 153013 133029 129023 137023 141013.
172012 154016 142021 136005 099011 109017
133015 125015 096006 088011 073010 095014
084012 165013 141013 090022 111020 124020
138020 146019 137034 130031 116014 115012.
081011 094009 121009 101010 104014 155016
152009 120007 105006 138010 159007 099022
101022 108019 071013 150009 139014 140015
109016 119017 029007 072013 070006 078010.
351007 018013 PPC001 003009 040006 PPC001
326003 344006 360006 024008 018006 348006
059005 090011 107010 090007 017008 358004
352010 337006 080004 PPC001 043005 332005.
PPC000 156009 216007 228007 175007 076007
086008 092004 015008 050006 015008 072007
292009 056011 206015 204005 185019 112023
128038 140025 140025 125023 098013 067012.
025009 359007 331008 272006 340013 309004
341005 343007 022007 270006 277004 327005
332007 256005 093012 312009 146009 089024
099014 156026 097018 125011 103011 131010.
055009 047007 298004 186011 033004 136008
036005 354007 277008 030005 099007 021008
355009 325007 PPC002 133017 149012 031011
136014 048007 149009 070008 089011 272009.
355006 285007 315008 281008 324004 009008
330013 233003 338006 065004 052007 331010
PPC000 285008 125010 162012 149022 122021
124020 100019 096014 106019 089022 067006.
256007 279006 335008 271007 288005 013003
335009 PPC001 006005 PPC002 PPC000 PPC002
PPC002 073005 093009 150013 137020 140019
130024 133030 116020 088013 127011 056006.
016007 316013 268007 319012 348010 326007
092006 348016 275010 277008 333014 339009
063009 215013 149019 133026 109028 143024
149027 175040 156031 135021 145017 161017.
167015 157010 249008 266004 341004 035008
098008 322003 340008 253013 306009 322009
348010 332009 008013 162015 262011 132019
148018 155016 103026 115017 094012 093008.
034008 308006 236005 287006 230006 271007
283004 PPC001 047006 018006 018009 001008
039007 001007 325008 234004 082009 204008
196004 169010 162010 109003 021007 104013.
071007 220004 189007 177005 PPC000 265004
317004 187004 348003 058003 210004 249006
234007 281010 253008 333009 359007 014008
061010 045005 061008 094009 121010 104011.
130006 154010 141007 111008 117018 104016
136013 125017 138021 121024 157013 161026
132020 146018 155027 165019 167016 083013
028009 342012 345010 297004 280007 276012.
111006 109012 130015 173004 153006 089004
110014 097018 109011 117012 021007 082012
088019 110010 091012 132008 074013 112010
130010 106010 182006 153004 164006 175010.
110009 147016 127018 197010 241009 267009
246008 251010 279008 248006 101009 105011
126028 134020 127020 149012 128006 062007
023006 171011 123011 056009 035009 066008.
080008 045010 124012 081011 098015 095015
131009 142009 147011 086011 126008 064014
138014 099012 056015 024008 061012 102017
116014 113013 132024 164017 130015 130017.
148012 102009 065015 112011 107012 105014
182010 119014 126016 148008 135015 107011
123011 101011 138018 100016 140019 140015
080008 059011 140015 096014 100015 104019.
099013 096012 078010 PPC001 326011 283010
061006 082009 114008 092014 PPC000 271017
287013 278007 197007 200008 235008 135016
143015 089011 107015 096009 101012 151012.
161008 111008 152012 135008 078013 098010
076008 202005 PPC002 015007 019006 035010
355004 017007 025016 001023 031018 012007
070010 335007 227013 PPC001 183009 PPC002=
161017 149017 164015 185015 129018 116016
109017 083014 076013 129005 002009 174014
282003 125010 149015 101019 122022 141025
147033 157028 104016 105021 118015 124017.
094012 070012 075013 100012 082008 134010
PPC001 PPC000 174008 335003 PPC002 178004
060005 067009 116016 126014 156009 102011
139017 064010 119017 103020 060010 038007.
036005 255008 309009 037007 359008 064009
105004 269008 238007 189004 240005 193007
332004 282008 001007 113013 116018 122021
106018 106015 107012 102011 080011 017008.
333007 327009 290008 336007 252006 PPC002
340008 014005 017007 218003 008007 284006
266007 277006 035007 344009 072009 156018
164014 159003 121003 059006 119010 329009.
277007 289011 330013 328011 246004 212009
321009 313005 233007 260006 273006 337008
092003 194008 097004 136010 111010 141003
222009 031003 118016 151012 338005 007007.
275007 282008 109013 286013 168014 058018
030031 007018 359035 008022 005024 350012
333020 035013 344007 337006 330005 172013
186015 166013 139016 150014 181013 123017.
133017 138016 133010 107006 123007 150010
085009 100010 112010 105016 045005 157009
194010 218010 187012 109018 130013 129020
153024 114019 141015 103019 109013 075008.
032009 PPC002 357007 349009 332008 PPC000
253007 338006 155003 342008 343008 308004
069011 164008 100010 149013 183016 172015
154023 129019 130016 121018 121013 100017.
048006 075007 075003 269010 352008 354006
323010 051009 323008 338007 012004 332008
055006 342009 246010 280005 246009 139010
142014 157017 142017 121018 089014 088013.
289008 011008 002004 306006 348007 358006
281008 242006 329009 208003 260006 337009
355007 111007 112013 163012 118016 110021
129020 142021 127024 114018 102017 052011.
053011 323011 344014 343006 343007 345013
360006 240008 351010 341009 027006 072007
338008 303009 348007 189016 125021 123020
168014 151019 137018 088013 092009 117008.
079009 328006 303004 015009 040008 052005
030006 345006 054005 336011 289008 346010
057005 319005 199008 137013 132017 131016
159014 156011 130023 134024 139019 141017.
160013 151013 153017 139007 102011 106016
111012 126012 095007 089011 080009 093013
116010 158011 134014 096019 135019 109020
142024 128025 134025 124031 122018 101012.
080010 106008 116010 102010 098012 158016
136009 073003 129006 151012 136007 103018
106019 106016 073010 136012 138016 119016
088018 126015 106010 067012 055007 055006.
349007 011013 PPC002 347008 041007 332006
357006 359006 360012 004008 350006 348007
028006 066009 133009 092008 035009 339004
346009 293006 084006 047004 053005 006006.
PPC002 153010 177004 229007 181004 071008
091009 091006 007008 022007 025005 064007
292008 084008 204013 198010 170013 119022
131029 150026 155029 113019 104012 063011.
022009 355006 330010 285006 347016 334006
328005 346007 038008 263006 289008 318005
330006 304006 103014 144016 109012 068018
102019 138017 091019 127011 114011 141010.
055008 035006 321007 178008 360007 104006
018006 354007 262007 050007 102005 023008
345008 344003 138003 113016 154014 074013
147015 042009 153012 060008 089011 275008.
346005 317011 312006 281008 311003 010008
341013 PPC001 335005 094006 065008 349006
273003 290006 129010 138008 142023 121020
120018 097016 109014 109018 080018 030007.
233003 312006 287007 291006 273003 PPC002
053005 020005 PPC002 267003 PPC000 275005
056004 064005 065011 124012 141017 154020
141023 131033 128018 094012 128011 065008.
350007 322011 279008 303012 347006 359006
085006 356017 272010 287005 327011 344009
054007 192014 149013 120026 146032 134033
144032 154033 158036 133022 146015 154016.
168012 169012 260007 255008 358006 025007
108010 006004 335007 242011 307009 322007
334010 333008 016011 160023 126014 132015
150019 108011 111023 115018 111010 084008.
013008 356005 246008 276006 237005 265008
255003 315003 010006 019005 022007 347010
015009 344006 270007 213009 055008 210010
158007 122009 164009 046005 018006 098014.
082007 220006 195007 213005 PPC001 301006
285005 274007 344003 060007 156004 256004
224007 275013 259007 316008 357008 358008
066008 055005 062008 096009 133011 105009.
123004 155009 123006 101010 128017 102017
129015 129019 137021 132027 116014 129021
136019 141023 153029 146020 150019 111012
009011 360009 352010 307006 270011 271010.
121007 108015 132014 116007 172003 126005
111013 100013 100010 088011 069009 078012
081016 114013 113015 105013 080012 165011
118011 134008 137004 113006 176004 176006.
107012 133012 140015 186007 247010 267008
258009 254011 274011 234006 101012 095013
121018 134023 131025 139013 127009 036009
007006 168011 123010 054010 031011 033006.
055008 066010 116013 073015 090015 102015
108010 115014 135011 101012 125012 070012
133013 089010 043012 044008 066015 121014
108013 132013 133019 139013 134017 128013.
154014 124011 070011 122011 103009 123012
165015 129016 121014 161010 133015 120014
112010 102014 130017 118017 109016 110014
087009 073008 123013 111012 099017 104018.
100015 090012 073011 032005 339008 281012
062006 069008 094008 088013 PPC000 279013
259010 296008 240009 218008 183008 118015
143012 112011 105012 087011 117014 150013.
132005 123008 128009 144009 081008 099009
081007 217005 068006 080004 047011 056011
031007 035010 034016 014018 045018 092011
148007 331007 221008 175004 232008 231006=
034144 1459 045207 1417
021101 1708 030102 1712
023140 1421 030125 1335
018147 1358 029170 1357
017105 1714 024323 1609
042029 0252 081346 0316
026150 1502 037079 1740
024153 1501 033122 1716
024156 1513 033184 1506
026140 1523 037136 1658
024126 1303 037184 1329
028132 1729 038122 1736
032125 1802 043147 1715
023099 0805 030142 1408
015003 0438 020357 2146
031127 1504 049181 1654
024127 1537 038105 1151
017176 0219 024142 1224
026132 1316 038125 1312
033131 1600 044136 1556
042154 1606 058164 1603
030104 1708 043099 1723
014333 2145 020326 2140
017275 1125 024247 1118
037160 1015 047156 1027
024098 0951 032082 0950
028132 1056 035133 1056
022135 1703 029128 1701
021098 1209 027091 1150
019101 2013 029272 0134
023038 1247 038085 1247=
DB
0058 0036 0054 0057 0035 0031 0020 0016 0006 -002 -002 0001
0055 0113 0150 0181 0210 0204 0184 0139 0090 0073 0067 0066 0216 1321 -012 0734.
0064 0063 0061 0060 0059 0058 0061 0060 0052 0050 0057 0060
0072 0090 0098 0108 0107 0098 0090 0084 0071 0063 0059 0022 0127 1135 0022 2000.
0031 0053 0040 0010 0005 -002 -006 -007 0012 0000 -011 -006
0049 0107 0156 0192 0215 0220 0210 0166 0108 0066 0049 0037 0231 1411 -013 0732.
0028 0024 0020 0041 0056 0047 0052 0027 0017 0013 0027 0046
0073 0095 0130 0191 0203 0219 0180 0153 0130 0114 0110 0105 0232 1319 0011 0545.
0104 0101 0100 0099 0098 0096 0094 0093 0092 0094 0093 0097
0106 0110 0114 0117 0123 0121 0121 0113 0107 0101 0096 0095 0125 1331 0091 0503.
0093 0091 0091 0086 0083 0076 0082 0061 0057 0056 0055 0052
0053 0067 0107 0109 0088 0084 0076 0081 0068 0058 0055 0049 0111 1050 0049 0749.
0048 0046 0047 0041 0038 0046 0046 0046 0046 0045 0046 0049
0066 0109 0151 0178 0202 0210 0205 0164 0110 0069 0052 0040 0222 1415 0020 0025.
0026 0019 0014 0011 0004 0012 0014 0012 0020 0010 0002 0022
0058 0115 0155 0188 0234 0189 0157 0134 0113 0095 0084 0083 0238 1304 -001 0647.
0073 0072 0063 0057 0054 0030 0024 0017 0035 0044 0045 0047
0070 0115 0177 0181 0186 0238 0194 0153 0126 0098 0081 0072 0240 1403 0014 0411.
0067 0062 0050 0037 0026 0025 0028 0020 0013 0004 0003 0009
0066 0121 0191 0227 0246 0280 0265 0213 0150 0098 0094 0081 0285 1343 0002 0717.
0069 0047 0034 0024 0020 0016 0014 0018 0025 0011 0004 0007
0097 0145 0181 0231 0197 0271 0218 0171 0159 0104 0094 0083 0272 1358 -001 0738.
0068 0059 0054 0060 0050 0052 0057 0061 0060 0056 0061 0065
0091 0115 0144 0163 0160 0170 0183 0140 0114 0099 0091 0087 0184 1448 0048 0111.
0080 0074 0074 0071 0070 0065 0060 0060 0059 0058 0057 0046
0083 0109 0142 0181 0204 0203 0199 0160 0113 0080 0063 0048 0211 1424 0045 0750.
0042 0064 0068 0053 0031 0030 0024 0009 0006 0016 0028 0045
0054 0066 0092 0112 0151 0167 0162 0135 0097 0061 0073 0045 0181 1344 0003 0521.
0031 0044 0039 0026 0042 0050 0045 0054 0053 0055 0056 0059
0068 0076 0082 0096 0110 0117 0126 0115 0097 0077 0070 0063 0129 1447 0026 0000.
0070 0073 0066 0063 0061 0060 0060 0059 0044 0040 0051 0026
0077 0113 0155 0207 0220 0222 0219 0155 0123 0083 0059 0059 0238 1317 0025 0743.
0033 0024 0018 0012 0017 0003 0008 0024 -004 -012 -013 -007
0057 0114 0162 0189 0222 0209 0238 0165 0117 0068 0058 0064 0248 1502 -018 0733.
0064 0070 0070 0068 0067 0055 0057 0053 0045 0045 0030 0023
0076 0126 0165 0225 0216 0218 0209 0176 0135 0102 0070 0069 0246 1332 0021 0748.
0057 0046 0038 0022 0014 0015 0016 0003 0005 0027 0004 0038
0075 0109 0155 0211 0187 0153 0153 0137 0124 0100 0092 0082 0216 1203 0001 0412.
0072 0069 0063 0072 0071 0071 0069 0070 0063 0062 0064 0064
0088 0116 0182 0231 0263 0276 0274 0212 0137 0102 0076 0067 0282 1447 0061 0727.
0051 0045 0036 0035 0025 0017 0012 0021 0007 0005 0003 0012
0073 0134 0192 0227 0241 0259 0239 0198 0145 0095 0067 0053 0262 1422 0002 0633.
0036 0024 0008 0000 -006 -011 -014 -019 -022 -023 -023 -016
0057 0130 0185 0217 0242 0266 0250 0220 0139 0080 0051 0034 0267 1342 -026 0731.
0026 0017 0015 0013 0000 -004 0018 0039 0040 0031 0024 0019
0077 0104 0126 0161 0171 0178 0138 0149 0123 0100 0092 0064 0194 1344 -006 0221.
0082 0083 0083 0081 0080 0079 0077 0076 0078 0075 0073 0077
0084 0082 0089 0091 0098 0097 0091 0090 0088 0084 0083 0082 0101 1321 0065 2001.
0082 0082 0081 0081 0081 0079 0077 0073 0071 0070 0070 0068
0072 0079 0079 0084 0089 0104 0112 0112 0091 0083 0079 0076 0123 1536 0068 0708.
0075 0069 0065 0068 0070 0068 0063 0063 0063 0065 0065 0064
0067 0070 0090 0090 0100 0145 0123 0119 0099 0088 0086 0083 0150 1353 0059 0311.
0076 0073 0070 0070 0069 0068 0068 0067 0066 0065 0062 0061
0058 0057 0054 0056 0056 0055 0053 0051 0046 0040 0033 0034 0082 2001 0032 1854.
0033 0030 0029 0026 0025 0021 0021 0020 0020 0017 0014 0006
-003 -002 0000 0018 0020 0023 0022 0021 0014 0013 0011 0010 0034 2001 -003 0833.
0009 0007 0005 0004 0004 0004 -002 -001 0001 0002 0004 0005
0006 0010 0019 0042 0064 0054 0046 0053 0042 0028 0024 0021 0064 1259 -002 0241.
0020 0021 0021 0022 0020 0014 0014 0015 0015 0015 0016 0019
0032 0048 0064 0072 0068 0067 0074 0066 0045 0037 0030 0028 0075 1450 0010 0221.
0028 0026 0025 0024 0023 0023 0023 0023 0022 0020 0014 0014
0021 0032 0032 0044 0049 0056 0055 0049 0037 0030 0024 0024 0058 1411 0013 0708=
0085 0077 0072 0072 0069 0064 0059 0055 0051 0047 0044 0040
0042 0056 0075 0094 0112 0124 0128 0122 0109 0098 0090 0085.
0082 0079 0077 0076 0074 0073 0073 0073 0072 0071 0070 0070
0072 0076 0079 0087 0088 0088 0087 0086 0083 0079 0076 0071.
0063 0065 0066 0059 0054 0049 0045 0041 0042 0043 0039 0036
0039 0052 0072 0093 0112 0124 0130 0127 0117 0103 0092 0082.
0075 0069 0064 0064 0066 0067 0067 0065 0059 0055 0053 0055
0061 0068 0078 0096 0116 0128 0132 0129 0122 0116 0111 0107.
0105 0103 0102 0100 0099 0099 0098 0097 0096 0096 0095 0096
0097 0100 0101 0103 0105 0107 0107 0107 0106 0104 0102 0100.
0099 0098 0097 0096 0094 0093 0090 0086 0084 0081 0079 0077
0076 0076 0084 0095 0096 0092 0092 0090 0089 0084 0080 0077.
0074 0072 0070 0069 0064 0065 0066 0066 0065 0065 0065 0064
0067 0074 0092 0110 0127 0137 0140 0134 0123 0109 0096 0087.
0078 0072 0065 0060 0056 0052 0052 0050 0050 0050 0046 0045
0051 0065 0084 0107 0121 0129 0126 0123 0115 0107 0101 0096.
0092 0089 0086 0083 0080 0075 0068 0063 0059 0061 0063 0064
0065 0076 0096 0111 0121 0128 0134 0132 0124 0115 0106 0099.
0094 0090 0085 0079 0073 0068 0065 0062 0058 0054 0050 0048
0052 0065 0090 0114 0132 0150 0156 0152 0141 0125 0114 0107.
0101 0092 0084 0077 0071 0066 0062 0058 0058 0056 0052 0049
0054 0073 0094 0114 0126 0141 0148 0145 0136 0125 0114 0108.
0102 0094 0090 0087 0083 0080 0079 0079 0079 0079 0077 0077
0080 0089 0098 0109 0117 0119 0125 0125 0118 0110 0103 0099.
0096 0092 0090 0088 0086 0084 0082 0080 0078 0078 0076 0074
0075 0083 0094 0107 0122 0131 0136 0133 0124 0111 0100 0092.
0085 0082 0083 0082 0077 0071 0067 0062 0058 0054 0055 0058
0062 0066 0072 0081 0092 0108 0115 0115 0108 0098 0091 0087.
0078 0073 0071 0068 0065 0067 0067 0068 0068 0069 0069 0070
0071 0074 0077 0080 0086 0092 0097 0099 0098 0093 0089 0084.
0083 0083 0081 0080 0078 0077 0076 0075 0073 0068 0068 0065
0065 0075 0091 0111 0128 0140 0143 0139 0129 0115 0103 0095.
0087 0079 0072 0067 0062 0058 0054 0055 0052 0047 0042 0039
0043 0059 0078 0098 0113 0127 0133 0135 0127 0110 0097 0090.
0087 0085 0084 0083 0082 0081 0078 0076 0074 0071 0068 0063
0065 0075 0093 0115 0133 0142 0142 0140 0133 0123 0111 0103.
0096 0089 0084 0077 0071 0065 0062 0058 0054 0054 0053 0053
0059 0071 0087 0106 0121 0122 0120 0119 0116 0110 0104 0099.
0094 0091 0088 0086 0086 0085 0084 0083 0083 0081 0080 0079
0081 0087 0097 0122 0142 0157 0165 0162 0149 0134 0121 0111.
0102 0094 0088 0082 0077 0072 0067 0063 0060 0057 0053 0051
0056 0072 0095 0118 0137 0149 0155 0151 0140 0125 0111 0099.
0090 0082 0074 0067 0060 0055 0050 0046 0042 0038 0036 0033
0038 0056 0080 0107 0127 0143 0150 0148 0136 0118 0104 0092.
0082 0075 0069 0065 0060 0055 0051 0056 0058 0060 0058 0056
0060 0070 0081 0094 0104 0115 0121 0121 0117 0110 0104 0095.
0091 0091 0091 0090 0089 0088 0088 0086 0086 0086 0085 0085
0086 0087 0088 0089 0090 0092 0093 0092 0092 0091 0089 0089.
0088 0088 0088 0088 0087 0087 0086 0085 0083 0082 0081 0081
0080 0081 0082 0083 0085 0088 0093 0097 0096 0092 0090 0088.
0087 0086 0084 0083 0083 0082 0081 0079 0078 0079 0078 0078
0078 0079 0081 0085 0090 0098 0105 0107 0103 0099 0096 0094.
0091 0089 0087 0085 0084 0083 0082 0081 0081 0080 0079 0078
0076 0075 0075 0074 0073 0073 0072 0071 0069 0067 0063 0061.
0059 0058 0056 0055 0053 0051 0049 0048 0047 0046 0043 0040
0031 0026 0026 0031 0036 0039 0040 0041 0040 0038 0037 0035.
0034 0033 0032 0031 0030 0029 0027 0022 0023 0024 0025 0025
0026 0028 0031 0033 0043 0050 0052 0052 0054 0051 0047 0044.
0042 0041 0040 0040 0039 0038 0036 0035 0035 0034 0034 0034
0036 0041 0048 0056 0060 0062 0064 0066 0063 0058 0055 0051.
0049 0047 0046 0044 0043 0042 0042 0041 0041 0040 0038 0037
0036 0038 0041 0044 0048 0051 0054 0056 0054 0050 0047 0045=
0095 0091 0087 0084 0082 0079 0076 0073 0070 0066 0063 0061
0058 0060 0067 0077 0088 0098 0106 0109 0107 0103 0098 0094.
0091 0088 0086 0084 0083 0082 0081 0080 0080 0079 0078 0077
0077 0078 0080 0083 0086 0087 0088 0088 0087 0086 0084 0082.
0078 0075 0075 0073 0070 0067 0063 0060 0058 0058 0056 0054
0052 0055 0062 0073 0085 0096 0104 0109 0109 0105 0099 0093.
0088 0084 0079 0076 0075 0075 0075 0074 0072 0069 0067 0066
0067 0069 0073 0080 0091 0101 0109 0113 0113 0111 0109 0107.
0105 0104 0103 0102 0101 0100 0100 0099 0098 0098 0097 0097
0097 0099 0099 0101 0102 0103 0104 0105 0105 0104 0104 0102.
0102 0101 0100 0099 0099 0098 0097 0095 0093 0091 0089 0087
0086 0085 0085 0090 0094 0094 0094 0093 0093 0091 0089 0087.
0085 0083 0081 0080 0078 0076 0075 0075 0075 0074 0074 0073
0074 0075 0081 0090 0101 0110 0117 0120 0119 0114 0107 0101.
0095 0089 0084 0080 0076 0072 0070 0068 0066 0065 0063 0061
0061 0064 0072 0083 0094 0105 0109 0111 0110 0107 0104 0101.
0098 0096 0094 0092 0089 0087 0083 0080 0076 0074 0074 0073
0074 0075 0082 0092 0100 0107 0114 0117 0117 0115 0110 0106.
0102 0099 0096 0092 0088 0084 0081 0078 0075 0072 0069 0066
0065 0068 0076 0088 0101 0113 0124 0129 0129 0125 0119 0113.
0109 0104 0099 0094 0089 0085 0081 0077 0075 0073 0071 0068
0066 0070 0080 0090 0102 0110 0120 0125 0125 0123 0118 0113.
0109 0105 0101 0097 0095 0092 0090 0089 0088 0087 0086 0085
0085 0087 0091 0097 0103 0107 0111 0115 0115 0112 0109 0105.
0103 0100 0098 0096 0094 0093 0091 0090 0088 0087 0086 0085
0083 0085 0089 0094 0103 0111 0117 0120 0120 0116 0110 0104.
0099 0095 0093 0092 0090 0086 0083 0080 0076 0073 0071 0070
0071 0072 0075 0078 0084 0091 0099 0103 0104 0102 0098 0095.
0091 0087 0084 0081 0079 0077 0077 0077 0077 0077 0077 0077
0077 0078 0079 0081 0083 0087 0090 0093 0095 0095 0093 0091.
0089 0088 0087 0086 0085 0084 0083 0082 0082 0080 0078 0077
0075 0076 0081 0090 0101 0112 0119 0123 0122 0117 0111 0105.
0100 0095 0090 0085 0081 0077 0073 0071 0069 0066 0063 0060
0058 0061 0069 0079 0090 0100 0109 0115 0116 0112 0106 0100.
0096 0093 0092 0090 0089 0088 0087 0085 0083 0082 0080 0077
0075 0077 0083 0093 0104 0114 0120 0123 0123 0121 0116 0110.
0106 0101 0097 0093 0088 0083 0080 0077 0073 0070 0069 0068
0068 0071 0078 0087 0098 0105 0108 0109 0110 0109 0106 0103.
0101 0098 0096 0093 0092 0091 0091 0090 0089 0088 0087 0086
0086 0087 0091 0099 0111 0123 0133 0138 0138 0133 0127 0120.
0114 0108 0103 0098 0094 0090 0086 0082 0079 0076 0073 0070
0069 0072 0081 0093 0106 0118 0126 0131 0131 0126 0119 0112.
0105 0099 0093 0088 0083 0078 0073 0069 0066 0062 0059 0056
0055 0058 0067 0081 0095 0108 0118 0124 0125 0120 0113 0105.
0098 0092 0087 0083 0079 0075 0071 0069 0070 0070 0070 0069
0068 0071 0076 0082 0090 0096 0103 0107 0108 0107 0105 0101.
0097 0096 0095 0094 0093 0093 0092 0091 0091 0090 0090 0089
0089 0090 0090 0090 0091 0092 0093 0093 0093 0093 0092 0092.
0091 0091 0091 0091 0091 0090 0090 0090 0089 0088 0087 0087
0086 0086 0086 0086 0087 0088 0091 0093 0095 0094 0093 0092.
0091 0090 0089 0088 0088 0087 0087 0086 0085 0084 0084 0084
0083 0084 0084 0086 0088 0091 0096 0099 0100 0099 0098 0097.
0095 0094 0093 0091 0090 0089 0088 0088 0087 0086 0085 0085
0084 0083 0082 0081 0081 0080 0080 0079 0078 0077 0075 0073.
0071 0070 0069 0067 0066 0065 0063 0062 0061 0059 0058 0056
0053 0048 0045 0045 0046 0048 0049 0050 0050 0049 0049 0048.
0047 0046 0045 0044 0043 0042 0041 0039 0037 0037 0037 0037
0037 0037 0038 0040 0042 0048 0051 0053 0055 0055 0054 0053.
0051 0050 0049 0048 0048 0047 0046 0045 0045 0044 0043 0043
0043 0045 0047 0052 0056 0059 0061 0063 0064 0063 0061 0059.
0057 0056 0055 0053 0052 0051 0051 0050 0049 0049 0048 0047
0046 0046 0047 0048 0050 0052 0054 0056 0057 0056 0055 0053=
0102 0099 0097 0094 0092 0090 0088 0086 0084 0081 0079 0076
0074 0073 0074 0077 0082 0089 0095 0100 0102 0102 0101 0099.
0097 0095 0093 0092 0091 0090 0089 0088 0087 0087 0086 0085
0085 0085 0085 0086 0088 0089 0090 0091 0091 0091 0090 0089.
0087 0085 0084 0083 0081 0079 0077 0075 0073 0071 0070 0069
0067 0066 0068 0072 0078 0084 0091 0097 0100 0101 0100 0098.
0095 0092 0089 0087 0085 0084 0083 0083 0082 0080 0078 0077
0076 0076 0078 0080 0085 0091 0097 0101 0105 0106 0106 0105.
0105 0104 0104 0103 0103 0102 0102 0102 0101 0101 0101 0100
0100 0101 0101 0101 0102 0103 0104 0105 0105 0105 0105 0105.
0104 0104 0103 0103 0103 0102 0101 0100 0099 0098 0097 0095
0094 0093 0092 0093 0095 0096 0097 0097 0097 0096 0096 0094.
0093 0092 0090 0089 0088 0086 0085 0085 0084 0083 0083 0082
0082 0082 0083 0087 0092 0098 0104 0109 0111 0111 0110 0107.
0103 0100 0096 0093 0090 0087 0084 0082 0080 0079 0077 0076
0074 0074 0076 0080 0086 0093 0098 0102 0104 0105 0104 0103.
0102 0100 0099 0098 0096 0095 0093 0091 0088 0086 0085 0084
0083 0083 0084 0088 0093 0098 0103 0107 0110 0111 0110 0108.
0106 0105 0102 0100 0098 0095 0093 0090 0088 0086 0084 0081
0079 0078 0080 0084 0091 0098 0106 0113 0117 0118 0117 0115.
0112 0110 0107 0104 0100 0097 0094 0091 0088 0086 0084 0082
0080 0080 0082 0087 0093 0099 0105 0111 0115 0116 0115 0114.
0112 0110 0107 0105 0103 0101 0099 0097 0096 0095 0094 0093
0093 0093 0094 0096 0099 0103 0105 0108 0110 0111 0110 0109.
0107 0106 0104 0103 0101 0100 0099 0098 0096 0095 0094 0093
0092 0092 0092 0094 0098 0103 0108 0111 0114 0114 0113 0110.
0107 0104 0102 0100 0099 0097 0095 0092 0090 0087 0085 0083
0082 0082 0083 0084 0086 0089 0093 0098 0100 0101 0101 0099.
0098 0095 0093 0091 0089 0088 0087 0086 0085 0085 0085 0084
0084 0084 0085 0086 0086 0088 0090 0092 0094 0095 0095 0095.
0094 0093 0092 0092 0091 0091 0090 0089 0089 0088 0087 0086
0084 0084 0084 0088 0093 0099 0105 0110 0113 0114 0112 0109.
0107 0103 0100 0097 0094 0091 0088 0085 0083 0081 0079 0076
0074 0073 0075 0078 0084 0090 0097 0102 0106 0108 0107 0104.
0102 0100 0098 0097 0096 0095 0094 0093 0091 0090 0089 0087
0086 0085 0086 0089 0095 0101 0107 0112 0114 0115 0115 0113.
0110 0107 0105 0102 0099 0096 0093 0090 0087 0085 0083 0081
0080 0080 0082 0085 0091 0096 0101 0103 0105 0106 0106 0105.
0104 0102 0101 0100 0098 0098 0097 0096 0095 0095 0094 0093
0092 0092 0093 0096 0101 0108 0115 0121 0125 0126 0124 0122.
0118 0115 0112 0108 0105 0102 0099 0096 0093 0090 0088 0085
0083 0082 0084 0089 0096 0103 0110 0116 0120 0120 0119 0116.
0112 0109 0105 0101 0097 0094 0090 0087 0083 0080 0077 0075
0072 0072 0073 0078 0085 0094 0102 0108 0113 0114 0113 0110.
0106 0102 0099 0095 0092 0089 0086 0083 0082 0081 0081 0080
0079 0079 0080 0083 0087 0091 0095 0099 0102 0104 0104 0103.
0101 0100 0099 0098 0098 0097 0097 0096 0096 0095 0095 0094
0094 0094 0094 0094 0094 0095 0096 0096 0096 0096 0096 0096.
0096 0096 0095 0095 0095 0095 0095 0094 0094 0093 0093 0092
0092 0091 0091 0091 0091 0092 0093 0094 0095 0096 0096 0096.
0095 0095 0094 0094 0093 0093 0092 0092 0091 0091 0090 0090
0090 0089 0089 0090 0091 0092 0094 0096 0099 0099 0099 0099.
0098 0098 0097 0096 0096 0095 0094 0094 0093 0092 0092 0091
0091 0090 0089 0089 0088 0088 0087 0087 0086 0085 0084 0083.
0082 0081 0079 0078 0077 0076 0075 0074 0073 0071 0070 0069
0068 0065 0063 0061 0060 0060 0061 0061 0061 0061 0060 0060.
0059 0058 0058 0057 0056 0055 0055 0054 0052 0051 0050 0050
0050 0049 0049 0050 0051 0053 0055 0057 0059 0060 0060 0060.
0059 0059 0058 0058 0057 0057 0056 0055 0055 0054 0054 0053
0053 0053 0054 0056 0058 0060 0062 0064 0065 0066 0066 0065.
0064 0063 0063 0062 0061 0060 0060 0059 0058 0058 0057 0057
0056 0055 0055 0055 0056 0057 0058 0060 0061 0061 0061 0061=
0102 0101 0099 0098 0096 0095 0093 0092 0090 0089 0087 0085
0083 0082 0081 0081 0083 0086 0089 0093 0096 0097 0098 0098.
0097 0096 0095 0095 0094 0093 0092 0091 0091 0090 0090 0089
0089 0088 0088 0088 0089 0090 0090 0091 0091 0091 0091 0091.
0091 0090 0088 0088 0087 0086 0084 0083 0081 0079 0078 0077
0076 0075 0074 0075 0077 0080 0084 0088 0092 0094 0096 0096.
0095 0094 0092 0091 0089 0088 0087 0087 0086 0085 0084 0083
0082 0081 0081 0082 0084 0086 0089 0093 0096 0098 0100 0101.
0101 0101 0101 0101 0101 0101 0101 0101 0100 0100 0100 0100
0100 0100 0100 0100 0101 0101 0102 0102 0103 0103 0104 0103.
0103 0103 0103 0103 0103 0102 0102 0102 0101 0100 0099 0098
0098 0097 0096 0095 0096 0096 0097 0097 0097 0097 0097 0097.
0096 0095 0094 0093 0092 0092 0090 0090 0089 0088 0088 0087
0087 0086 0086 0087 0089 0092 0096 0100 0103 0105 0105 0105.
0104 0102 0100 0098 0096 0094 0092 0090 0088 0086 0085 0084
0083 0081 0081 0082 0084 0088 0092 0095 0098 0099 0100 0101.
0100 0100 0099 0099 0098 0097 0096 0095 0093 0092 0090 0089
0088 0088 0088 0088 0091 0093 0096 0099 0102 0104 0105 0105.
0105 0104 0103 0102 0101 0099 0098 0096 0094 0092 0091 0089
0087 0086 0085 0086 0088 0092 0096 0101 0105 0108 0110 0110.
0109 0109 0107 0106 0104 0102 0100 0098 0095 0093 0092 0090
0088 0087 0087 0088 0090 0093 0097 0101 0105 0107 0109 0109.
0109 0108 0107 0106 0105 0103 0102 0101 0100 0099 0098 0097
0096 0096 0096 0096 0098 0099 0101 0103 0105 0106 0107 0107.
0106 0106 0105 0104 0103 0102 0101 0101 0100 0099 0098 0097
0096 0095 0095 0096 0097 0099 0102 0104 0107 0108 0109 0109.
0108 0106 0104 0103 0102 0101 0099 0098 0096 0094 0093 0091
0089 0089 0088 0088 0089 0090 0092 0094 0096 0098 0099 0099.
0098 0098 0097 0095 0094 0093 0092 0091 0090 0089 0089 0088
0088 0088 0088 0088 0088 0089 0090 0091 0093 0094 0094 0095.
0095 0094 0094 0094 0093 0093 0093 0092 0092 0091 0090 0090
0089 0088 0088 0088 0090 0093 0097 0101 0104 0106 0107 0107.
0106 0104 0103 0101 0099 0097 0095 0092 0091 0089 0087 0085
0083 0082 0081 0082 0084 0087 0090 0094 0098 0100 0102 0102.
0101 0100 0099 0098 0097 0097 0096 0095 0094 0094 0093 0092
0091 0090 0089 0090 0092 0095 0099 0102 0105 0107 0108 0109.
0108 0107 0106 0104 0102 0100 0098 0096 0094 0092 0091 0089
0087 0087 0086 0087 0089 0092 0095 0098 0100 0101 0102 0102.
0102 0102 0101 0101 0100 0099 0098 0098 0097 0097 0096 0096
0095 0095 0095 0095 0097 0100 0104 0109 0113 0115 0117 0116.
0116 0114 0112 0110 0108 0106 0104 0102 0100 0098 0096 0094
0092 0090 0089 0090 0093 0096 0101 0105 0109 0111 0113 0113.
0111 0110 0108 0105 0103 0100 0098 0095 0093 0090 0088 0086
0083 0082 0081 0082 0084 0088 0093 0098 0102 0105 0107 0106.
0105 0104 0102 0100 0097 0095 0093 0091 0089 0088 0087 0086
0086 0085 0085 0085 0087 0089 0091 0094 0096 0099 0100 0100.
0100 0100 0099 0099 0098 0098 0098 0097 0097 0097 0096 0096
0096 0095 0095 0095 0095 0095 0096 0096 0096 0096 0096 0097.
0096 0096 0096 0096 0096 0096 0096 0096 0095 0095 0095 0094
0094 0094 0093 0093 0093 0093 0094 0094 0095 0095 0096 0096.
0096 0096 0096 0095 0095 0095 0094 0094 0094 0093 0093 0092
0092 0092 0092 0092 0092 0092 0093 0094 0096 0097 0098 0098.
0098 0098 0098 0097 0097 0096 0096 0095 0095 0095 0094 0094
0093 0093 0092 0092 0091 0091 0090 0090 0089 0089 0088 0088.
0087 0086 0085 0084 0083 0082 0081 0080 0079 0078 0078 0077
0076 0074 0073 0071 0070 0069 0068 0068 0068 0068 0067 0067.
0066 0066 0065 0065 0064 0063 0063 0062 0061 0060 0059 0059
0058 0058 0057 0057 0057 0058 0059 0060 0061 0062 0063 0063.
0063 0063 0063 0062 0062 0062 0061 0061 0061 0060 0060 0059
0059 0059 0059 0059 0060 0061 0063 0064 0065 0066 0067 0067.
0067 0067 0066 0066 0065 0065 0064 0064 0063 0063 0062 0062
0061 0061 0060 0060 0060 0061 0061 0062 0063 0063 0064 0064=
0102 0103 0103 0103 0103 0103 0103 0103 0103 0103 0102 0102
0102 0102 0102 0102 0101 0101 0101 0101 0101 0101 0101 0101.
0101 0101 0101 0101 0102 0102 0101 0101 0101 0101 0101 0101
0101 0101 0101 0101 0101 0101 0101 0101 0101 0101 0101 0101.
0101 0101 0101 0101 0101 0101 0101 0101 0100 0100 0100 0100
0099 0099 0099 0099 0098 0098 0098 0098 0098 0098 0098 0099.
0099 0099 0099 0099 0099 0099 0099 0099 0099 0099 0099 0099
0099 0098 0098 0098 0098 0098 0098 0098 0098 0099 0099 0099.
0100 0100 0100 0101 0101 0101 0101 0101 0102 0102 0102 0102
0102 0103 0103 0103 0103 0103 0103 0104 0104 0104 0104 0104.
0105 0105 0105 0105 0105 0105 0106 0106 0106 0106 0106 0106
0106 0106 0106 0106 0106 0106 0106 0106 0106 0106 0106 0106.
0106 0106 0106 0106 0106 0106 0106 0105 0105 0105 0105 0105
0105 0105 0104 0104 0104 0104 0104 0104 0104 0105 0105 0105.
0105 0105 0105 0105 0105 0105 0105 0105 0105 0105 0104 0104
0104 0104 0103 0103 0103 0103 0102 0102 0102 0103 0103 0103.
0103 0103 0104 0104 0104 0104 0104 0104 0104 0104 0104 0104
0104 0104 0104 0103 0103 0103 0103 0103 0104 0104 0104 0104.
0105 0105 0105 0105 0105 0105 0105 0105 0105 0105 0105 0105
0105 0105 0104 0104 0104 0104 0104 0104 0104 0104 0104 0105.
0105 0105 0105 0105 0106 0106 0106 0106 0106 0105 0105 0105
0105 0105 0104 0104 0104 0104 0104 0104 0104 0104 0104 0105.
0105 0105 0105 0105 0105 0106 0106 0106 0106 0106 0106 0106
0106 0106 0105 0106 0105 0105 0105 0106 0106 0106 0106 0106.
0107 0107 0107 0107 0107 0107 0107 0107 0107 0107 0107 0107
0107 0107 0107 0107 0107 0107 0107 0107 0107 0107 0107 0108.
0108 0108 0108 0108 0108 0108 0108 0108 0108 0108 0108 0107
0107 0107 0107 0106 0106 0106 0106 0106 0106 0106 0106 0106.
0106 0106 0106 0106 0106 0106 0106 0105 0105 0105 0105 0105
0105 0105 0104 0104 0104 0104 0104 0104 0104 0104 0104 0104.
0104 0104 0104 0104 0104 0104 0104 0104 0104 0104 0104 0104
0104 0104 0104 0104 0104 0104 0104 0104 0104 0104 0105 0105.
0105 0105 0106 0106 0106 0106 0106 0106 0105 0105 0105 0105
0104 0104 0104 0103 0103 0103 0103 0103 0102 0103 0103 0103.
0103 0103 0103 0103 0103 0103 0103 0103 0103 0103 0103 0103
0103 0103 0103 0103 0103 0103 0103 0103 0103 0103 0103 0104.
0104 0104 0104 0104 0105 0105 0105 0104 0104 0104 0104 0104
0103 0103 0103 0103 0103 0103 0102 0102 0102 0103 0103 0103.
0103 0103 0104 0104 0104 0104 0104 0104 0104 0104 0104 0104
0104 0104 0104 0104 0104 0104 0104 0104 0105 0105 0105 0106.
0106 0106 0106 0107 0107 0107 0107 0107 0107 0107 0106 0106
0106 0106 0105 0105 0105 0105 0105 0105 0105 0105 0105 0105.
0106 0106 0106 0106 0106 0106 0106 0106 0105 0105 0105 0104
0104 0104 0103 0103 0102 0102 0102 0102 0102 0101 0102 0102.
0102 0102 0102 0102 0102 0102 0102 0102 0101 0101 0101 0101
0100 0100 0100 0100 0100 0099 0099 0099 0099 0099 0100 0100.
0100 0100 0100 0100 0101 0101 0101 0101 0101 0101 0101 0101
0101 0101 0101 0101 0101 0101 0101 0101 0102 0102 0102 0102.
0102 0102 0102 0102 0102 0102 0102 0102 0103 0103 0103 0103
0103 0103 0103 0103 0103 0103 0103 0103 0103 0103 0103 0103.
0103 0103 0103 0103 0103 0103 0103 0103 0103 0103 0103 0103
0103 0103 0103 0103 0103 0103 0103 0103 0103 0103 0103 0104.
0104 0104 0104 0104 0104 0104 0104 0104 0104 0104 0104 0104
0104 0104 0104 0104 0104 0104 0104 0104 0104 0104 0104 0103.
0103 0103 0103 0103 0102 0102 0102 0102 0102 0101 0101 0101
0101 0100 0100 0100 0099 0099 0099 0098 0098 0098 0097 0097.
0097 0096 0096 0096 0095 0095 0095 0095 0094 0094 0093 0093
0093 0093 0092 0092 0091 0091 0091 0091 0091 0090 0090 0090.
0090 0090 0090 0089 0089 0089 0089 0089 0089 0089 0088 0088
0088 0088 0088 0088 0087 0087 0087 0087 0087 0087 0087 0087.
0087 0087 0087 0087 0087 0087 0087 0087 0087 0087 0087 0087
0087 0087 0087 0086 0086 0086 0086 0086 0086 0086 0086 0086=
KB
0119 0119 0119 0119 0119 0119 0119 0119 0119 0119 0119 0119
0119 0119 0119 0119 0119 0119 0119 0119 0119 0119 0119 0119.
0119 0119 0119 0119 0118 0118 0118 0118 0118 0118 0118 0118
0118 0118 0118 0118 0118 0118 0118 0118 0118 0118 0118 0118.
0118 0118 0118 0118 0118 0118 0118 0118 0118 0118 0118 0118
0118 0118 0118 0118 0118 0118 0118 0118 0118 0118 0117 0117.
0117 0117 0117 0117 0117 0117 0117 0117 0117 0117 0117 0117
0117 0117 0117 0117 0117 0117 0117 0117 0117 0117 0117 0117.
0117 0116 0116 0116 0116 0116 0116 0116 0116 0116 0116 0116
0116 0117 0117 0117 0117 0117 0117 0117 0117 0117 0117 0117.
0117 0117 0117 0117 0117 0117 0117 0117 0117 0117 0117 0117
0118 0118 0118 0118 0118 0118 0118 0118 0118 0118 0118 0118.
0118 0118 0118 0118 0118 0118 0118 0118 0118 0118 0118 0118
0118 0118 0118 0118 0118 0119 0119 0118 0118 0118 0118 0118.
0118 0118 0118 0118 0118 0118 0118 0118 0118 0118 0118 0118
0118 0118 0118 0118 0118 0118 0118 0118 0118 0118 0118 0118.
0118 0118 0118 0118 0118 0118 0118 0118 0118 0118 0118 0118
0118 0118 0118 0118 0118 0118 0118 0118 0118 0118 0118 0118.
0118 0118 0118 0118 0118 0118 0118 0118 0118 0118 0118 0118
0118 0118 0118 0118 0118 0118 0118 0118 0118 0118 0118 0118.
0118 0118 0118 0118 0118 0118 0118 0118 0118 0118 0118 0118
0118 0118 0118 0118 0118 0118 0118 0118 0118 0118 0118 0118.
0118 0118 0118 0118 0118 0118 0118 0118 0118 0118 0118 0118
0118 0118 0118 0118 0118 0118 0118 0118 0118 0118 0118 0118.
0118 0118 0118 0118 0118 0118 0118 0118 0118 0118 0118 0118
0118 0118 0119 0119 0119 0119 0119 0119 0119 0119 0119 0119.
0119 0119 0119 0119 0119 0119 0119 0119 0119 0119 0119 0119
0119 0119 0119 0119 0119 0119 0119 0119 0119 0119 0119 0119.
0119 0119 0119 0119 0119 0119 0119 0119 0119 0119 0119 0119
0119 0119 0119 0119 0119 0119 0119 0119 0119 0119 0118 0118.
0118 0118 0118 0118 0118 0118 0118 0118 0118 0118 0118 0118
0118 0118 0118 0118 0118 0118 0118 0118 0118 0118 0118 0118.
0118 0118 0118 0118 0118 0118 0118 0118 0118 0118 0118 0118
0118 0118 0118 0118 0118 0118 0118 0118 0118 0118 0118 0118.
0118 0118 0118 0117 0117 0117 0117 0117 0117 0117 0117 0117
0117 0117 0117 0117 0117 0117 0117 0117 0117 0117 0117 0117.
0117 0117 0117 0117 0117 0117 0117 0117 0117 0117 0117 0117
0117 0117 0117 0117 0117 0117 0117 0117 0117 0117 0117 0117.
0117 0117 0117 0117 0117 0117 0117 0117 0117 0117 0117 0117
0117 0117 0117 0117 0117 0117 0117 0117 0117 0117 0117 0117.
0117 0117 0117 0117 0117 0117 0117 0117 0117 0117 0117 0117
0117 0117 0117 0117 0117 0117 0117 0117 0117 0117 0117 0117.
0117 0117 0117 0117 0117 0117 0117 0117 0117 0117 0117 0117
0117 0117 0117 0117 0117 0117 0117 0117 0117 0117 0117 0117.
0117 0117 0117 0117 0117 0117 0116 0117 0116 0116 0116 0116
0116 0116 0116 0116 0116 0116 0116 0116 0116 0116 0116 0116.
0116 0116 0116 0116 0115 0115 0115 0115 0115 0115 0115 0115
0115 0115 0115 0115 0115 0115 0115 0115 0115 0115 0115 0115.
0115 0115 0115 0115 0115 0115 0115 0115 0115 0115 0115 0115
0115 0115 0115 0115 0115 0115 0115 0115 0115 0115 0115 0115.
0115 0115 0115 0115 0115 0115 0115 0115 0115 0115 0115 0115
0115 0115 0115 0115 0115 0115 0115 0115 0115 0115 0116 0115.
0115 0115 0115 0115 0115 0115 0115 0115 0115 0115 0116 0115
0116 0116 0116 0116 0116 0116 0116 0116 0116 0116 0116 0116.
0116 0116 0116 0116 0116 0116 0115 0116 0115 0115 0115 0115
0115 0115 0115 0115 0115 0115 0115 0115 0115 0115 0115 0115.
0115 0115 0115 0115 0114 0114 0114 0114 0114 0114 0114 0114
0113 0113 0113 0113 0113 0113 0113 0113 0113 0112 0112 0112.
0112 0112 0112 0112 0111 0111 0111 0111 0111 0111 0111 0111
0110 0110 0110 0110 0110 0110 0110 0110 0110 0110 0109 0109.
0109 0109 0109 0109 0109 0109 0109 0109 0108 0108 0108 0108
0108 0108 0108 0108 0108 0108 0108 0108 0107 0108 0107 0107=
0158 0158 0158 0158 0158 0158 0158 0158 0158 0158 0158 0158
0158 0158 0158 0158 0158 0158 0158 0157 0157 0157 0157 0157.
0157 0157 0157 0157 0157 0157 0157 0157 0157 0157 0157 0157
0157 0157 0157 0157 0157 0157 0157 0157 0157 0157 0157 0157.
0157 0157 0157 0156 0157 0156 0156 0156 0156 0156 0156 0156
0156 0156 0156 0156 0156 0156 0156 0156 0156 0156 0156 0156.
0156 0156 0156 0156 0156 0156 0156 0156 0156 0156 0156 0156
0156 0156 0156 0156 0155 0156 0155 0155 0155 0155 0155 0155.
0155 0155 0155 0155 0155 0155 0155 0155 0155 0155 0155 0155
0155 0155 0155 0155 0155 0155 0155 0155 0155 0155 0155 0155.
0155 0155 0155 0155 0154 0154 0154 0154 0154 0154 0154 0154
0154 0154 0154 0154 0154 0154 0154 0154 0154 0154 0154 0154.
0154 0154 0154 0154 0154 0154 0154 0154 0154 0154 0154 0154
0154 0154 0154 0154 0154 0154 0154 0154 0153 0153 0153 0153.
0153 0153 0153 0153 0153 0153 0153 0153 0153 0153 0153 0153
0153 0153 0153 0153 0153 0153 0153 0153 0153 0153 0153 0153.
0153 0153 0153 0153 0153 0153 0153 0153 0153 0153 0153 0153
0153 0153 0153 0153 0153 0153 0153 0153 0152 0152 0152 0152.
0152 0152 0152 0152 0152 0152 0152 0152 0152 0152 0152 0152
0152 0152 0152 0152 0152 0152 0152 0152 0152 0152 0152 0152.
0152 0152 0152 0152 0152 0152 0152 0152 0152 0152 0152 0152
0152 0152 0152 0152 0152 0152 0152 0152 0152 0152 0151 0152.
0152 0152 0151 0151 0151 0151 0151 0151 0151 0151 0151 0151
0151 0151 0151 0151 0151 0151 0151 0151 0151 0151 0151 0151.
0151 0151 0151 0151 0151 0151 0151 0151 0151 0151 0151 0151
0151 0151 0151 0151 0151 0151 0151 0151 0151 0151 0151 0151.
0151 0151 0151 0151 0151 0151 0151 0151 0151 0151 0150 0151
0150 0150 0150 0150 0151 0150 0150 0150 0150 0150 0150 0150.
0150 0150 0150 0150 0150 0150 0150 0150 0150 0150 0150 0150
0150 0150 0150 0150 0150 0150 0150 0150 0150 0150 0150 0150.
0150 0150 0150 0150 0150 0150 0150 0150 0150 0150 0150 0150
0150 0150 0150 0150 0150 0150 0150 0150 0150 0150 0150 0150.
0150 0150 0150 0150 0150 0150 0150 0150 0150 0150 0149 0149
0149 0149 0150 0149 0149 0150 0150 0149 0149 0149 0149 0149.
0149 0149 0149 0149 0149 0149 0149 0149 0149 0149 0149 0149
0149 0149 0149 0149 0149 0149 0149 0149 0149 0149 0149 0149.
0149 0149 0149 0149 0149 0149 0149 0149 0149 0149 0149 0149
0149 0149 0149 0149 0149 0149 0149 0149 0149 0149 0149 0149.
0149 0149 0149 0149 0149 0149 0149 0149 0148 0148 0148 0148
0148 0149 0148 0148 0148 0149 0149 0148 0148 0148 0148 0148.
0148 0148 0148 0148 0148 0148 0148 0148 0148 0148 0148 0148
0148 0148 0148 0148 0148 0148 0148 0148 0148 0148 0148 0148.
0148 0148 0148 0148 0148 0148 0148 0148 0148 0148 0148 0148
0148 0148 0148 0148 0148 0148 0148 0148 0148 0148 0148 0148.
0147 0147 0148 0147 0147 0147 0147 0147 0147 0147 0147 0147
0147 0147 0147 0147 0147 0147 0147 0147 0147 0147 0147 0147.
0147 0147 0147 0147 0147 0147 0147 0147 0147 0147 0147 0147
0147 0147 0147 0147 0147 0147 0147 0147 0147 0147 0147 0147.
0147 0147 0147 0147 0147 0147 0147 0147 0147 0147 0147 0147
0147 0147 0147 0147 0147 0147 0147 0147 0147 0146 0146 0146.
0147 0147 0147 0146 0146 0146 0146 0146 0146 0146 0146 0146
0146 0146 0146 0146 0146 0146 0146 0146 0146 0146 0146 0146.
0146 0146 0146 0146 0146 0146 0146 0146 0146 0146 0146 0146
0146 0146 0146 0146 0146 0146 0146 0146 0146 0146 0146 0146.
0146 0146 0146 0146 0146 0146 0146 0146 0145 0145 0145 0145
0145 0145 0145 0145 0145 0145 0145 0145 0145 0145 0145 0145.
0145 0145 0145 0145 0145 0145 0145 0145 0145 0145 0145 0145
0145 0145 0145 0145 0145 0145 0145 0145 0145 0145 0145 0145.
0145 0145 0145 0145 0145 0145 0145 0145 0145 0145 0145 0145
0145 0145 0145 0145 0145 0145 0145 0145 0145 0145 0145 0145.
0145 0145 0145 0145 0145 0145 0145 0144 0144 0144 0144 0144
0144 0144 0144 0144 0144 0144 0144 0144 0144 0144 0144 0144=
0196 0196 0196 0196 0195 0195 0195 0195 0195 0195 0195 0195
0195 0195 0195 0195 0195 0195 0195 0195 0195 0195 0195 0195.
0195 0195 0195 0195 0195 0195 0195 0195 0195 0195 0195 0195
0195 0195 0195 0195 0195 0195 0195 0195 0195 0195 0195 0195.
0194 0194 0194 0194 0194 0194 0194 0194 0194 0194 0194 0194
0194 0194 0194 0194 0194 0194 0194 0194 0194 0194 0194 0194.
0194 0194 0194 0194 0194 0194 0194 0194 0194 0194 0194 0194
0194 0194 0194 0194 0194 0194 0194 0194 0194 0194 0194 0194.
0194 0193 0193 0193 0193 0193 0193 0193 0193 0193 0193 0193
0193 0193 0193 0193 0193 0193 0193 0193 0193 0193 0193 0193.
0193 0193 0193 0193 0193 0193 0193 0193 0193 0193 0193 0193
0193 0193 0193 0193 0193 0193 0193 0193 0193 0192 0192 0192.
0192 0192 0192 0192 0192 0192 0192 0192 0192 0192 0192 0192
0192 0192 0192 0192 0192 0192 0192 0192 0192 0192 0192 0192.
0192 0192 0192 0192 0192 0192 0192 0192 0192 0192 0192 0192
0192 0192 0192 0192 0192 0192 0192 0192 0191 0191 0191 0191.
0191 0191 0191 0191 0191 0191 0191 0191 0191 0191 0191 0191
0191 0191 0191 0191 0191 0191 0191 0191 0191 0191 0191 0191.
0191 0191 0191 0191 0191 0191 0191 0191 0191 0191 0191 0191
0191 0190 0190 0191 0191 0191 0191 0190 0190 0191 0190 0190.
0190 0190 0190 0190 0190 0190 0190 0190 0190 0190 0190 0190
0190 0190 0190 0190 0190 0190 0190 0190 0190 0190 0190 0190.
0190 0190 0190 0190 0190 0190 0190 0190 0190 0190 0190 0190
0190 0190 0190 0190 0189 0189 0189 0189 0189 0189 0189 0189.
0189 0189 0189 0189 0189 0189 0189 0189 0189 0189 0189 0189
0189 0189 0189 0189 0189 0189 0189 0189 0189 0189 0189 0189.
0189 0189 0189 0189 0189 0189 0189 0189 0189 0189 0189 0189
0189 0188 0189 0189 0189 0188 0188 0188 0188 0188 0188 0188.
0188 0188 0188 0188 0188 0188 0188 0188 0188 0188 0188 0188
0188 0188 0188 0188 0188 0188 0188 0188 0188 0188 0188 0188.
0188 0188 0188 0188 0188 0188 0188 0188 0188 0188 0188 0188
0188 0188 0187 0188 0188 0188 0188 0188 0188 0188 0188 0187.
0187 0187 0187 0187 0187 0187 0187 0187 0187 0187 0187 0187
0187 0187 0187 0187 0187 0187 0187 0187 0187 0187 0187 0187.
0187 0187 0187 0187 0187 0187 0187 0187 0187 0187 0187 0187
0187 0187 0187 0187 0187 0187 0187 0187 0187 0187 0186 0187.
0187 0186 0186 0186 0186 0186 0186 0186 0186 0186 0186 0186
0186 0186 0186 0186 0186 0186 0186 0186 0186 0186 0186 0186.
0186 0186 0186 0186 0186 0186 0186 0186 0186 0186 0186 0186
0186 0186 0186 0186 0186 0186 0186 0186 0186 0186 0186 0186.
0186 0185 0185 0185 0185 0185 0185 0185 0185 0185 0185 0185
0185 0185 0185 0185 0185 0185 0185 0185 0185 0185 0185 0185.
0185 0185 0185 0185 0185 0185 0185 0185 0185 0185 0185 0185
0185 0185 0185 0185 0185 0185 0185 0185 0185 0185 0185 0185.
0185 0185 0185 0184 0185 0184 0184 0184 0184 0184 0184 0184
0184 0184 0184 0184 0184 0184 0184 0184 0184 0184 0184 0184.
0184 0184 0184 0184 0184 0184 0184 0184 0184 0184 0184 0184
0184 0184 0184 0184 0184 0184 0184 0184 0184 0184 0184 0184.
0184 0184 0184 0184 0184 0184 0184 0184 0184 0184 0184 0184
0184 0184 0184 0184 0184 0184 0184 0184 0183 0183 0183 0183.
0183 0183 0183 0183 0183 0183 0183 0183 0183 0183 0183 0183
0183 0183 0183 0183 0183 0183 0183 0183 0183 0183 0183 0183.
0183 0183 0183 0183 0183 0183 0183 0183 0183 0183 0183 0183
0183 0183 0183 0183 0183 0183 0183 0183 0183 0183 0183 0182.
0182 0182 0182 0182 0182 0182 0182 0182 0182 0182 0182 0182
0182 0182 0182 0182 0182 0182 0182 0182 0182 0182 0182 0182.
0182 0182 0182 0182 0182 0182 0182 0182 0182 0182 0182 0182
0182 0182 0182 0182 0182 0182 0182 0182 0182 0182 0182 0182.
0182 0182 0182 0182 0182 0182 0181 0181 0181 0182 0181 0181
0182 0181 0181 0181 0181 0181 0181 0181 0181 0181 0181 0181.
0181 0181 0181 0181 0181 0181 0181 0181 0181 0181 0181 0181
0181 0181 0181 0181 0181 0181 0181 0181 0181 0181 0181 0181=
A=
SA=
BA
0065 0045 0063 0067 0041 0034 0024 0019 0009 -017 0004 0012
0077 0136 0160 0171 0196 0179 0158 0124 0081 0070 0065 0066 0204 1305 -026 0721.
0064 0061 0061 0059 0057 0055 0052 0051 0045 0043 0051 0056
0076 0093 0101 0100 0101 0096 0087 0081 0070 0063 0059 0007 0129 1128 0007 2000.
0021 0054 0039 -005 -002 -016 -018 -017 0010 -014 -025 -013
0063 0117 0156 0194 0203 0214 0195 0158 0101 0046 0029 0021 0219 1323 -027 0714.
0011 0013 0009 0036 0055 0039 0049 0015 0005 0006 0022 0050
0076 0096 0135 0188 0191 0200 0169 0152 0126 0108 0110 0107 0230 1317 -002 0543.
0106 0106 0104 0104 0097 0096 0097 0093 0092 0095 0098 0101
0115 0117 0122 0126 0129 0128 0128 0117 0112 0107 0098 0098 0134 1314 0089 0450.
0095 0094 0093 0089 0088 0096 0104 0055 0066 0066 0062 0045
0045 0054 0090 0102 0082 0082 0070 0078 0066 0057 0056 0053 0107 1154 0044 0840.
0051 0049 0047 0035 0032 0045 0044 0045 0045 0045 0044 0050
0075 0131 0164 0195 0211 0203 0184 0157 0105 0067 0045 0035 0218 1351 0001 0029.
0008 -003 0005 -003 -006 -004 0008 0001 0014 0000 -005 0019
0060 0134 0154 0183 0221 0178 0149 0128 0112 0096 0085 0085 0236 1248 -014 0611.
0070 0063 0052 0053 0050 0012 0022 0006 0040 0042 0042 0045
0073 0115 0181 0176 0173 0234 0193 0149 0127 0098 0081 0066 0236 1401 -001 0407.
0061 0054 0037 0033 0011 0011 0019 0007 0006 -002 -010 0006
0070 0135 0192 0221 0238 0271 0250 0208 0149 0101 0099 0081 0278 1347 -011 0551.
0078 0052 0035 0007 0004 0018 -002 0005 0028 0003 0005 -002
0096 0166 0184 0222 0185 0259 0209 0164 0158 0105 0090 0066 0261 1359 -013 0732.
0049 0052 0041 0059 0043 0045 0054 0060 0055 0058 0063 0067
0099 0121 0147 0164 0161 0175 0180 0139 0118 0104 0098 0093 0186 1447 0038 2303.
0085 0080 0082 0071 0070 0067 0064 0059 0056 0055 0053 0045
0089 0114 0145 0173 0197 0183 0183 0152 0109 0082 0061 0043 0199 1257 0040 0748.
0035 0059 0066 0048 0019 0034 0015 -005 -010 0018 0025 0041
0048 0061 0084 0105 0144 0159 0143 0125 0090 0052 0071 0036 0173 1322 -011 0510.
0018 0048 0032 0020 0043 0048 0044 0050 0050 0051 0053 0058
0068 0076 0080 0100 0106 0107 0117 0107 0092 0070 0065 0061 0126 1444 0014 2029.
0066 0073 0061 0056 0054 0055 0060 0056 0043 0039 0049 0020
0087 0126 0157 0192 0209 0214 0205 0149 0122 0085 0053 0053 0242 1317 0019 0529.
0016 0006 0011 0000 0024 -002 0002 0016 -013 -028 -019 -009
0057 0122 0177 0187 0207 0183 0220 0149 0106 0065 0049 0066 0228 1502 -031 0631.
0059 0065 0066 0065 0063 0043 0054 0046 0043 0037 0020 0019
0083 0146 0175 0229 0196 0203 0197 0171 0134 0084 0063 0054 0247 1332 0009 0748.
0049 0044 0026 0007 -006 0015 0019 -009 -006 0023 -010 0038
0066 0114 0157 0209 0175 0151 0151 0133 0122 0100 0093 0079 0216 1202 -015 0409.
0066 0065 0058 0070 0068 0065 0066 0068 0057 0058 0057 0061
0094 0127 0199 0232 0246 0259 0268 0201 0135 0097 0069 0063 0277 1415 0054 0619.
0037 0052 0025 0041 0021 0010 -002 0028 0012 -001 0003 0010
0077 0151 0200 0233 0238 0248 0225 0184 0144 0104 0079 0067 0250 1303 -009 0628.
0039 0020 -009 -017 -023 -020 -022 -030 -028 -015 -018 -011
0077 0138 0184 0218 0222 0233 0219 0196 0125 0078 0040 0014 0242 1337 -037 0521.
0011 0004 -001 -005 -017 -022 0012 0034 0037 0024 0021 0019
0078 0100 0118 0148 0162 0162 0138 0138 0115 0093 0089 0066 0183 1424 -025 0143.
0081 0079 0078 0075 0076 0078 0078 0076 0076 0068 0069 0076
0085 0086 0092 0093 0101 0097 0088 0092 0088 0086 0086 0083 0103 1314 0066 2001.
0081 0082 0080 0081 0081 0078 0075 0072 0071 0070 0069 0068
0072 0081 0079 0085 0089 0097 0103 0105 0085 0077 0079 0075 0120 1413 0068 0702.
0069 0063 0060 0062 0065 0063 0058 0059 0059 0061 0061 0059
0063 0064 0096 0089 0097 0139 0118 0113 0094 0084 0081 0081 0153 1350 0054 0312.
0071 0067 0065 0064 0064 0064 0064 0063 0063 0060 0057 0056
0056 0056 0052 0051 0049 0040 0038 0037 0035 0029 0021 0020 0082 2001 0019 1932.
0019 0017 0018 0013 0014 0011 0011 0008 0008 0005 0001 -001
-002 -001 -001 0005 0004 0005 0006 0006 0003 0001 0000 0000 0021 2001 -003 1914.
-002 -002 -004 -009 -002 -003 -010 -011 -013 -016 -014 -011
-007 -001 0010 0029 0048 0039 0029 0040 0029 0014 0013 0010 0049 1246 -016 0555.
0010 0012 0012 0011 0011 0008 0006 0007 0009 0010 0008 0017
0032 0049 0064 0072 0068 0072 0080 0068 0044 0036 0031 0029 0086 1451 0002 0231.
0026 0021 0022 0023 0022 0020 0019 0018 0018 0013 0017 0016
0029 0043 0040 0047 0052 0063 0056 0045 0033 0024 0019 0020 0063 1359 0012 0550=
=
??????
******
YF
19011










20150213=
JY
8888=
GK
01/
05/=
BZ
10/03/08;14;20

10/24/24
11/=
######
