57461 3042N 11118E 001331 001343 105 000 S14 11111999919199111991 0 2014 03
PC
0056 0063 0070 0067 0072 0070 0061 0061 0060 0071 0074 0085
0095 0094 0092 0090 0082 0071 0059 0057 0059 0064 0070 0080 0095 0855 0047 2001.
0088 0093 0092 0093 0088 0084 0081 0072 0064 0065 0070 0076
0083 0085 0085 0082 0075 0065 0057 0054 0056 0058 0065 0074 0094 2201 0054 1557.
0080 0086 0082 0078 0077 0072 0067 0057 0051 0047 0050 0055
0059 0061 0055 0048 0039 0030 0024 0023 0025 0035 0044 0051 0086 2155 0022 1452.
0060 0067 0064 0063 0064 0066 0065 0067 0058 0065 0075 0084
0089 0092 0089 0082 0073 0062 0055 0052 0053 0059 0071 0082 0094 1014 0051 2001.
0089 0093 0095 0093 0091 0084 0079 0072 0072 0076 0081 0082
0088 0093 0088 0081 0074 0064 0053 0047 0049 0051 0057 0062 0095 2223 0047 1559.
0066 0068 0060 0057 0057 0053 0047 0048 0049 0061 0072 0082
0091 0099 0098 0096 0092 0088 0085 0084 0087 0095 0102 0114 0114 2000 0044 0405.
0120 0123 0123 0116 0115 0116 0115 0102 0099 0106 0109 0118
0122 0127 0125 0115 0102 0089 0079 0075 0074 0079 0084 0093 0129 1015 0074 1657.
0098 0102 0103 0100 0098 0093 0089 0089 0088 0084 0095 0100
0104 0100 0094 0088 0075 0065 0058 0055 0058 0065 0075 0086 0105 0903 0055 1546.
0099 0105 0108 0107 0106 0105 0099 0092 0092 0097 0104 0113
0116 0117 0110 0103 0091 0076 0065 0057 0056 0062 0073 0083 0118 0941 0055 1623.
0091 0097 0098 0096 0091 0087 0083 0077 0073 0082 0080 0088
0097 0095 0089 0080 0066 0051 0040 0035 0033 0038 0045 0052 0100 2239 0033 1647.
0058 0061 0061 0061 0056 0048 0039 0031 0028 0029 0032 0034
0033 0028 0023 0015 0002 9990 9980 9973 9972 9977 9983 9988 0063 2311 9971 1607.
9995 9998 9999 9995 9991 9983 9979 9977 9982 9988 9996 0006
0014 0020 0018 0015 0012 0008 0009 0010 0021 0035 0052 0067 0067 2000 9977 0317.
0080 0091 0098 0104 0105 0101 0095 0095 0098 0106 0113 0121
0127 0135 0131 0121 0109 0097 0086 0084 0084 0087 0094 0103 0135 0955 0067 2001.
0112 0117 0115 0115 0110 0105 0099 0096 0096 0099 0102 0106
0112 0115 0104 0097 0087 0072 0063 0056 0051 0054 0057 0060 0118 2135 0051 1658.
0064 0065 0064 0064 0060 0055 0047 0041 0040 0041 0043 0046
0051 0052 0048 0038 0029 0013 0006 0003 0002 0005 0013 0022 0066 2212 0002 1551.
0028 0032 0030 0025 0027 0021 0015 0009 0007 0009 0013 0018
0024 0027 0022 0014 0004 9995 9986 9979 9977 9980 9985 9990 0033 2153 9976 1634.
9998 0001 0001 9998 9996 9990 9985 9979 9979 9984 9988 9994
9995 9991 9988 9977 9965 9953 9942 9935 9936 9940 9949 9956 0002 2230 9935 1558.
9964 9969 9974 9971 9968 9964 9962 9960 9962 9966 9973 9976
9980 9982 9981 9973 9965 9952 9942 9942 9944 9952 9957 9967 9982 0930 9941 1513.
9978 9982 9978 9976 9975 9973 9968 9961 9960 9969 9976 9989
9999 0004 0004 0002 0000 9999 9999 0003 0008 0016 0026 0037 0037 1957 9960 0439.
0052 0065 0072 0076 0080 0090 0090 0093 0101 0120 0136 0144
0157 0167 0164 0159 0150 0142 0132 0126 0123 0124 0126 0129 0169 1008 0037 2001.
0131 0133 0134 0129 0124 0120 0114 0111 0112 0113 0118 0122
0128 0129 0126 0119 0106 0095 0084 0078 0072 0070 0069 0072 0135 2221 0069 1802.
0078 0081 0079 0077 0074 0073 0066 0060 0055 0058 0061 0065
0069 0074 0073 0068 0058 0049 0042 0036 0036 0038 0043 0051 0081 2130 0034 1618.
0057 0060 0065 0064 0061 0057 0052 0047 0049 0055 0063 0070
0075 0079 0073 0069 0059 0049 0046 0044 0043 0049 0052 0054 0079 0954 0041 1530.
0059 0061 0058 0053 0050 0045 0036 0029 0029 0031 0032 0036
0038 0038 0034 0023 0012 0000 9995 9989 9989 9988 9990 9992 0061 2150 9987 1623.
9998 9995 9994 9988 9979 9978 9969 9963 9963 9964 9967 9974
9978 9980 9974 9963 9953 9941 9931 9926 9927 9935 9944 9955 0000 2118 9926 1554.
9963 9969 9971 9971 9970 9969 9965 9962 9965 9969 9975 9980
9983 9983 9980 9972 9962 9950 9941 9937 9937 9941 9947 9955 9983 0847 9936 1615.
9964 9965 9967 9967 9961 9960 9955 9954 9955 9959 9962 9966
9971 9971 9966 9955 9943 9933 9926 9917 9913 9914 9920 9928 9972 0914 9913 1650.
9933 9934 9938 9932 9930 9926 9922 9920 9919 9922 9926 9931
9938 9941 9937 9931 9922 9907 9905 9900 9900 9903 9907 9915 9941 0835 9898 1704.
9921 9931 9941 9936 9932 9930 9928 9928 9933 9935 9945 9963
9971 9978 9976 9971 9965 9956 9944 9941 9939 9942 9951 9961 9978 0954 9915 2001.
9972 9976 9979 9981 9978 9969 9965 9956 9959 9966 9963 9971
9978 9978 9976 9969 9963 9959 9953 9952 9954 9955 9957 9967 9981 2323 9951 1546.
9975 9982 9984 9982 9975 9984 9978 9982 9985 9984 9989 9992
9997 9999 9999 9994 9988 9975 9964 9962 9963 9968 9980 9989 0000 1010 9960 1544=
0236 0252 0237 0246
0250 0241 0230 0240
0238 0221 0195 0217
0232 0250 0226 0246
0247 0246 0228 0227
0217 0247 0253 0280
0282 0284 0255 0259
0259 0266 0229 0251
0269 0279 0239 0248
0250 0252 0214 0216
0210 0197 0152 0151
0145 0168 0169 0230
0264 0286 0260 0267
0269 0271 0233 0223
0216 0209 0174 0184
0181 0180 0155 0151
0150 0155 0110 0114
0120 0134 0109 0126
0131 0148 0158 0198
0252 0307 0305 0293
0284 0287 0258 0235
0236 0228 0212 0214
0219 0232 0210 0216
0206 0198 0161 0154
0138 0135 0098 0114
0126 0138 0106 0112
0116 0124 0089 0085
0081 0087 0063 0072
0086 0121 0111 0118
0125 0128 0117 0125
0142 0151 0132 0147=
TB
0068 0068 0068 0066 0066 0066 0064 0063 0061 0060 0057 0059
0062 0064 0067 0072 0076 0084 0092 0097 0099 0097 0095 0093 0101 1607 0056 0728.
0090 0087 0084 0082 0077 0075 0075 0072 0071 0069 0072 0073
0081 0084 0087 0091 0094 0092 0095 0097 0095 0092 0088 0083 0097 1505 0068 0602.
0077 0074 0073 0072 0071 0070 0068 0067 0068 0066 0063 0065
0066 0071 0076 0084 0090 0088 0088 0088 0087 0086 0082 0081 0093 1340 0062 0655.
0080 0081 0080 0075 0070 0069 0071 0072 0068 0066 0066 0071
0077 0086 0099 0118 0133 0148 0154 0155 0153 0146 0138 0133 0159 1508 0064 0551.
0128 0122 0118 0113 0106 0097 0091 0084 0086 0083 0082 0086
0092 0097 0100 0103 0103 0104 0111 0108 0106 0105 0101 0102 0133 2001 0081 0633.
0099 0099 0093 0093 0093 0089 0084 0086 0084 0082 0081 0083
0086 0089 0091 0097 0090 0090 0090 0091 0090 0090 0088 0087 0102 2001 0081 0613.
0083 0078 0078 0077 0075 0077 0077 0076 0070 0069 0068 0069
0069 0068 0072 0077 0078 0079 0080 0081 0082 0081 0080 0079 0088 2020 0067 0520.
0076 0075 0075 0073 0071 0068 0068 0067 0067 0064 0064 0068
0077 0101 0115 0129 0138 0145 0150 0147 0134 0128 0122 0119 0156 1415 0061 0624.
0111 0102 0095 0083 0074 0073 0068 0064 0063 0063 0059 0065
0083 0106 0138 0153 0173 0181 0177 0184 0171 0158 0145 0135 0187 1552 0057 0707.
0125 0110 0100 0086 0081 0078 0073 0073 0071 0071 0066 0081
0090 0109 0134 0149 0165 0173 0177 0179 0168 0159 0148 0136 0185 1513 0064 0648.
0125 0119 0112 0108 0096 0090 0083 0079 0075 0072 0070 0078
0091 0099 0107 0116 0130 0135 0134 0140 0141 0136 0133 0127 0146 1614 0069 0640.
0123 0119 0114 0113 0113 0111 0104 0104 0103 0101 0097 0103
0112 0121 0143 0163 0173 0175 0171 0171 0165 0150 0138 0128 0180 1335 0097 0700.
0121 0114 0111 0109 0107 0105 0103 0101 0098 0096 0093 0093
0100 0107 0121 0131 0142 0148 0150 0144 0139 0133 0129 0123 0156 1457 0091 0715.
0116 0111 0107 0095 0089 0085 0083 0077 0077 0076 0072 0081
0104 0132 0161 0186 0198 0217 0213 0213 0206 0189 0175 0153 0223 1454 0071 0639.
0147 0131 0114 0107 0100 0090 0083 0079 0076 0072 0070 0086
0113 0135 0162 0192 0199 0209 0205 0204 0205 0194 0180 0168 0215 1408 0069 0701.
0155 0142 0130 0124 0116 0110 0103 0098 0093 0091 0091 0099
0125 0156 0178 0205 0222 0202 0208 0216 0211 0204 0188 0172 0223 1259 0089 0640.
0160 0154 0140 0136 0127 0120 0114 0107 0105 0102 0099 0118
0148 0183 0206 0236 0261 0276 0281 0281 0276 0260 0239 0226 0285 1436 0099 0643.
0216 0209 0192 0184 0179 0172 0162 0158 0152 0150 0151 0159
0168 0175 0181 0203 0215 0222 0228 0221 0211 0199 0191 0185 0231 1514 0148 0611.
0180 0179 0175 0172 0172 0167 0167 0163 0162 0161 0159 0158
0154 0153 0157 0162 0163 0166 0165 0166 0164 0162 0161 0158 0185 2001 0152 1002.
0156 0151 0148 0147 0144 0142 0140 0135 0133 0136 0130 0125
0128 0131 0133 0132 0135 0137 0140 0148 0147 0139 0126 0121 0159 2001 0120 1946.
0111 0104 0101 0097 0097 0091 0089 0088 0089 0086 0090 0100
0114 0134 0140 0145 0156 0174 0178 0176 0172 0165 0155 0149 0186 1430 0085 0444.
0140 0120 0114 0098 0093 0083 0078 0071 0076 0076 0072 0087
0103 0121 0132 0152 0166 0167 0179 0183 0180 0173 0160 0151 0185 1542 0069 0647.
0142 0133 0133 0131 0126 0124 0120 0122 0119 0118 0118 0123
0132 0144 0161 0166 0183 0187 0181 0144 0150 0149 0147 0144 0188 1318 0115 0639.
0143 0142 0140 0133 0124 0118 0112 0110 0109 0111 0111 0117
0125 0135 0148 0161 0166 0164 0152 0154 0150 0144 0141 0138 0168 1307 0108 0428.
0137 0135 0133 0132 0128 0128 0124 0124 0122 0121 0119 0127
0155 0187 0222 0239 0249 0261 0263 0259 0261 0235 0221 0207 0267 1446 0118 0639.
0204 0184 0176 0171 0169 0159 0156 0156 0151 0148 0143 0162
0189 0221 0240 0265 0267 0281 0288 0282 0275 0259 0241 0223 0290 1512 0142 0654.
0213 0204 0195 0183 0177 0170 0163 0156 0154 0149 0147 0161
0182 0211 0227 0249 0255 0256 0265 0258 0257 0248 0240 0232 0265 1458 0147 0642.
0222 0212 0210 0202 0193 0186 0186 0177 0175 0178 0180 0183
0183 0191 0205 0217 0224 0228 0224 0221 0212 0208 0199 0192 0232 2001 0174 0444.
0189 0188 0186 0182 0180 0178 0176 0172 0167 0162 0159 0168
0192 0222 0252 0269 0275 0282 0286 0281 0275 0261 0244 0234 0288 1458 0158 0632.
0216 0206 0200 0191 0182 0179 0174 0175 0170 0169 0168 0179
0187 0189 0194 0199 0197 0194 0183 0174 0177 0177 0176 0173 0234 2001 0165 0624.
0171 0169 0170 0169 0167 0167 0163 0162 0158 0157 0156 0165
0182 0203 0222 0232 0240 0244 0248 0244 0240 0229 0217 0205 0259 1450 0155 0633=
IB
=
0056 0050 0051 0052 0048 0044 0039 0041 0043 0045 0045 0042
0040 0044 0044 0047 0047 0050 0052 0053 0043 0047 0051 0051.
0054 0047 0044 0048 0045 0050 0060 0055 0060 0051 0053 0062
0056 0046 0037 0043 0044 0052 0055 0055 0049 0046 0052 0047.
0050 0050 0051 0050 0051 0045 0050 0044 0043 0049 0049 0051
0048 0044 0046 0040 0040 0042 0040 0044 0043 0038 0040 0045.
0049 0050 0051 0050 0048 0046 0048 0055 0053 0052 0054 0059
0060 0053 0055 0057 0052 0053 0042 0042 0034 0040 0044 0047.
0050 0058 0059 0062 0062 0066 0062 0062 0061 0059 0063 0061
0056 0068 0056 0057 0053 0062 0052 0049 0041 0040 0040 0046.
0057 0057 0060 0062 0060 0058 0069 0072 0073 0068 0067 0075
0078 0081 0082 0064 0061 0070 0068 0057 0056 0059 0061 0054.
0066 0064 0067 0065 0063 0066 0065 0067 0061 0060 0053 0042
0044 0036 0033 0032 0033 0036 0035 0032 0031 0023 0027 0034.
0036 0022 0026 0035 0041 0046 0045 0035 0040 0039 0039 0046
0037 0029 0017 0030 0027 0027 0032 0026 0035 0035 0037 0039.
0036 0044 0041 0051 0040 0049 0048 0047 0040 0049 0037 0050
0054 0049 0049 0038 0021 0016 0004 -014 0007 0015 0030 0041.
0040 0047 0052 0048 0045 0040 0044 0046 0049 0046 0046 0050
0044 0039 0048 0049 0042 0032 0008 0038 0048 0058 0056 0057.
0065 0066 0065 0067 0060 0061 0061 0055 0058 0052 0056 0066
0057 0064 0066 0067 0068 0059 0065 0059 0065 0069 0069 0084.
0084 0086 0086 0082 0089 0090 0076 0082 0075 0084 0078 0081
0075 0086 0083 0083 0087 0086 0085 0085 0061 0050 0041 0032.
0038 0039 0034 0039 0037 0033 0038 0034 0026 0029 0015 0019
0019 0020 0020 0021 0021 0027 0025 0023 0019 0028 0027 0030.
0036 0032 0040 0043 0047 0041 0045 0045 0048 0035 0038 0052
0052 0046 0051 0051 0026 -079 -073 -047 -031 -021 -038 -017.
-014 0002 0016 0020 0019 0012 0023 0028 0021 0019 0021 0028
0028 0024 0029 0030 0036 0040 0037 0040 0057 0055 0052 0057.
0060 0053 0064 0065 0065 0066 0057 0062 0066 0058 0062 0062
0070 0069 0075 0075 0076 0082 0081 0085 0084 0078 0073 0094.
0097 0086 0088 0087 0090 0090 0090 0086 0086 0078 0083 0090
0085 0094 0092 0077 0067 0052 0074 0074 0094 0128 0143 0147.
0147 0143 0134 0128 0132 0131 0131 0129 0129 0130 0131 0132
0133 0130 0138 0140 0139 0146 0146 0155 0152 0140 0139 0120.
0116 0115 0113 0110 0115 0125 0132 0123 0126 0121 0104 0090
0077 0078 0089 0089 0083 0073 0077 0073 0071 0072 0073 0081.
0079 0079 0078 0068 0079 0079 0075 0079 0084 0037 0028 0018
0005 -028 -030 -027 -002 0004 -004 -013 -027 -009 0000 -001.
0005 0012 0025 0028 0030 0027 0035 0028 0031 0034 0032 0031
0037 0035 0016 0007 -006 -045 -068 -038 -025 -025 -015 0000.
-001 0004 -001 0017 0017 0021 0023 0018 0023 0023 0029 0023
0022 0023 0024 0006 0015 0012 0005 -010 -003 0009 0031 0045.
0050 0057 0059 0062 0060 0067 0065 0065 0068 0077 0073 0068
0072 0075 0065 0064 0055 0059 0066 0098 0102 0101 0107 0106.
0099 0098 0104 0103 0105 0100 0091 0096 0095 0095 0094 0098
0095 0101 0102 0104 0100 0098 0118 0123 0121 0117 0123 0117.
0123 0124 0117 0123 0120 0120 0111 0116 0116 0115 0113 0121
0121 0115 0113 0095 0080 0086 0101 0093 0090 0106 0106 0121.
0124 0110 0119 0105 0101 0093 0091 0093 0092 0090 0095 0096
0088 0100 0096 0094 0100 0099 0100 0125 0127 0131 0139 0139.
0145 0147 0145 0138 0138 0131 0136 0134 0129 0128 0131 0134
0133 0145 0151 0155 0155 0150 0136 0146 0154 0162 0165 0163.
0167 0170 0172 0168 0169 0164 0164 0153 0160 0152 0160 0159
0166 0167 0169 0171 0169 0170 0171 0170 0168 0168 0177 0179.
0179 0173 0176 0167 0170 0167 0166 0162 0151 0147 0144 0158
0151 0151 0134 0088 0063 0074 0067 0079 0084 0099 0099 0105.
0104 0110 0118 0121 0118 0119 0114 0118 0119 0118 0113 0126
0120 0119 0119 0117 0120 0131 0142 0139 0144 0140 0133 0138.
0136 0126 0127 0116 0116 0116 0115 0122 0110 0117 0118 0112
0103 0083 0052 0056 0058 0052 0051 0057 0044 0034 0034 0041=
EA
091 087 088 089 086 084 081 082 083 084 084 083
081 084 083 085 086 087 088 089 083 085 088 088.
089 085 084 086 084 087 093 090 094 088 089 095
091 085 080 083 084 088 090 090 087 085 088 085.
087 087 088 087 088 084 087 083 083 087 087 088
086 084 084 082 081 083 081 084 083 080 082 084.
087 087 088 087 086 085 086 090 089 089 090 093
093 089 090 091 089 089 082 083 078 081 084 085.
087 092 093 095 095 097 095 095 094 093 096 094
091 099 091 091 089 095 088 087 082 081 082 085.
091 091 094 095 094 092 099 102 102 099 098 104
106 108 109 096 094 100 099 091 091 093 094 090.
097 096 098 097 095 098 097 098 094 093 089 083
084 079 077 077 077 079 078 077 076 072 074 078.
079 071 074 079 082 085 084 078 081 081 081 085
080 075 069 076 074 074 077 074 078 078 080 081.
079 083 082 088 081 087 086 086 081 087 080 087
090 087 087 080 071 069 063 055 064 068 076 082.
081 085 088 086 084 081 084 085 087 085 085 087
084 081 086 086 083 077 065 080 086 092 091 092.
097 097 097 098 093 094 094 091 092 088 091 097
091 096 098 098 099 093 097 093 096 100 099 110.
110 111 112 108 114 115 105 108 104 110 106 108
104 111 109 109 112 112 111 111 094 087 082 077.
080 081 078 081 080 077 080 078 074 075 068 070
070 071 071 071 071 074 073 072 070 075 074 076.
079 077 081 083 085 082 084 084 086 078 080 089
088 085 088 088 074 034 035 043 049 052 046 054.
055 062 069 071 070 067 072 075 071 070 071 075
075 073 075 076 079 082 080 081 092 090 089 092.
093 089 096 096 097 097 091 094 097 092 095 095
100 099 104 104 104 109 108 111 110 105 102 118.
120 112 113 112 114 115 115 112 112 106 110 115
111 118 116 105 098 089 103 103 118 148 163 167.
168 163 153 148 152 151 151 149 148 150 151 152
153 150 158 160 159 166 166 175 173 160 159 140.
136 135 134 131 135 144 152 143 145 141 126 115
105 106 114 114 109 102 105 102 101 101 102 108.
106 106 106 099 107 107 104 107 110 079 075 070
064 050 049 050 060 063 059 056 050 057 061 061.
063 067 073 075 076 074 079 075 076 078 077 076
079 078 069 064 058 044 037 046 051 051 055 061.
061 063 061 069 069 071 072 070 072 072 075 072
071 072 073 064 068 067 064 057 060 065 076 084.
087 092 093 095 093 098 097 097 099 105 102 099
102 103 097 096 090 093 098 121 124 124 129 128.
122 121 126 125 127 123 116 119 119 119 118 121
119 124 124 126 123 121 138 143 141 138 143 137.
143 144 137 143 140 140 132 137 136 135 134 141
141 136 134 119 107 112 123 117 115 127 128 142.
144 131 139 127 123 117 115 117 117 114 119 120
113 122 119 118 123 122 123 145 147 150 159 159.
165 168 165 158 158 151 156 154 149 147 150 154
152 165 171 176 176 171 156 166 175 185 188 185.
190 194 196 192 192 186 186 174 182 173 182 181
189 190 193 195 192 194 195 194 191 192 202 205.
205 197 201 190 194 189 189 184 171 167 164 180
171 171 154 113 095 103 098 106 110 122 122 127.
126 131 138 141 138 139 135 138 139 139 134 146
140 140 140 137 140 151 162 159 164 160 153 158.
156 146 147 137 137 137 135 142 131 137 138 133
125 110 088 091 092 089 088 092 084 078 078 082=
UB
92 88 89 91 88 86 84 86 88 90 92 89
86 87 85 84 82 79 76 74 68 71 74 75 67 1659.
78 76 76 79 80 84 90 89 93 88 88 93
84 77 71 72 71 76 76 75 73 73 78 78 69 1058.
83 85 86 86 87 84 88 85 84 89 91 91
88 83 81 74 71 73 72 74 74 72 75 78 69 1342.
81 81 82 84 86 85 85 89 90 91 92 92
89 80 74 66 58 53 47 47 45 49 53 56 44 1510.
59 65 67 71 74 81 82 86 84 85 88 84
78 82 74 73 71 75 67 67 64 64 66 68 54 2002.
75 75 80 81 80 81 90 91 93 91 91 95
95 95 94 80 82 87 86 79 79 81 83 80 67 2003.
89 91 93 92 92 93 92 94 94 94 90 83
84 80 76 73 73 74 73 71 70 67 69 73 65 1747.
76 69 71 77 81 86 85 80 83 84 84 86
76 61 51 51 47 45 45 44 51 53 56 58 41 1419.
60 67 69 80 79 85 87 89 85 91 86 90
82 68 55 46 36 33 31 26 33 38 46 53 25 1559.
56 65 72 77 78 77 82 83 86 84 87 81
73 62 56 51 44 39 32 39 45 51 54 59 30 1452.
67 70 73 76 78 82 86 85 89 87 91 92
79 79 76 72 66 60 63 58 60 64 65 75 57 2003.
77 80 83 81 85 87 83 86 83 89 88 86
78 79 67 59 57 56 57 57 50 51 52 52 48 1626.
57 60 59 62 62 61 64 63 61 63 58 60
57 55 50 47 44 44 43 44 44 49 50 53 41 1408.
58 58 63 70 75 74 77 80 82 75 79 82
70 56 48 41 32 13 14 17 20 24 23 31 10 1409.
33 41 51 55 57 58 66 70 68 69 71 67
56 47 41 34 34 33 33 34 38 40 43 48 30 2002.
53 55 64 67 71 74 73 78 83 80 82 78
69 56 51 43 39 46 44 43 44 44 47 60 38 1241.
66 64 71 72 78 82 85 87 88 85 90 83
66 56 48 36 29 24 27 27 32 44 55 61 22 1405.
65 66 69 70 74 77 82 83 86 88 88 84
80 75 76 67 62 62 60 66 69 69 72 66 57 1516.
66 66 67 67 69 76 80 77 79 77 70 64
60 61 64 62 59 54 56 54 54 55 56 60 52 1546.
60 62 63 59 65 66 65 69 72 51 50 48
43 33 32 33 39 40 37 33 30 36 42 43 27 1627.
48 53 59 62 63 64 69 66 67 70 67 62
59 51 43 39 33 22 18 23 26 27 31 36 17 1458.
38 45 45 57 59 65 68 69 69 69 74 64
57 51 48 37 36 35 31 27 29 33 42 49 26 1550.
54 60 61 63 64 68 69 68 71 76 74 69
67 63 53 51 43 43 47 74 73 73 77 78 40 1327.
75 75 79 82 88 89 87 91 91 90 89 88
82 80 74 69 65 65 80 82 83 84 89 87 63 1236.
91 93 90 94 95 95 92 95 96 96 96 96
80 63 50 40 34 33 36 35 34 44 48 58 32 1334.
60 62 69 65 64 65 65 66 68 68 73 65
52 46 40 34 35 32 31 38 40 45 53 59 29 1359.
65 70 73 75 78 78 84 87 85 87 90 84
73 66 62 56 54 52 45 50 53 59 63 65 44 1451.
71 77 79 81 86 87 87 86 91 85 88 86
90 86 80 75 71 70 72 73 76 78 87 92 65 2001.
94 91 94 91 94 93 94 94 90 91 91 94
77 64 48 32 26 27 25 28 30 36 40 44 24 1403.
49 54 59 64 66 68 68 69 72 72 70 71
65 64 62 59 61 67 77 80 81 79 76 80 43 2002.
80 76 76 71 72 72 73 77 73 77 78 71
60 46 33 32 31 29 28 30 28 28 30 34 26 1644=
N=
H=
C=
V=
R6
0009 0001 0010
0000 0000 0000
0000 0000 0000
0000 0000 0000
0000 0000 0000
0070 0013 0083
0010 0000 0010
0000 0000 0000
0000 0000 0000
0000 0000 0000
0000 0000 0000
0000 0000 0000
0000 0000 0000
0000 0000 0000
0000 0000 0000
0000 0000 0000
0000 0000 0000
0000 0000 0000
0000 0000 0000
0000 0000 0000
0000 0000 0000
0000 0000 0000
0000 0000 0000
0000 0000 0000
0002 0000 0002
0000 0000 0000
0000 0000 0000
0000 0000 0000
0015 0000 0015
0000 0004 0004
0000 0000 0000=
0000 0000 0000 0000 0000 0000 0000 0000 0001 0002 0006 0000
0001 0000 0000 0000 0000 0000 0000 0000 0000 0000 0000 0000.
0000 0000 0000 0000 0000 0000 0000 0000 0000 0000 0000 0000
0000 0000 0000 0000 0000 0000 0000 0000 0000 0000 0000 0000.
0000 0000 0000 0000 0000 0000 0000 0000 0000 0000 0000 0000
0000 0000 0000 0000 0000 0000 0000 0000 0000 0000 0000 0000.
0000 0000 0000 0000 0000 0000 0000 0000 0000 0000 0000 0000
0000 0000 0000 0000 0000 0000 0000 0000 0000 0000 0000 0000.
0000 0000 0000 0000 0000 0000 0000 0000 0000 0000 0000 0000
0000 0000 0000 0000 0000 0000 0000 0000 0000 0000 0000 0000.
0000 0000 0000 0000 0000 0000 0000 0000 0011 0025 0018 0016
0005 0003 0003 0002 0000 0000 0000 0000 0000 0000 0000 0000.
0000 0000 0000 0000 0000 0000 0001 0006 0002 0001 0000 0000
0000 0000 0000 0000 0000 0000 0000 0000 0000 0000 0000 0000.
0000 0000 0000 0000 0000 0000 0000 0000 0000 0000 0000 0000
0000 0000 0000 0000 0000 0000 0000 0000 0000 0000 0000 0000.
0000 0000 0000 0000 0000 0000 0000 0000 0000 0000 0000 0000
0000 0000 0000 0000 0000 0000 0000 0000 0000 0000 0000 0000.
0000 0000 0000 0000 0000 0000 0000 0000 0000 0000 0000 0000
0000 0000 0000 0000 0000 0000 0000 0000 0000 0000 0000 0000.
0000 0000 0000 0000 0000 0000 0000 0000 0000 0000 0000 0000
0000 0000 0000 0000 0000 0000 0000 0000 0000 0000 0000 0000.
0000 0000 0000 0000 0000 0000 0000 0000 0000 0000 0000 0000
0000 0000 0000 0000 0000 0000 0000 0000 0000 0000 0000 0000.
0000 0000 0000 0000 0000 0000 0000 0000 0000 0000 0000 0000
0000 0000 0000 0000 0000 0000 0000 0000 0000 0000 0000 0000.
0000 0000 0000 0000 0000 0000 0000 0000 0000 0000 0000 0000
0000 0000 0000 0000 0000 0000 0000 0000 0000 0000 0000 0000.
0000 0000 0000 0000 0000 0000 0000 0000 0000 0000 0000 0000
0000 0000 0000 0000 0000 0000 0000 0000 0000 0000 0000 0000.
0000 0000 0000 0000 0000 0000 0000 0000 0000 0000 0000 0000
0000 0000 0000 0000 0000 0000 0000 0000 0000 0000 0000 0000.
0000 0000 0000 0000 0000 0000 0000 0000 0000 0000 0000 0000
0000 0000 0000 0000 0000 0000 0000 0000 0000 0000 0000 0000.
0000 0000 0000 0000 0000 0000 0000 0000 0000 0000 0000 0000
0000 0000 0000 0000 0000 0000 0000 0000 0000 0000 0000 0000.
0000 0000 0000 0000 0000 0000 0000 0000 0000 0000 0000 0000
0000 0000 0000 0000 0000 0000 0000 0000 0000 0000 0000 0000.
0000 0000 0000 0000 0000 0000 0000 0000 0000 0000 0000 0000
0000 0000 0000 0000 0000 0000 0000 0000 0000 0000 0000 0000.
0000 0000 0000 0000 0000 0000 0000 0000 0000 0000 0000 0000
0000 0000 0000 0000 0000 0000 0000 0000 0000 0000 0000 0000.
0000 0000 0000 0000 0000 0000 0000 0000 0000 0000 0000 0000
0000 0000 0000 0000 0000 0000 0000 0000 0000 0000 0000 0000.
0000 0000 0000 0000 0000 0000 0000 0000 0000 0000 0000 0000
0000 0000 0000 0000 0000 0000 0000 0000 0000 0000 0000 0000.
0000 0000 0000 0000 0000 0000 0000 0000 0000 0000 0000 0000
0000 0000 0000 0000 0000 0000 0000 0000 0000 0000 0000 0000.
0001 0001 0000 0000 0000 0000 0000 0000 0000 0000 0000 0000
0000 0000 0000 0000 0000 0000 0000 0000 0000 0000 0000 0000.
0000 0000 0000 0000 0000 0000 0000 0000 0000 0000 0000 0000
0000 0000 0000 0000 0000 0000 0000 0000 0000 0000 0000 0000.
0000 0000 0000 0000 0000 0000 0000 0000 0000 0000 0000 0000
0000 0000 0000 0000 0000 0000 0000 0000 0000 0000 0000 0000.
0000 0000 0000 0000 0000 0000 0000 0000 0000 0000 0000 0000
0000 0000 0000 0000 0000 0000 0000 0000 0000 0000 0000 0000.
0003 0005 0000 0006 0000 0000 0000 0000 0001 0000 0000 0000
0000 0000 0000 0000 0000 0000 0000 0000 0000 0000 0000 0000.
0000 0000 0000 0000 0000 0000 0000 0000 0000 0000 0000 0000
0000 0000 0000 0000 0000 0000 0000 0004 0000 0000 0000 0000.
0000 0000 0000 0000 0000 0000 0000 0000 0000 0000 0000 0000
0000 0000 0000 0000 0000 0000 0000 0000 0000 0000 0000 0000=
0000 ////////// 00000=
W=
LA
=
000 001 000 000 001 000 000 001 000 000 000 001
001 000 002 000 001 000 000 001 001 000 000 002 012.
000 000 001 000 000 001 000 001 000 000 000 001
000 001 000 000 000 001 001 000 001 000 000 001 009.
000 000 001 000 000 001 000 000 001 000 000 001
000 000 001 001 000 001 000 001 000 001 000 001 010.
000 000 000 000 000 001 000 001 000 000 000 001
000 001 000 001 001 001 002 002 000 002 000 000 013.
001 000 000 001 001 000 000 000 000 000 000 000
001 000 001 000 000 000 000 000 001 000 000 001 007.
000 000 000 000 001 000 000 000 000 003 000 001
001 000 000 001 000 000 000 000 000 001 000 001 009.
000 001 000 000 000 000 000 000 000 000 000 001
000 000 000 001 001 000 002 000 000 000 001 000 007.
000 001 001 000 000 000 001 000 001 000 000 000
001 000 002 001 003 001 002 002 002 001 001 001 021.
000 000 002 000 000 000 000 001 000 000 001 000
001 000 002 002 003 001 002 004 003 002 000 002 026.
000 001 000 000 000 002 000 000 001 000 000 000
001 001 001 002 002 002 002 002 002 001 002 000 022.
001 001 000 000 001 000 001 000 000 001 000 001
001 000 001 000 001 000 002 001 000 002 000 000 014.
000 000 000 001 001 000 000 001 000 000 000 000
001 000 000 001 003 000 000 001 001 002 001 000 013.
002 001 001 001 000 000 002 000 001 000 001 001
000 002 001 002 002 003 002 002 002 001 002 001 030.
000 002 000 000 002 001 000 000 001 000 001 000
000 001 002 002 001 005 003 004 002 004 002 001 034.
001 001 001 000 001 000 000 000 001 001 000 000
000 003 002 001 004 001 003 003 002 003 001 001 030.
000 001 000 000 002 000 000 001 000 000 002 000
002 001 001 002 002 003 002 002 003 002 002 000 028.
001 001 000 000 001 000 000 001 001 000 000 000
001 001 002 002 001 003 002 004 003 003 000 002 029.
000 001 001 000 000 001 001 000 000 000 000 001
000 001 000 000 002 000 001 001 000 002 001 001 014.
001 000 001 000 002 000 000 000 001 000 000 003
001 002 000 001 000 001 002 001 001 000 001 001 019.
000 001 001 001 000 001 000 001 000 000 002 001
001 002 000 003 002 000 001 002 002 001 001 000 023.
000 001 001 001 000 001 000 000 002 000 000 001
000 002 001 001 003 002 003 001 003 001 001 002 027.
000 000 001 001 001 000 001 000 001 001 000 000
002 001 001 001 002 002 001 001 001 002 001 001 022.
001 000 000 002 000 000 001 000 001 000 000 000
001 001 001 001 001 002 003 000 000 002 001 000 018.
000 000 001 000 001 000 000 001 000 000 000 000
001 000 000 002 001 001 000 000 000 000 000 000 008.
000 000 002 000 000 000 002 000 000 000 000 000
000 001 002 001 002 003 002 003 002 004 001 002 027.
000 000 001 001 000 001 002 000 000 002 000 000
002 000 002 000 003 003 003 004 003 003 001 002 033.
000 001 001 000 001 000 001 000 001 000 000 000
000 001 001 001 000 005 003 003 002 002 002 000 025.
001 002 000 000 001 000 000 001 000 000 000 000
000 000 001 000 001 001 001 001 001 000 000 000 011.
000 000 000 000 000 001 001 000 001 001 000 000
000 001 002 002 003 003 003 004 003 005 002 001 033.
002 001 000 001 001 000 002 000 001 000 001 000
001 001 001 000 000 000 000 000 000 001 001 000 014.
001 000 001 001 000 001 000 001 000 002 000 001
001 001 002 001 003 003 003 003 002 004 003 000 034=
Z=
G=
FN
127017 138016 119013 126022 127016 096014
099019 093016 122019 076009 112014 108011
144010 135016 113014 150020 152015 328008
196012 PPC002 162012 132012 100011 134016.
101015 150013 104010 074009 096010 167004
231008 042006 020007 324005 246007 104012
133019 133014 075011 050008 152011 129012
147011 158023 121018 099019 111017 119026.
121020 055009 080008 147005 114009 PPC001
090012 010007 121003 315006 247005 128014
166012 147015 132015 146012 133013 162017
138015 125017 165017 135019 146018 221006.
PPC001 276007 286011 262009 277008 327008
282003 PPC000 344012 251007 343008 233004
241009 268008 258007 150011 120017 127017
163026 195021 123015 139016 118009 125022.
PPC001 059010 185005 320007 077004 PPC000
358009 309007 356006 062009 049007 PPC002
017005 244007 254010 358008 277007 337006
335012 015007 357003 281005 276008 262008.
328009 266009 PPC001 278006 316006 269010
085007 103013 260006 176005 268005 202006
245006 244008 201008 014009 109014 269006
244009 220011 263007 198006 232007 294005.
265007 219009 280011 320007 350004 119005
286003 084013 359011 171010 PPC000 162015
145017 090008 319003 350006 268016 262015
283018 280012 281010 211008 111003 133016.
085010 138007 160011 269007 220003 294009
284010 318011 211008 325008 001011 211013
269017 347013 184012 125018 183017 115008
178017 139029 155028 126033 138018 120014.
052006 061012 344007 003007 345003 020010
343010 333010 PPC000 308008 297004 013005
358010 298013 155016 125014 135018 165020
101029 136026 184039 135031 110012 143017.
106010 054009 002003 336013 304005 323008
204004 003007 062007 238012 068008 026007
112005 131008 340007 347008 222011 172013
127025 147033 134033 121029 139027 090011.
059015 080010 056012 245008 315014 262007
296006 346017 241004 321009 PPC000 358009
315005 249010 245010 254008 142012 146011
173018 104016 148009 181017 099011 127017.
105018 099013 086009 096010 096009 119006
250008 237008 323006 004004 PPC002 349006
348009 311010 180008 103019 211013 215008
284011 232008 144016 109035 112030 125019.
164023 169026 162022 157021 163014 167014
157019 195017 154015 153016 188014 175011
175018 149016 159022 122027 125022 098033
152031 172030 145036 131023 160022 064010.
030005 017007 013008 318009 309008 315008
330012 PPC000 331018 343007 315007 335005
324008 326008 174015 171021 161020 172020
166031 192037 136033 142029 131028 076014.
073018 036005 011011 334010 279008 282009
215005 016006 354006 060006 060004 333006
119007 125019 088016 110019 176028 101026
164028 137029 091029 112024 095012 104019.
076014 019009 340017 329008 350009 279007
055009 044004 354008 319014 360006 324007
357009 077011 090019 142024 163036 139032
147029 148030 133025 133027 102021 080009.
026009 006005 336011 285010 317005 PPC002
025005 001005 080007 286006 345009 022005
225012 115012 172026 151023 191020 113027
135032 135030 122016 080026 083016 062011.
057014 208003 322014 318010 311008 327011
346015 281005 331005 009007 047005 PPC000
332006 313012 157009 140012 319009 267011
253007 173026 130025 156026 126026 165018.
129014 108014 187011 078008 158011 166012
100006 078009 096017 114015 108014 156030
154018 159022 143018 087019 135015 173023
151020 158021 182017 139007 149007 150015.
082019 142022 175011 216013 194006 011005
182014 207015 021015 025031 031019 075015
313010 042014 171017 248021 268026 262021
257014 183009 212012 169018 188012 282008.
232007 311006 PPC000 352006 256010 326009
280007 229007 230011 319009 340010 353010
234007 145007 151011 178018 177014 116011
048010 200015 183031 150029 126015 130017.
104012 055009 344011 330011 264011 230009
257007 264005 313006 353006 048009 357015
320003 227006 235008 079011 049009 204010
146015 165017 129021 133031 135024 110013.
081014 066012 020009 221011 327009 265008
321008 149009 PPC001 PPC001 139013 168005
127008 280019 158012 254013 114023 138020
184024 152028 159015 126012 079012 084013.
085008 130006 075012 150007 PPC000 286008
334006 016008 054005 054004 350008 339008
202009 162008 115021 173012 134013 166019
169010 078006 211005 259008 205006 PPC000.
226008 212007 242006 356009 304009 259009
302007 222007 280004 298008 327012 329016
351009 180016 298012 309014 176020 149025
166025 131029 153025 137040 057012 056012.
029008 314014 286005 273014 279024 315012
304013 293011 311014 284011 312012 306011
253016 259015 312011 110017 113021 146027
162029 156031 115021 101020 107027 072010.
064013 053012 350008 314009 317010 338012
336009 270005 259008 015010 343005 344008
199010 076011 311014 171018 143032 167037
172039 182028 100031 136028 118021 110024.
102018 077014 025006 142005 279004 244005
229010 201007 347008 290007 258005 246008
174009 136012 196011 144022 166022 127015
134017 175023 159019 154015 179007 150012.
243014 271008 319014 265018 271005 248007
295008 294012 310013 258005 PPC000 339012
311007 237013 246013 263010 153028 168023
156031 186028 143028 138027 146027 128011.
046009 033008 025007 262008 271009 283009
279008 290005 PPC001 258009 342015 242008
231003 271014 277010 319009 260013 283018
255016 272018 252016 266023 269013 264014.
280018 272009 250014 242016 289010 230014
345014 263011 279007 300009 260011 248011
277008 360010 339011 333012 048022 210011
108027 140031 145030 132042 143026 154013=
133020 129020 104014 127019 120016 113014
111016 113016 114013 078010 103015 126017
144008 135016 123022 142020 156015 189013
206016 159007 188012 124010 095011 135013.
109012 141013 093010 095010 109009 135006
220007 078004 012008 282005 248008 102010
137014 134010 079011 072008 102007 139013
154013 152022 110016 093018 107018 125023.
126021 100006 076010 111009 121009 348006
085012 037006 123004 274006 259003 113014
145011 140014 138013 125012 117014 156018
132017 116016 162017 130016 136018 183005.
065004 299008 273012 258009 281009 321008
299004 341004 007009 241008 347005 265007
243008 250007 247007 134011 127014 121016
141022 180019 138018 133016 112012 119019.
178004 057009 239005 331009 337003 PPC000
343006 282006 347005 068007 042007 PPC002
022007 249008 260009 315006 267007 357006
359009 003005 359004 296006 288005 265007.
317006 262009 341006 284006 287007 250008
100007 115011 258006 189009 263005 228005
272008 262007 278008 030011 088012 263006
240009 226009 255008 195007 226008 310004.
258004 234008 273012 304006 266006 106009
287005 083013 358012 122007 PPC002 164013
150018 084008 022003 354006 256012 251015
274016 272015 272009 235006 146005 133014.
089012 128011 161010 263009 221007 262009
274009 301009 211007 302006 005009 225010
280019 290012 146015 133019 138013 127015
170020 164028 162026 133026 136020 124015.
067007 058013 315006 016008 002005 015010
339012 339009 004004 320009 273008 350003
337010 331011 191010 127015 155019 151017
132025 163022 166033 131027 122017 138016.
119009 068007 014007 333011 324005 284008
238006 324004 356004 223008 021010 006010
087005 060009 031007 300011 046010 117019
128025 141026 129034 119029 125023 090012.
067014 073012 056012 237010 317012 252007
281006 347013 295006 298007 117005 358009
318004 218009 238009 258007 174009 110010
175017 127013 148010 185015 098014 115015.
110015 091012 090007 091006 098009 143005
242008 244008 302007 PPC002 350005 355006
319007 318008 150012 102017 199013 230011
284012 248008 145021 110030 103027 137019.
145025 171026 162022 166020 168015 164013
161016 176016 152016 163013 177019 164016
186019 152017 150022 129024 105027 124030
142027 152031 130037 140028 146021 086012.
044007 020007 000007 346008 313007 303008
326015 PPC001 341016 345007 317007 332007
338008 332008 155017 166019 150023 143023
160030 166034 155033 152033 139027 069012.
082015 012005 011010 318009 280010 297009
220004 009006 355008 066006 069005 352008
146008 127016 125014 129021 165021 139029
159031 141026 103026 120028 098013 099017.
077014 040009 335017 309008 347009 303010
069007 070006 003007 330014 343008 326008
338010 117013 101014 132022 126032 132038
142038 134036 134031 136026 100017 078010.
025010 011007 340015 284011 281004 PPC002
034006 346006 104005 328006 355007 013006
257008 120007 141025 115021 163026 112025
144030 146027 100024 078020 086017 071014.
063015 107004 329015 322011 305008 324009
346014 304008 327007 024005 072006 PPC001
282009 289007 180006 145013 324011 238011
291009 160026 151025 157025 154021 166023.
152016 124015 178007 125012 148012 164011
106008 121005 105014 117019 132017 155031
154028 152022 150020 121018 125015 183020
159022 146015 173016 148009 155008 139011.
088014 132020 169009 231010 216007 332007
178013 233011 044013 028038 034020 034022
305013 028018 168020 226018 263022 261019
259017 208013 208008 162021 190009 240010.
213006 317005 PPC002 358007 247010 303007
298005 251006 221010 333008 334012 353010
253010 152006 141014 170020 179012 110019
092018 177015 189025 162022 132015 128019.
136014 042008 358010 330011 272009 243005
278006 263005 281005 013006 025008 325012
318007 212006 247007 111011 007008 242012
141014 094015 140018 143022 134023 113012.
070015 057012 018008 235008 285009 216005
322007 177008 032003 PPC001 134010 099008
097010 236013 092013 195015 170018 143012
177020 154033 157019 126013 085011 086010.
082009 100006 074008 144007 PPC000 300007
327006 006007 025005 078006 349007 359006
243007 139007 135018 148011 158019 165015
148010 190006 178006 241006 189006 PPC000.
231009 216007 192005 337010 335014 258008
289006 256004 311005 279010 323011 328015
348008 199013 306013 334015 132016 180018
174024 132029 152023 141034 093013 058013.
063013 334012 254006 271012 279022 303010
289012 282013 303014 312014 310012 300010
257013 251012 248011 122013 130023 156027
159032 138029 124028 110027 112023 083012.
060013 052011 343006 328011 313010 326013
339010 300005 268008 017009 351008 337010
229010 032009 326012 164016 154032 159036
150029 176031 125025 135027 118022 108021.
098017 070013 055011 151007 110007 270008
221010 230005 342007 262006 247006 262007
262009 150012 212012 152023 183021 154013
154020 166018 147020 146015 141008 147012.
255010 258007 309013 262016 PPC002 242008
284008 291009 291013 234007 337007 315009
279007 259014 287013 231014 134024 168025
183026 183029 141030 143028 147025 137014.
053009 027009 026005 249010 293008 277010
295008 018005 346005 281008 346012 259009
302006 241011 263007 316007 246012 299013
259020 262019 260015 272024 269021 268017.
278020 256005 265012 254015 270009 256014
266007 267012 288006 288008 269010 293010
280009 342009 239011 052011 023020 085020
112023 137029 149032 141030 136025 148016=
025131 2012 035128 1056
025158 1605 034102 1620
026127 2017 037128 2009
024146 1733 035181 1622
019121 2001 026142 2017
014044 1140 024003 1129
019153 0819 027289 1325
035135 1615 052133 1718
040171 1639 054167 1616
037176 1614 053184 1609
019103 1949 025210 1431
043107 1825 059082 1822
039139 1536 051164 1647
041144 1710 060147 1709
040155 1525 055150 1523
043134 1410 060113 1404
035137 1507 046142 1506
033141 1722 045133 1719
036154 0848 051156 0841
041037 0613 081011 0604
028161 1728 037181 1705
025134 1848 038136 1800
044154 1531 057145 1529
025184 1317 036159 1329
044149 1737 062113 1712
038160 1613 050113 1731
047171 1417 063179 1408
029185 1440 042125 1638
037170 1619 052159 1711
032282 1425 050283 1424
035137 1749 052164 1633=
DB
0071 0069 0071 0068 0067 0065 0064 0062 0061 0063 0060 0064
0068 0078 0099 0116 0125 0137 0161 0154 0129 0106 0091 0086 0174 1522 0060 0643.
0084 0081 0077 0074 0071 0069 0067 0068 0067 0065 0065 0072
0094 0099 0101 0111 0119 0113 0121 0121 0110 0090 0080 0075 0123 1443 0065 0546.
0070 0069 0071 0070 0069 0068 0065 0067 0067 0062 0053 0068
0079 0093 0112 0131 0142 0125 0115 0101 0095 0083 0077 0078 0143 1258 0052 0659.
0078 0077 0072 0063 0048 0059 0064 0065 0056 0051 0056 0070
0083 0103 0132 0185 0216 0221 0212 0187 0163 0126 0107 0105 0240 1327 0046 0110.
0104 0101 0100 0098 0089 0070 0065 0061 0070 0066 0067 0083
0094 0106 0110 0112 0103 0119 0129 0112 0104 0096 0089 0085 0130 1419 0057 0332.
0085 0084 0082 0082 0082 0080 0079 0080 0080 0081 0080 0083
0095 0106 0127 0132 0105 0116 0116 0113 0104 0096 0087 0083 0142 1132 0079 0243.
0076 0065 0074 0074 0073 0074 0074 0076 0073 0072 0070 0070
0074 0077 0091 0105 0110 0117 0115 0108 0096 0087 0080 0073 0122 1429 0065 2155.
0071 0068 0067 0067 0067 0064 0063 0062 0061 0057 0060 0072
0102 0176 0214 0239 0257 0262 0257 0207 0150 0123 0107 0101 0267 1341 0054 0611.
0095 0076 0072 0060 0053 0053 0044 0042 0047 0043 0039 0067
0117 0185 0237 0270 0303 0320 0293 0281 0216 0151 0114 0099 0325 1352 0038 0632.
0087 0076 0066 0059 0055 0052 0056 0051 0054 0050 0056 0082
0119 0168 0240 0296 0324 0333 0318 0280 0218 0162 0127 0111 0337 1414 0047 0418.
0101 0092 0086 0077 0070 0062 0055 0056 0050 0047 0046 0082
0117 0138 0145 0158 0188 0198 0192 0197 0172 0140 0124 0119 0206 1424 0044 0639.
0114 0108 0100 0103 0105 0106 0100 0099 0095 0092 0090 0106
0132 0158 0235 0291 0261 0218 0186 0183 0151 0136 0125 0117 0303 1213 0090 0645.
0110 0105 0102 0099 0096 0095 0088 0089 0080 0077 0075 0094
0146 0193 0249 0298 0317 0313 0284 0207 0163 0139 0124 0113 0339 1317 0074 0624.
0106 0097 0086 0064 0055 0055 0068 0053 0058 0054 0045 0094
0195 0260 0320 0354 0360 0400 0375 0340 0282 0196 0145 0109 0402 1405 0042 0632.
0101 0082 0073 0066 0058 0051 0044 0043 0040 0034 0039 0110
0202 0268 0334 0377 0354 0382 0370 0299 0280 0205 0155 0138 0399 1408 0032 0629.
0122 0108 0100 0085 0080 0075 0068 0061 0065 0065 0065 0127
0216 0276 0296 0381 0423 0331 0346 0333 0286 0213 0161 0142 0426 1301 0057 0641.
0128 0118 0110 0102 0089 0082 0075 0069 0063 0057 0060 0141
0244 0316 0354 0412 0449 0453 0442 0406 0348 0265 0213 0196 0469 1355 0055 0614.
0183 0166 0162 0151 0144 0141 0139 0127 0121 0119 0142 0184
0187 0197 0206 0306 0302 0290 0300 0251 0219 0199 0188 0181 0329 1238 0118 0556.
0175 0173 0169 0167 0165 0163 0162 0159 0157 0155 0152 0155
0156 0162 0198 0214 0209 0203 0181 0189 0184 0164 0151 0146 0219 1208 0145 1955.
0145 0140 0135 0132 0126 0125 0125 0121 0114 0118 0113 0113
0123 0134 0169 0163 0189 0201 0213 0257 0193 0148 0091 0088 0264 1624 0083 1936.
0075 0083 0078 0074 0078 0068 0065 0064 0066 0072 0077 0122
0162 0231 0226 0234 0300 0376 0326 0254 0231 0190 0124 0128 0387 1346 0063 0359.
0108 0076 0069 0057 0048 0040 0034 0029 0062 0046 0053 0121
0156 0177 0209 0274 0302 0258 0287 0234 0214 0174 0134 0130 0328 1313 0029 0359.
0117 0115 0122 0117 0111 0117 0116 0114 0112 0111 0111 0157
0173 0223 0268 0318 0320 0289 0219 0160 0165 0149 0140 0137 0358 1231 0100 0630.
0135 0133 0130 0105 0092 0087 0082 0083 0090 0101 0105 0126
0146 0202 0237 0260 0260 0215 0162 0171 0155 0146 0141 0136 0275 1117 0080 0332.
0133 0132 0130 0122 0121 0124 0105 0113 0114 0109 0104 0154
0246 0295 0351 0397 0428 0442 0425 0384 0329 0240 0203 0185 0448 1323 0099 0321.
0176 0156 0139 0128 0137 0122 0118 0115 0115 0112 0119 0196
0270 0353 0404 0446 0457 0463 0454 0406 0361 0277 0218 0192 0478 1306 0106 0610.
0181 0174 0156 0151 0143 0141 0132 0124 0120 0123 0129 0200
0266 0336 0386 0422 0436 0431 0424 0341 0318 0253 0231 0221 0442 1344 0117 0531.
0203 0191 0191 0176 0166 0161 0160 0148 0167 0176 0182 0194
0207 0227 0278 0337 0330 0297 0257 0237 0227 0208 0191 0186 0365 1220 0147 0401.
0186 0184 0180 0177 0172 0169 0166 0159 0149 0132 0135 0197
0272 0324 0358 0397 0424 0441 0435 0397 0343 0267 0215 0193 0455 1428 0129 0648.
0177 0167 0173 0163 0153 0156 0152 0155 0154 0149 0153 0203
0229 0198 0212 0222 0201 0203 0177 0175 0177 0172 0163 0156 0235 0851 0142 0621.
0158 0155 0153 0148 0149 0148 0144 0143 0141 0139 0143 0191
0226 0280 0365 0354 0343 0422 0408 0325 0292 0230 0194 0170 0452 1441 0139 0552=
0087 0085 0084 0083 0082 0080 0079 0078 0077 0076 0076 0075
0076 0078 0083 0090 0097 0104 0112 0122 0122 0116 0109 0103.
0099 0096 0093 0090 0088 0085 0083 0082 0081 0080 0079 0078
0082 0089 0092 0095 0100 0103 0105 0107 0107 0105 0098 0093.
0089 0086 0084 0084 0082 0081 0080 0079 0079 0078 0075 0074
0077 0081 0088 0097 0104 0109 0109 0106 0102 0098 0093 0091.
0089 0088 0087 0084 0078 0074 0075 0076 0075 0073 0071 0072
0076 0083 0091 0106 0128 0145 0152 0153 0147 0138 0127 0119.
0115 0112 0110 0108 0106 0100 0093 0088 0086 0085 0084 0085
0089 0093 0098 0102 0102 0102 0108 0109 0107 0105 0101 0098.
0096 0095 0093 0092 0092 0091 0090 0089 0089 0088 0088 0088
0090 0094 0099 0110 0109 0107 0108 0110 0108 0105 0101 0098.
0094 0090 0087 0087 0086 0085 0085 0085 0084 0083 0083 0082
0081 0082 0084 0089 0096 0100 0103 0103 0101 0098 0094 0091.
0088 0085 0083 0081 0080 0079 0078 0077 0076 0075 0073 0074
0080 0092 0115 0136 0155 0169 0177 0175 0161 0146 0134 0125.
0118 0111 0104 0098 0092 0086 0082 0077 0075 0074 0070 0070
0078 0096 0121 0149 0171 0186 0195 0195 0188 0172 0154 0139.
0128 0119 0111 0104 0098 0093 0089 0087 0084 0082 0080 0082
0089 0104 0121 0148 0170 0188 0199 0201 0194 0178 0162 0148.
0138 0129 0122 0116 0110 0105 0099 0095 0091 0087 0084 0083
0092 0102 0112 0118 0126 0137 0144 0147 0148 0144 0136 0130.
0126 0123 0119 0116 0115 0114 0113 0111 0110 0108 0106 0106
0109 0117 0132 0150 0170 0176 0168 0163 0156 0148 0140 0134.
0129 0125 0121 0118 0115 0113 0111 0108 0106 0102 0099 0097
0102 0115 0132 0155 0178 0193 0198 0194 0180 0166 0155 0145.
0138 0132 0126 0120 0112 0106 0103 0100 0097 0095 0091 0090
0099 0117 0144 0173 0194 0214 0225 0228 0218 0203 0184 0167.
0154 0144 0135 0127 0120 0113 0108 0102 0098 0094 0090 0090
0101 0123 0149 0180 0199 0216 0225 0226 0219 0207 0190 0176.
0164 0154 0146 0139 0132 0126 0122 0117 0112 0109 0106 0105
0116 0137 0160 0187 0214 0225 0226 0228 0223 0211 0195 0182.
0171 0163 0155 0148 0142 0136 0130 0125 0120 0115 0111 0111
0123 0147 0176 0206 0234 0254 0265 0267 0260 0246 0229 0215.
0205 0196 0188 0181 0176 0170 0166 0161 0158 0153 0151 0154
0161 0166 0169 0179 0198 0206 0211 0213 0206 0199 0193 0187.
0182 0179 0176 0173 0171 0169 0168 0166 0165 0163 0161 0159
0158 0158 0161 0169 0174 0176 0176 0172 0172 0169 0165 0161.
0157 0154 0152 0149 0147 0145 0144 0142 0140 0137 0133 0130
0129 0130 0134 0139 0145 0153 0160 0165 0171 0163 0151 0139.
0132 0126 0123 0120 0117 0113 0110 0108 0106 0104 0104 0106
0115 0129 0147 0156 0168 0187 0208 0207 0198 0188 0174 0161.
0152 0142 0133 0125 0118 0112 0106 0101 0098 0099 0095 0096
0108 0121 0132 0153 0173 0185 0190 0192 0187 0178 0166 0155.
0150 0144 0140 0138 0136 0135 0133 0132 0130 0129 0127 0128
0134 0147 0162 0175 0198 0205 0202 0189 0180 0172 0165 0159.
0155 0152 0149 0145 0138 0132 0127 0123 0121 0121 0122 0124
0130 0136 0151 0168 0180 0183 0176 0171 0167 0162 0158 0154.
0150 0147 0145 0143 0139 0138 0136 0131 0130 0130 0127 0126
0140 0164 0190 0215 0240 0260 0271 0271 0259 0244 0226 0212.
0202 0192 0183 0175 0168 0162 0157 0152 0148 0144 0141 0143
0156 0177 0206 0237 0262 0280 0289 0290 0282 0266 0248 0231.
0218 0209 0200 0193 0186 0179 0175 0170 0165 0161 0158 0159
0172 0191 0217 0243 0265 0278 0284 0283 0271 0258 0245 0234.
0225 0217 0212 0206 0199 0194 0190 0186 0182 0183 0184 0185
0188 0192 0201 0217 0233 0238 0233 0227 0221 0216 0210 0205.
0200 0197 0194 0191 0188 0185 0182 0179 0175 0169 0164 0164
0178 0201 0225 0244 0261 0277 0287 0288 0279 0263 0245 0229.
0217 0208 0201 0196 0190 0185 0182 0179 0177 0175 0172 0172
0182 0187 0187 0190 0192 0193 0190 0187 0185 0183 0180 0176.
0173 0171 0170 0167 0165 0164 0162 0161 0159 0158 0157 0158
0168 0181 0198 0218 0232 0253 0269 0271 0258 0245 0228 0213=
0094 0093 0092 0091 0090 0089 0088 0087 0086 0085 0084 0083
0083 0083 0084 0086 0089 0093 0098 0103 0108 0109 0108 0105.
0103 0101 0099 0097 0095 0093 0092 0090 0089 0088 0087 0086
0086 0088 0090 0092 0094 0097 0098 0100 0102 0102 0101 0099.
0097 0094 0092 0091 0090 0089 0088 0087 0086 0086 0084 0083
0082 0083 0085 0089 0093 0097 0100 0101 0101 0100 0098 0096.
0094 0093 0092 0091 0089 0086 0084 0084 0083 0082 0081 0080
0080 0082 0085 0090 0099 0109 0119 0125 0128 0128 0125 0121.
0117 0115 0113 0111 0109 0107 0104 0101 0097 0095 0094 0093
0093 0094 0096 0098 0100 0101 0102 0104 0105 0105 0104 0102.
0101 0100 0098 0098 0097 0096 0095 0095 0094 0094 0093 0092
0092 0093 0095 0099 0103 0103 0104 0105 0106 0105 0104 0102.
0101 0098 0096 0094 0093 0092 0092 0091 0090 0090 0089 0089
0088 0088 0088 0089 0091 0094 0097 0098 0099 0099 0098 0096.
0094 0093 0091 0090 0088 0087 0086 0085 0084 0083 0082 0081
0082 0085 0092 0103 0115 0126 0136 0143 0144 0140 0135 0130.
0125 0120 0116 0111 0107 0103 0099 0095 0092 0090 0087 0085
0085 0088 0097 0109 0124 0138 0149 0156 0160 0159 0153 0146.
0138 0132 0126 0120 0115 0111 0106 0103 0101 0098 0096 0094
0094 0098 0104 0114 0128 0141 0153 0161 0165 0164 0159 0152.
0146 0139 0134 0129 0125 0120 0116 0112 0109 0105 0102 0099
0099 0102 0106 0110 0114 0119 0125 0129 0133 0134 0133 0131.
0128 0126 0124 0122 0120 0119 0118 0117 0115 0114 0113 0112
0111 0113 0117 0125 0135 0144 0149 0148 0148 0145 0142 0138.
0135 0132 0129 0126 0124 0121 0120 0118 0116 0113 0111 0109
0108 0110 0116 0125 0137 0149 0159 0164 0165 0161 0156 0150.
0145 0140 0136 0132 0128 0123 0119 0116 0113 0110 0108 0105
0104 0109 0118 0132 0147 0161 0174 0183 0187 0185 0180 0172.
0164 0156 0149 0143 0137 0132 0127 0122 0118 0114 0111 0108
0108 0113 0123 0137 0153 0166 0178 0185 0189 0188 0184 0177.
0170 0164 0157 0152 0147 0142 0137 0133 0130 0126 0123 0120
0120 0125 0135 0147 0163 0178 0186 0191 0194 0194 0189 0183.
0176 0170 0165 0159 0155 0150 0146 0141 0137 0133 0129 0126
0126 0132 0144 0159 0176 0193 0207 0216 0221 0220 0216 0209.
0203 0197 0192 0186 0182 0177 0174 0170 0167 0163 0160 0159
0159 0161 0163 0166 0172 0180 0186 0190 0192 0190 0188 0185.
0182 0179 0177 0175 0173 0171 0170 0168 0167 0166 0164 0163
0162 0160 0160 0162 0165 0167 0169 0169 0168 0168 0166 0164.
0162 0160 0158 0156 0154 0152 0151 0149 0148 0146 0144 0142
0140 0139 0139 0140 0142 0145 0149 0153 0157 0159 0156 0151.
0146 0141 0137 0134 0132 0129 0126 0124 0122 0120 0118 0117
0118 0123 0130 0138 0144 0153 0165 0174 0177 0176 0172 0166.
0161 0155 0149 0143 0138 0133 0128 0124 0120 0117 0115 0113
0113 0118 0124 0131 0142 0153 0160 0166 0169 0168 0165 0160.
0155 0152 0148 0145 0143 0141 0140 0139 0137 0136 0135 0134
0134 0137 0143 0151 0161 0171 0177 0177 0174 0170 0167 0163.
0159 0157 0154 0152 0149 0145 0141 0138 0135 0133 0132 0131
0132 0134 0138 0146 0154 0161 0164 0163 0162 0160 0158 0156.
0153 0151 0150 0148 0146 0144 0143 0141 0139 0137 0136 0134
0135 0142 0154 0168 0184 0200 0213 0223 0225 0223 0217 0210.
0203 0196 0190 0184 0179 0174 0169 0165 0161 0158 0155 0152
0153 0159 0170 0186 0203 0219 0232 0241 0244 0243 0237 0229.
0221 0213 0207 0201 0195 0191 0186 0182 0178 0174 0171 0168
0169 0175 0185 0198 0213 0226 0236 0243 0244 0241 0236 0230.
0224 0219 0214 0210 0206 0201 0197 0194 0191 0188 0187 0187
0187 0188 0190 0195 0204 0212 0215 0215 0213 0211 0208 0205.
0202 0199 0197 0194 0192 0190 0188 0186 0183 0180 0177 0173
0174 0181 0192 0204 0217 0229 0239 0247 0250 0247 0241 0232.
0224 0217 0211 0206 0201 0197 0193 0190 0187 0185 0183 0180
0181 0184 0185 0187 0188 0189 0189 0188 0187 0186 0184 0182.
0180 0178 0176 0175 0173 0171 0170 0169 0167 0166 0165 0164
0165 0169 0177 0187 0197 0208 0220 0230 0233 0230 0225 0218=
0099 0098 0097 0096 0096 0095 0094 0093 0092 0091 0091 0090
0089 0089 0089 0089 0091 0093 0095 0098 0101 0104 0105 0105.
0104 0103 0102 0101 0100 0099 0098 0096 0095 0094 0093 0093
0092 0092 0092 0093 0095 0096 0098 0099 0100 0101 0101 0101.
0100 0099 0098 0097 0096 0095 0094 0093 0092 0092 0091 0090
0089 0089 0089 0090 0092 0095 0097 0099 0100 0100 0100 0099.
0098 0097 0097 0096 0095 0093 0092 0091 0090 0089 0088 0087
0087 0087 0088 0089 0093 0098 0104 0110 0115 0117 0118 0118.
0116 0115 0114 0112 0111 0110 0109 0107 0104 0103 0101 0100
0099 0098 0099 0100 0101 0101 0102 0103 0104 0105 0105 0105.
0104 0103 0102 0102 0101 0100 0100 0099 0099 0098 0098 0097
0097 0097 0097 0098 0101 0102 0103 0104 0105 0105 0105 0105.
0104 0103 0101 0100 0099 0098 0097 0097 0096 0096 0095 0094
0094 0093 0093 0093 0093 0095 0096 0098 0099 0100 0100 0099.
0098 0098 0097 0096 0094 0094 0093 0092 0091 0090 0089 0089
0088 0088 0091 0095 0101 0108 0116 0123 0128 0129 0129 0127.
0125 0122 0120 0117 0114 0111 0108 0105 0103 0100 0098 0096
0094 0094 0096 0101 0108 0117 0126 0133 0139 0143 0143 0141.
0138 0134 0131 0127 0123 0120 0117 0113 0111 0108 0106 0104
0103 0103 0105 0108 0114 0122 0131 0138 0144 0148 0149 0147.
0144 0141 0138 0134 0131 0128 0125 0122 0119 0116 0113 0111
0109 0108 0109 0111 0113 0115 0119 0122 0125 0128 0129 0129.
0128 0127 0126 0124 0123 0122 0121 0120 0119 0119 0118 0117
0116 0116 0117 0119 0124 0130 0135 0138 0139 0140 0139 0138.
0136 0134 0132 0130 0128 0127 0125 0123 0122 0120 0119 0117
0115 0115 0116 0119 0125 0132 0139 0145 0150 0151 0150 0148.
0146 0143 0140 0137 0134 0131 0128 0125 0123 0120 0118 0116
0114 0114 0116 0122 0130 0139 0148 0156 0163 0166 0167 0165.
0162 0158 0154 0150 0145 0141 0138 0134 0130 0127 0124 0121
0119 0118 0121 0127 0135 0144 0153 0161 0166 0170 0171 0169.
0167 0164 0160 0156 0153 0149 0146 0142 0139 0136 0134 0131
0129 0129 0132 0137 0145 0154 0162 0168 0173 0176 0177 0176.
0173 0170 0166 0163 0160 0156 0153 0150 0147 0143 0140 0137
0135 0135 0139 0145 0154 0164 0175 0185 0192 0196 0198 0197.
0194 0192 0188 0185 0182 0179 0176 0173 0171 0168 0166 0164
0162 0162 0163 0163 0165 0169 0174 0177 0180 0181 0181 0181.
0179 0178 0176 0175 0173 0172 0171 0170 0169 0167 0166 0165
0164 0163 0162 0162 0163 0164 0166 0166 0166 0166 0166 0165.
0164 0163 0161 0160 0158 0157 0156 0154 0153 0152 0150 0149
0147 0146 0145 0144 0145 0146 0148 0150 0152 0154 0155 0154.
0152 0149 0146 0143 0141 0139 0137 0135 0133 0131 0129 0128
0127 0127 0130 0134 0138 0143 0149 0156 0161 0164 0165 0163.
0161 0158 0155 0151 0148 0144 0140 0137 0133 0130 0128 0126
0124 0125 0126 0129 0134 0140 0146 0152 0156 0158 0159 0158.
0156 0154 0151 0149 0148 0146 0145 0143 0142 0141 0140 0139
0138 0139 0141 0144 0149 0155 0161 0165 0166 0165 0164 0162.
0160 0158 0157 0155 0153 0151 0149 0146 0144 0141 0140 0139
0138 0138 0139 0142 0146 0151 0155 0157 0157 0157 0157 0156.
0155 0153 0152 0151 0150 0148 0147 0146 0144 0143 0142 0141
0140 0141 0145 0152 0161 0171 0182 0191 0197 0201 0201 0199.
0196 0193 0189 0186 0182 0178 0175 0172 0168 0165 0163 0160
0159 0159 0163 0170 0179 0189 0200 0209 0215 0219 0219 0217.
0214 0210 0206 0202 0198 0194 0191 0188 0184 0181 0178 0175
0174 0174 0178 0183 0191 0200 0209 0216 0221 0223 0222 0220.
0218 0215 0212 0209 0206 0203 0200 0198 0195 0192 0191 0189
0189 0189 0189 0190 0194 0198 0202 0205 0205 0205 0204 0203.
0201 0199 0197 0196 0194 0192 0191 0189 0187 0185 0183 0180
0179 0180 0184 0190 0197 0205 0213 0220 0226 0228 0228 0226.
0222 0217 0213 0209 0206 0202 0199 0196 0194 0191 0189 0187
0186 0186 0186 0187 0188 0188 0189 0189 0188 0187 0186 0185.
0184 0182 0181 0180 0178 0177 0176 0174 0173 0172 0171 0170
0169 0170 0173 0177 0183 0190 0198 0206 0212 0214 0214 0212=
0100 0099 0098 0098 0097 0097 0096 0096 0095 0094 0094 0093
0092 0092 0091 0091 0091 0092 0093 0095 0096 0098 0100 0101.
0101 0101 0101 0100 0100 0099 0099 0098 0097 0096 0096 0095
0094 0094 0093 0094 0094 0095 0096 0096 0097 0098 0099 0099.
0099 0099 0098 0098 0097 0096 0096 0095 0094 0094 0093 0093
0092 0091 0091 0091 0092 0093 0094 0095 0097 0097 0098 0098.
0098 0097 0097 0096 0096 0095 0094 0094 0093 0092 0091 0091
0090 0090 0089 0090 0091 0093 0096 0100 0103 0106 0108 0110.
0110 0110 0110 0109 0109 0108 0107 0107 0105 0104 0103 0102
0101 0100 0100 0100 0100 0100 0101 0101 0102 0103 0103 0103.
0103 0103 0102 0102 0101 0101 0101 0100 0100 0099 0099 0099
0098 0098 0098 0098 0099 0100 0101 0101 0102 0102 0103 0103.
0103 0103 0102 0101 0100 0100 0099 0098 0098 0097 0097 0096
0096 0095 0095 0095 0095 0095 0096 0096 0097 0098 0098 0098.
0098 0098 0098 0097 0096 0096 0095 0094 0094 0093 0092 0092
0091 0091 0091 0092 0095 0098 0103 0107 0112 0115 0117 0118.
0118 0118 0117 0115 0114 0112 0110 0108 0107 0105 0103 0101
0100 0098 0098 0099 0102 0106 0111 0116 0121 0125 0128 0129.
0129 0129 0127 0125 0123 0121 0119 0117 0115 0113 0111 0109
0108 0106 0106 0107 0109 0112 0117 0122 0127 0131 0134 0135.
0135 0135 0133 0132 0130 0128 0126 0124 0122 0120 0118 0116
0114 0112 0112 0112 0112 0113 0115 0116 0118 0120 0122 0123.
0123 0123 0123 0122 0122 0121 0120 0120 0119 0119 0118 0117
0117 0116 0116 0116 0118 0121 0124 0127 0129 0131 0131 0131.
0131 0130 0130 0129 0127 0126 0125 0124 0123 0122 0121 0119
0118 0117 0117 0117 0119 0122 0126 0130 0134 0137 0139 0139.
0139 0138 0137 0135 0134 0132 0130 0128 0126 0124 0122 0121
0119 0118 0117 0118 0121 0126 0131 0137 0142 0147 0150 0151.
0151 0151 0149 0147 0145 0142 0140 0137 0134 0132 0129 0127
0125 0123 0123 0124 0127 0131 0136 0142 0147 0151 0154 0156.
0156 0155 0154 0152 0151 0148 0146 0144 0142 0139 0137 0135
0133 0132 0132 0133 0135 0140 0145 0150 0155 0158 0161 0162.
0162 0162 0160 0159 0157 0155 0153 0151 0148 0146 0144 0142
0139 0138 0138 0139 0143 0148 0154 0161 0167 0172 0176 0178.
0179 0179 0178 0177 0175 0173 0172 0170 0168 0166 0164 0163
0161 0160 0160 0160 0160 0161 0163 0166 0168 0170 0171 0171.
0171 0171 0170 0170 0169 0168 0167 0166 0165 0165 0164 0163
0162 0161 0161 0160 0160 0160 0161 0161 0162 0162 0162 0161.
0161 0160 0159 0159 0158 0157 0156 0155 0154 0153 0152 0151
0149 0148 0147 0146 0146 0146 0146 0147 0148 0149 0150 0151.
0150 0149 0148 0146 0144 0143 0141 0140 0138 0136 0135 0133
0132 0131 0132 0133 0134 0137 0140 0144 0148 0151 0154 0154.
0155 0154 0153 0151 0149 0147 0144 0142 0139 0137 0135 0133
0131 0130 0130 0130 0132 0134 0137 0141 0145 0147 0149 0150.
0150 0150 0149 0148 0147 0146 0145 0144 0143 0142 0141 0140
0139 0139 0139 0140 0142 0145 0149 0152 0154 0156 0156 0156.
0156 0155 0154 0153 0152 0151 0149 0148 0146 0144 0143 0141
0140 0140 0140 0140 0141 0144 0146 0148 0150 0151 0151 0151.
0151 0150 0150 0149 0148 0148 0147 0146 0145 0144 0143 0142
0141 0141 0142 0144 0148 0153 0159 0166 0172 0177 0180 0182.
0182 0182 0180 0179 0177 0175 0173 0170 0168 0166 0164 0162
0160 0159 0159 0161 0165 0170 0177 0183 0189 0194 0197 0199.
0199 0198 0196 0194 0192 0190 0188 0186 0183 0181 0179 0177
0175 0173 0173 0175 0178 0183 0188 0193 0198 0202 0204 0205.
0205 0204 0203 0201 0200 0198 0196 0194 0192 0191 0189 0188
0186 0186 0185 0185 0186 0188 0190 0193 0194 0195 0195 0195.
0194 0194 0193 0192 0190 0189 0188 0187 0186 0184 0183 0181
0180 0179 0179 0181 0184 0189 0194 0199 0204 0208 0210 0211.
0210 0209 0207 0205 0202 0200 0198 0196 0194 0192 0190 0188
0186 0185 0185 0185 0185 0185 0185 0185 0185 0185 0184 0184.
0183 0182 0181 0180 0179 0178 0177 0176 0175 0174 0173 0172
0171 0170 0171 0172 0175 0178 0182 0187 0192 0196 0199 0200=
0105 0105 0105 0105 0105 0105 0105 0105 0104 0104 0104 0104
0104 0104 0104 0103 0103 0103 0103 0103 0103 0103 0103 0103.
0104 0104 0104 0104 0104 0104 0104 0104 0104 0104 0104 0104
0104 0104 0104 0104 0104 0104 0104 0104 0104 0104 0104 0104.
0104 0104 0104 0105 0104 0105 0104 0104 0104 0104 0104 0104
0104 0104 0104 0104 0104 0104 0103 0104 0104 0103 0104 0104.
0104 0104 0104 0104 0104 0104 0104 0104 0104 0104 0104 0104
0104 0103 0103 0103 0103 0103 0103 0103 0104 0104 0104 0105.
0105 0106 0106 0106 0107 0107 0107 0107 0107 0108 0108 0108
0107 0107 0107 0107 0107 0107 0107 0107 0107 0107 0107 0107.
0107 0107 0107 0107 0107 0107 0107 0107 0107 0107 0107 0107
0107 0107 0107 0107 0107 0107 0107 0107 0107 0107 0107 0107.
0107 0107 0107 0107 0107 0107 0107 0107 0107 0107 0107 0107
0107 0107 0106 0106 0106 0106 0106 0106 0106 0106 0106 0106.
0106 0106 0106 0106 0106 0106 0106 0106 0106 0106 0106 0106
0105 0105 0105 0105 0105 0105 0105 0106 0106 0107 0107 0108.
0108 0109 0109 0110 0110 0110 0110 0110 0111 0110 0110 0110
0110 0110 0110 0109 0109 0109 0109 0110 0110 0110 0111 0111.
0112 0112 0113 0113 0113 0114 0114 0114 0114 0114 0113 0113
0113 0113 0112 0112 0112 0112 0112 0112 0113 0113 0114 0114.
0115 0115 0115 0116 0116 0116 0116 0116 0116 0116 0116 0116
0116 0115 0115 0115 0115 0114 0114 0114 0114 0114 0115 0115.
0115 0115 0115 0115 0116 0116 0116 0116 0116 0116 0116 0116
0116 0116 0116 0116 0116 0116 0116 0116 0117 0117 0117 0118.
0118 0118 0119 0119 0119 0119 0119 0119 0119 0119 0119 0119
0119 0119 0119 0119 0119 0119 0119 0119 0119 0119 0120 0120.
0121 0121 0121 0121 0122 0122 0122 0122 0122 0121 0121 0121
0121 0121 0120 0120 0120 0120 0120 0120 0120 0121 0121 0122.
0122 0123 0123 0124 0124 0124 0124 0124 0124 0123 0123 0123
0123 0122 0122 0122 0122 0121 0121 0122 0122 0122 0123 0123.
0124 0124 0125 0125 0125 0126 0126 0126 0126 0126 0125 0125
0125 0125 0125 0125 0124 0124 0124 0125 0125 0125 0126 0127.
0127 0128 0128 0128 0129 0129 0129 0129 0129 0129 0129 0129
0129 0128 0128 0128 0128 0128 0128 0128 0129 0130 0130 0131.
0132 0132 0133 0134 0134 0135 0135 0135 0136 0136 0136 0136
0136 0136 0136 0136 0136 0136 0136 0136 0136 0137 0137 0137.
0138 0138 0139 0139 0139 0139 0139 0140 0140 0140 0140 0140
0140 0140 0140 0140 0140 0140 0140 0140 0140 0140 0140 0140.
0140 0141 0141 0141 0141 0140 0140 0140 0140 0140 0140 0140
0140 0139 0139 0139 0139 0139 0139 0138 0138 0138 0138 0138.
0138 0138 0138 0138 0138 0137 0137 0137 0137 0136 0136 0136
0135 0135 0135 0134 0134 0134 0134 0134 0134 0134 0134 0135.
0135 0135 0135 0135 0135 0135 0135 0135 0135 0135 0134 0134
0133 0133 0133 0132 0132 0132 0132 0132 0132 0132 0132 0132.
0133 0133 0133 0133 0133 0133 0133 0133 0133 0133 0133 0133
0133 0133 0133 0133 0133 0133 0133 0133 0134 0134 0134 0135.
0135 0135 0136 0136 0136 0136 0136 0136 0136 0136 0136 0136
0136 0136 0135 0135 0135 0135 0135 0135 0136 0136 0136 0136.
0136 0137 0137 0137 0137 0137 0137 0137 0137 0137 0137 0137
0137 0137 0137 0137 0137 0137 0137 0138 0138 0139 0140 0141.
0141 0142 0143 0143 0144 0144 0144 0145 0145 0145 0145 0145
0145 0145 0144 0144 0144 0144 0145 0145 0146 0146 0147 0148.
0148 0149 0150 0150 0151 0151 0151 0151 0151 0152 0151 0151
0151 0151 0151 0151 0151 0151 0151 0152 0152 0153 0153 0154.
0155 0155 0156 0156 0157 0157 0157 0157 0158 0158 0158 0158
0158 0158 0158 0158 0158 0158 0158 0158 0158 0158 0159 0159.
0159 0160 0160 0160 0160 0160 0160 0160 0160 0160 0160 0160
0160 0160 0160 0160 0160 0160 0160 0161 0161 0162 0162 0163.
0163 0164 0164 0165 0165 0165 0165 0165 0165 0165 0165 0165
0165 0165 0165 0164 0164 0164 0164 0164 0164 0164 0164 0164.
0164 0164 0164 0164 0164 0163 0163 0163 0163 0163 0163 0163
0162 0162 0162 0162 0162 0162 0162 0162 0162 0163 0163 0163=
KB
0109 0109 0109 0109 0109 0109 0109 0109 0109 0109 0109 0109
0109 0109 0109 0110 0109 0109 0109 0110 0110 0110 0110 0109.
0110 0110 0109 0110 0110 0110 0110 0110 0110 0110 0110 0110
0110 0110 0110 0110 0110 0110 0110 0110 0110 0110 0110 0110.
0110 0110 0110 0110 0110 0110 0110 0110 0110 0110 0110 0110
0110 0110 0110 0110 0110 0110 0110 0110 0110 0110 0110 0110.
0110 0110 0110 0110 0110 0110 0110 0110 0110 0110 0110 0110
0110 0110 0110 0110 0110 0110 0110 0110 0110 0110 0110 0110.
0110 0110 0110 0110 0110 0111 0111 0111 0111 0111 0111 0111
0111 0111 0111 0111 0111 0111 0111 0111 0111 0111 0111 0112.
0112 0112 0112 0112 0112 0112 0112 0112 0112 0112 0112 0112
0112 0112 0112 0112 0112 0112 0112 0112 0112 0112 0112 0112.
0112 0112 0112 0112 0112 0112 0112 0112 0112 0112 0112 0112
0112 0112 0112 0112 0112 0112 0112 0112 0112 0112 0112 0112.
0112 0112 0112 0112 0112 0112 0112 0112 0112 0112 0112 0112
0112 0112 0112 0112 0112 0112 0113 0112 0112 0112 0112 0112.
0112 0112 0112 0112 0112 0112 0113 0113 0113 0113 0113 0113
0113 0113 0113 0113 0113 0113 0113 0113 0113 0113 0113 0113.
0113 0113 0113 0114 0114 0114 0114 0114 0114 0114 0114 0114
0114 0115 0114 0115 0115 0115 0115 0115 0115 0115 0115 0115.
0115 0115 0115 0115 0115 0115 0115 0115 0115 0115 0115 0116
0116 0116 0116 0116 0116 0116 0116 0116 0116 0116 0116 0116.
0116 0116 0116 0116 0116 0116 0117 0117 0117 0117 0117 0117
0117 0117 0117 0117 0117 0117 0117 0117 0117 0117 0117 0117.
0118 0117 0118 0118 0118 0118 0118 0118 0118 0118 0118 0118
0118 0118 0119 0119 0119 0119 0119 0119 0119 0119 0119 0119.
0119 0119 0119 0119 0119 0119 0120 0120 0120 0120 0120 0120
0120 0120 0120 0120 0120 0121 0121 0121 0121 0121 0121 0121.
0121 0121 0121 0121 0121 0121 0121 0121 0121 0121 0121 0122
0122 0122 0122 0122 0122 0122 0122 0122 0122 0122 0122 0122.
0122 0122 0122 0122 0122 0122 0122 0122 0122 0123 0123 0123
0123 0123 0123 0123 0123 0123 0123 0124 0123 0123 0124 0124.
0124 0124 0124 0124 0124 0124 0124 0124 0124 0124 0124 0125
0125 0125 0125 0125 0125 0125 0125 0125 0125 0125 0126 0126.
0126 0126 0126 0126 0126 0126 0126 0126 0127 0127 0127 0127
0127 0127 0128 0128 0128 0128 0128 0128 0128 0129 0129 0129.
0129 0129 0129 0129 0129 0129 0130 0130 0130 0130 0130 0130
0131 0131 0131 0131 0131 0131 0131 0132 0132 0132 0132 0132.
0132 0132 0132 0132 0132 0133 0133 0133 0133 0133 0133 0133
0133 0133 0133 0133 0134 0134 0134 0134 0134 0134 0134 0134.
0134 0134 0134 0134 0134 0134 0134 0134 0134 0134 0134 0134
0134 0134 0134 0134 0134 0134 0134 0134 0134 0134 0134 0134.
0134 0134 0134 0134 0134 0134 0134 0134 0134 0134 0134 0134
0134 0134 0134 0134 0134 0134 0134 0134 0134 0134 0134 0134.
0134 0133 0133 0133 0133 0133 0133 0133 0133 0134 0133 0133
0133 0133 0133 0134 0134 0134 0133 0134 0133 0133 0134 0133.
0133 0133 0134 0134 0134 0134 0134 0134 0134 0134 0134 0134
0134 0134 0134 0134 0134 0134 0134 0134 0134 0134 0134 0134.
0134 0134 0134 0134 0135 0135 0135 0135 0135 0135 0135 0135
0135 0135 0135 0135 0135 0135 0135 0135 0135 0135 0135 0135.
0136 0136 0136 0136 0136 0136 0136 0136 0136 0136 0136 0137
0137 0137 0137 0137 0138 0138 0138 0138 0138 0138 0138 0138.
0138 0138 0138 0139 0139 0139 0139 0139 0139 0140 0140 0140
0140 0140 0140 0141 0141 0141 0141 0141 0141 0141 0142 0142.
0142 0142 0142 0142 0142 0143 0143 0143 0143 0143 0143 0144
0144 0144 0144 0144 0144 0145 0145 0145 0145 0145 0145 0145.
0146 0146 0146 0146 0146 0146 0146 0147 0147 0147 0147 0147
0147 0147 0147 0148 0148 0148 0148 0148 0148 0148 0148 0149.
0149 0149 0149 0149 0149 0149 0149 0150 0150 0150 0150 0150
0150 0151 0151 0151 0151 0151 0151 0151 0152 0152 0152 0152.
0152 0152 0152 0152 0152 0152 0152 0152 0152 0152 0153 0153
0153 0153 0153 0153 0153 0153 0153 0153 0153 0153 0153 0153=
0132 0132 0132 0132 0132 0132 0132 0132 0132 0132 0132 0132
0132 0132 0132 0132 0132 0132 0132 0132 0132 0132 0132 0132.
0132 0132 0132 0132 0132 0132 0132 0132 0132 0132 0132 0132
0132 0132 0132 0133 0132 0132 0132 0132 0132 0133 0132 0132.
0132 0132 0132 0132 0132 0132 0133 0133 0133 0132 0132 0133
0132 0133 0133 0133 0133 0133 0133 0133 0133 0133 0133 0133.
0133 0133 0133 0133 0133 0133 0133 0133 0133 0133 0133 0133
0133 0133 0133 0133 0133 0133 0133 0133 0133 0133 0133 0133.
0133 0133 0133 0133 0133 0133 0133 0133 0133 0133 0133 0133
0133 0133 0133 0133 0133 0133 0133 0133 0133 0133 0133 0133.
0133 0133 0133 0133 0133 0133 0133 0133 0133 0133 0133 0133
0133 0133 0133 0133 0133 0133 0133 0133 0133 0133 0133 0133.
0133 0133 0133 0133 0133 0133 0133 0133 0133 0133 0133 0133
0133 0133 0133 0133 0133 0133 0133 0133 0133 0133 0133 0133.
0133 0133 0133 0133 0133 0133 0133 0133 0133 0133 0133 0133
0134 0133 0134 0133 0134 0134 0133 0134 0134 0134 0133 0133.
0133 0133 0133 0134 0134 0133 0133 0133 0133 0133 0133 0133
0134 0134 0134 0134 0134 0134 0134 0134 0134 0134 0134 0134.
0134 0134 0134 0134 0134 0134 0134 0134 0134 0134 0134 0134
0134 0134 0134 0134 0134 0134 0134 0134 0134 0134 0134 0134.
0134 0134 0134 0134 0134 0134 0134 0134 0134 0134 0134 0134
0134 0134 0134 0134 0134 0134 0134 0134 0134 0134 0134 0134.
0134 0134 0134 0134 0134 0134 0134 0134 0134 0134 0134 0134
0134 0134 0134 0134 0134 0134 0134 0134 0134 0134 0134 0134.
0134 0134 0134 0134 0134 0134 0134 0134 0134 0134 0134 0134
0134 0134 0134 0134 0134 0134 0134 0134 0134 0134 0134 0134.
0134 0134 0134 0134 0134 0134 0134 0134 0134 0134 0135 0134
0135 0135 0135 0135 0135 0135 0135 0135 0135 0135 0135 0135.
0135 0135 0135 0135 0135 0135 0135 0135 0135 0135 0135 0135
0135 0135 0135 0135 0135 0135 0135 0135 0135 0135 0135 0135.
0135 0135 0135 0135 0135 0135 0135 0135 0135 0135 0135 0135
0135 0135 0135 0136 0135 0136 0136 0136 0136 0136 0136 0136.
0136 0136 0135 0135 0136 0136 0136 0136 0136 0136 0136 0136
0136 0136 0136 0136 0136 0136 0136 0136 0136 0136 0136 0136.
0136 0136 0136 0136 0136 0136 0136 0136 0136 0136 0136 0136
0136 0136 0136 0136 0136 0136 0137 0136 0136 0137 0137 0137.
0137 0137 0137 0137 0137 0137 0137 0137 0137 0137 0137 0137
0137 0137 0137 0137 0137 0137 0137 0137 0137 0137 0137 0137.
0137 0137 0137 0137 0137 0137 0137 0137 0137 0137 0137 0137
0137 0137 0137 0137 0138 0138 0138 0138 0138 0138 0138 0138.
0138 0138 0138 0138 0138 0138 0138 0138 0138 0138 0138 0138
0138 0138 0138 0138 0138 0138 0138 0138 0139 0138 0139 0139.
0139 0139 0139 0139 0139 0139 0139 0139 0139 0139 0139 0139
0139 0139 0139 0139 0139 0139 0139 0139 0139 0139 0139 0139.
0139 0139 0139 0140 0140 0140 0140 0140 0140 0140 0140 0140
0140 0140 0140 0140 0140 0140 0140 0140 0140 0140 0140 0140.
0140 0140 0140 0140 0140 0140 0140 0140 0140 0140 0140 0140
0140 0141 0141 0141 0141 0141 0141 0141 0141 0141 0141 0141.
0141 0141 0141 0141 0141 0141 0141 0141 0141 0141 0141 0141
0141 0141 0141 0141 0141 0141 0141 0141 0141 0141 0141 0141.
0141 0141 0141 0141 0142 0141 0141 0141 0142 0142 0141 0142
0142 0142 0142 0142 0142 0142 0142 0142 0142 0142 0142 0142.
0142 0142 0142 0142 0142 0142 0142 0142 0142 0142 0142 0142
0142 0142 0142 0142 0142 0142 0142 0142 0142 0143 0143 0142.
0142 0142 0142 0143 0143 0143 0143 0143 0143 0143 0143 0143
0143 0143 0143 0143 0143 0143 0143 0143 0143 0143 0143 0143.
0143 0143 0143 0143 0143 0143 0143 0143 0143 0143 0143 0143
0143 0144 0144 0144 0144 0144 0144 0144 0144 0144 0144 0144.
0144 0144 0144 0144 0144 0144 0144 0144 0144 0144 0144 0144
0144 0144 0144 0144 0145 0145 0145 0145 0145 0145 0145 0145.
0145 0145 0145 0145 0145 0145 0145 0145 0145 0145 0145 0145
0145 0145 0146 0146 0146 0146 0146 0146 0146 0146 0146 0146=
0171 0171 0171 0171 0171 0171 0171 0170 0170 0170 0170 0171
0170 0170 0170 0170 0170 0170 0170 0170 0170 0170 0170 0170.
0170 0170 0170 0170 0170 0170 0170 0170 0170 0170 0170 0170
0170 0170 0170 0170 0170 0170 0170 0170 0170 0170 0170 0170.
0170 0170 0170 0170 0170 0170 0170 0170 0170 0170 0170 0170
0170 0170 0170 0170 0170 0170 0170 0170 0170 0169 0169 0170.
0169 0169 0169 0169 0169 0169 0169 0169 0169 0169 0169 0169
0169 0169 0169 0169 0169 0169 0169 0169 0169 0169 0169 0169.
0169 0169 0169 0169 0169 0169 0169 0169 0169 0169 0169 0169
0169 0169 0169 0169 0169 0169 0169 0169 0169 0169 0169 0169.
0169 0169 0169 0169 0169 0169 0169 0169 0169 0169 0169 0169
0169 0169 0169 0169 0169 0169 0169 0168 0168 0168 0168 0168.
0168 0168 0168 0168 0168 0168 0168 0168 0168 0168 0168 0168
0168 0168 0168 0168 0168 0168 0168 0168 0168 0168 0168 0168.
0168 0168 0168 0168 0168 0168 0168 0168 0168 0168 0168 0168
0168 0168 0168 0168 0168 0168 0168 0168 0168 0168 0168 0168.
0168 0168 0168 0168 0168 0168 0168 0168 0167 0168 0168 0168
0168 0168 0168 0168 0168 0168 0168 0168 0167 0167 0167 0167.
0167 0167 0167 0167 0167 0167 0167 0167 0167 0167 0167 0167
0167 0167 0167 0167 0167 0167 0167 0167 0167 0167 0167 0167.
0167 0167 0167 0167 0167 0167 0167 0167 0167 0167 0167 0167
0167 0167 0167 0167 0167 0167 0167 0167 0167 0167 0167 0167.
0167 0167 0167 0167 0167 0167 0167 0167 0167 0167 0167 0167
0167 0167 0167 0167 0167 0167 0167 0167 0167 0167 0167 0166.
0167 0166 0166 0166 0166 0166 0166 0166 0166 0166 0166 0166
0166 0166 0166 0166 0166 0166 0166 0168 0168 0168 0168 0168.
0168 0168 0168 0168 0168 0168 0168 0168 0168 0168 0168 0168
0168 0168 0168 0168 0168 0168 0168 0168 0168 0168 0168 0168.
0168 0168 0168 0167 0168 0167 0167 0168 0167 0167 0167 0167
0167 0167 0168 0167 0167 0168 0168 0168 0167 0167 0167 0167.
0167 0167 0167 0167 0167 0167 0167 0167 0167 0167 0167 0167
0167 0167 0167 0167 0167 0167 0167 0167 0167 0167 0167 0167.
0167 0167 0167 0167 0167 0167 0167 0167 0167 0167 0167 0167
0167 0167 0167 0167 0167 0167 0167 0167 0167 0167 0167 0167.
0167 0167 0167 0167 0167 0167 0167 0167 0167 0167 0167 0167
0167 0167 0167 0167 0167 0167 0167 0167 0167 0167 0167 0167.
0167 0167 0167 0167 0167 0167 0166 0167 0167 0166 0166 0166
0167 0167 0166 0166 0166 0166 0166 0166 0166 0166 0166 0166.
0166 0166 0166 0166 0166 0166 0166 0166 0166 0166 0166 0166
0166 0166 0166 0166 0166 0166 0166 0166 0166 0166 0166 0166.
0166 0166 0166 0166 0166 0166 0166 0166 0166 0166 0166 0166
0166 0166 0166 0166 0166 0166 0166 0166 0166 0166 0166 0166.
0166 0166 0166 0166 0166 0166 0166 0166 0166 0166 0166 0166
0166 0166 0166 0166 0166 0166 0166 0166 0166 0166 0166 0166.
0166 0166 0166 0166 0166 0166 0166 0166 0166 0166 0166 0166
0165 0166 0166 0166 0166 0166 0166 0166 0165 0165 0166 0165.
0165 0165 0165 0165 0165 0165 0166 0165 0165 0165 0165 0165
0165 0165 0165 0165 0165 0165 0165 0165 0165 0165 0165 0165.
0165 0165 0165 0165 0165 0165 0165 0165 0165 0165 0165 0165
0165 0165 0165 0165 0165 0165 0165 0165 0165 0165 0165 0165.
0165 0165 0165 0165 0165 0165 0165 0165 0165 0165 0165 0165
0165 0165 0165 0165 0165 0165 0165 0165 0165 0165 0165 0165.
0165 0165 0165 0165 0165 0165 0165 0165 0165 0165 0165 0165
0165 0165 0165 0165 0165 0165 0165 0165 0165 0165 0165 0165.
0165 0165 0165 0165 0165 0165 0165 0165 0165 0165 0165 0165
0165 0165 0165 0165 0165 0165 0165 0165 0165 0165 0165 0165.
0165 0165 0165 0165 0165 0165 0165 0165 0165 0165 0165 0165
0165 0165 0165 0165 0165 0165 0165 0165 0165 0165 0165 0165.
0165 0165 0165 0165 0165 0165 0165 0165 0165 0165 0165 0165
0165 0165 0165 0165 0165 0165 0165 0165 0165 0165 0165 0165.
0165 0165 0165 0165 0165 0165 0165 0165 0165 0165 0165 0165
0165 0165 0165 0165 0165 0165 0165 0165 0165 0165 0165 0165=
A=
SA=
BA
0040 0039 0043 0039 0036 0035 0035 0032 0034 0039 0033 0036
0043 0049 0072 0092 0098 0125 0151 0145 0106 0071 0055 0056 0183 1520 0031 0346.
0056 0052 0045 0045 0040 0029 0030 0036 0041 0030 0035 0053
0082 0088 0095 0112 0113 0098 0113 0109 0095 0062 0053 0050 0123 1256 0028 0237.
0044 0043 0048 0038 0040 0045 0040 0044 0038 0023 0004 0051
0061 0081 0113 0138 0159 0109 0101 0086 0073 0060 0053 0050 0159 1300 0003 0701.
0051 0051 0044 0021 -006 0038 0038 0039 0021 0009 0028 0055
0069 0103 0148 0220 0259 0276 0252 0197 0163 0109 0077 0088 0314 1332 -008 0109.
0080 0078 0071 0070 0049 0014 0013 0018 0042 0029 0036 0067
0081 0099 0104 0105 0086 0106 0120 0098 0087 0069 0054 0054 0125 1506 0000 0337.
0059 0055 0054 0052 0053 0050 0050 0056 0054 0055 0053 0060
0079 0087 0109 0111 0074 0094 0090 0076 0069 0059 0043 0042 0130 1122 0041 1908.
0030 0008 0048 0043 0042 0046 0047 0053 0050 0046 0037 0038
0049 0056 0075 0090 0078 0091 0095 0087 0068 0052 0041 0039 0104 1419 0007 2156.
0039 0034 0030 0031 0033 0035 0031 0031 0026 0018 0037 0049
0095 0218 0269 0315 0344 0359 0318 0202 0130 0104 0084 0076 0374 1326 0010 0612.
0063 0026 0018 -001 -001 0011 -008 -007 0014 0001 -010 0057
0115 0225 0308 0376 0373 0382 0312 0319 0190 0119 0072 0055 0417 1243 -015 0319.
0031 0011 0010 -003 0001 0001 0016 0001 0014 0008 0024 0065
0108 0178 0311 0386 0390 0362 0313 0248 0176 0124 0088 0062 0402 1258 -006 0418.
0053 0041 0039 0025 0020 0017 0010 0010 0001 0005 -002 0068
0101 0118 0136 0154 0188 0210 0168 0196 0153 0111 0095 0092 0211 1358 -002 0659.
0086 0077 0061 0073 0078 0078 0068 0068 0062 0057 0057 0088
0123 0159 0247 0339 0256 0195 0164 0165 0127 0113 0102 0091 0364 1204 0056 0643.
0086 0082 0078 0075 0071 0068 0060 0065 0052 0050 0052 0081
0141 0194 0259 0334 0315 0293 0237 0162 0127 0104 0090 0079 0369 1239 0042 0520.
0065 0054 0042 0017 0008 0013 0040 0010 0028 0020 0010 0066
0143 0229 0311 0333 0356 0392 0350 0306 0223 0149 0113 0047 0401 1307 -007 0638.
0055 0026 0015 0014 0012 0006 -008 -003 -002 -013 0003 0068
0150 0240 0319 0379 0328 0382 0342 0260 0228 0161 0106 0093 0409 1411 -017 0607.
0072 0054 0056 0037 0033 0033 0025 0013 0029 0032 0026 0085
0156 0253 0293 0362 0398 0308 0310 0304 0235 0164 0112 0087 0414 1257 0012 0351.
0075 0068 0067 0054 0041 0037 0029 0026 0021 0011 0021 0095
0170 0283 0345 0401 0439 0469 0432 0367 0283 0204 0160 0143 0480 1403 0010 0604.
0135 0112 0115 0102 0101 0100 0099 0083 0078 0081 0115 0145
0157 0174 0183 0298 0288 0270 0278 0218 0188 0169 0159 0153 0318 1236 0076 0514.
0147 0144 0139 0138 0136 0134 0132 0131 0129 0127 0126 0131
0133 0138 0173 0198 0189 0176 0153 0162 0159 0133 0115 0112 0201 1115 0111 1938.
0114 0112 0105 0101 0088 0094 0091 0087 0092 0078 0078 0083
0098 0108 0151 0142 0174 0184 0197 0249 0160 0104 0040 0034 0249 1600 0030 1938.
0026 0041 0035 0033 0034 0028 0028 0020 0025 0039 0049 0095
0143 0212 0210 0204 0285 0393 0325 0211 0188 0146 0080 0092 0394 1346 0019 2107.
0070 0020 0024 0005 -002 -008 -009 -010 0027 0001 0024 0074
0135 0161 0191 0266 0290 0228 0263 0203 0184 0137 0098 0093 0316 1313 -017 0410.
0081 0081 0090 0079 0079 0077 0084 0078 0079 0077 0078 0126
0151 0211 0247 0315 0289 0259 0178 0119 0114 0106 0107 0104 0366 1226 0064 0633.
0100 0098 0101 0059 0047 0040 0045 0050 0060 0074 0082 0105
0113 0163 0208 0234 0233 0182 0132 0143 0127 0115 0108 0105 0254 1122 0040 0200.
0098 0096 0099 0093 0096 0096 0059 0084 0085 0073 0076 0119
0175 0242 0344 0388 0439 0431 0411 0339 0276 0199 0155 0134 0463 1322 0054 0325.
0127 0099 0083 0072 0088 0073 0070 0071 0076 0072 0084 0143
0251 0363 0422 0453 0434 0417 0398 0333 0280 0218 0174 0134 0477 1235 0063 0407.
0124 0124 0101 0099 0093 0099 0089 0079 0076 0086 0091 0159
0236 0330 0394 0416 0410 0378 0366 0278 0262 0212 0192 0183 0428 1151 0075 0451.
0159 0143 0148 0132 0118 0114 0115 0102 0135 0144 0151 0163
0179 0198 0247 0306 0293 0261 0216 0201 0193 0171 0157 0157 0338 1215 0101 0335.
0156 0154 0151 0148 0138 0134 0132 0120 0111 0083 0095 0166
0219 0284 0358 0411 0413 0424 0400 0323 0271 0217 0175 0152 0433 1404 0081 0610.
0123 0117 0129 0111 0106 0113 0109 0119 0127 0108 0120 0168
0200 0169 0185 0199 0177 0164 0150 0147 0145 0139 0131 0129 0202 0855 0096 0620.
0128 0126 0123 0114 0118 0116 0117 0112 0114 0109 0112 0157
0192 0244 0332 0319 0317 0402 0349 0264 0235 0185 0151 0127 0433 1340 0109 0538=
=
??????
******
YF
19011










=
JY
8888=
GK
01/
05/=
BZ
10/03/08;14;20

10/24/24
11/=
######
