57461 3042N 11118E 001331 001343 105 000 S14 11111999919199111991 0 2015 09
PC
9948 9953 9952 9953 9949 9945 9942 9941 9942 9945 9947 9951
9954 9958 9959 9954 9946 9938 9929 9923 9922 9926 9931 9939 9960 1025 9922 1651.
9947 9957 9964 9966 9966 9966 9967 9969 9969 9971 9975 9979
9982 9983 9983 9979 9975 9968 9961 9956 9954 9956 9959 9967 9985 1034 9939 2001.
9978 9983 9983 9987 9985 9983 9982 9981 9982 9985 9990 9993
9993 9997 9992 9987 9979 9973 9967 9962 9959 9960 9962 9964 9997 0944 9959 1635.
9971 9974 9975 9973 9969 9960 9954 9953 9948 9949 9955 9958
9959 9956 9949 9940 9935 9930 9926 9919 9916 9916 9917 9924 9976 2301 9914 1832.
9931 9934 9935 9935 9934 9927 9926 9925 9927 9931 9936 9939
9942 9947 9947 9942 9931 9927 9923 9917 9915 9915 9914 9917 9949 1045 9912 1914.
9924 9929 9929 9930 9927 9924 9922 9921 9919 9921 9929 9934
9936 9937 9936 9931 9924 9918 9914 9910 9909 9914 9920 9933 9938 1004 9908 1720.
9946 9950 9954 9960 9962 9958 9959 9962 9966 9971 9976 9982
9986 9987 9984 9978 9973 9968 9962 9958 9957 9958 9963 9969 9987 0903 9934 2001.
9978 9982 9984 9979 9976 9970 9965 9964 9966 9969 9973 9980
9982 9985 9984 9978 9971 9968 9963 9960 9960 9962 9964 9972 9987 1028 9959 1611.
9983 9989 9988 9988 9984 9980 9978 9977 9978 9984 9991 9999
0002 0005 0004 9998 9992 9986 9978 9973 9974 9978 9986 9992 0005 0951 9972 2001.
0002 0006 0009 0008 0007 0003 0003 0004 0006 0010 0015 0018
0021 0021 0018 0010 0000 9993 9985 9979 9977 9975 9976 9980 0022 0825 9975 1732.
9987 9987 9985 9983 //// //// //// //// //// //// //// ////
//// //// //// //// //// //// //// //// //// //// //// //// 9988 2105 9980 2001.
//// //// //// //// //// //// //// //// //// //// //// ////
//// //// //// //// //// //// //// //// //// //// //// //// //// //// //// ////.
//// //// //// //// //// //// //// //// //// //// //// ////
//// //// //// //// //// //// //// //// //// //// //// //// //// //// //// ////.
//// //// //// //// //// //// //// //// //// //// //// ////
0021 0022 0017 0011 0004 9998 9992 9986 9986 9988 9991 9999 0022 0813 9984 1714.
0006 0012 0015 0016 0016 0012 0009 0009 0013 0016 0021 0025
0028 0028 0028 0021 0014 0006 9998 9992 9992 9993 9994 9999 0030 1011 9991 1610.
0006 0012 0014 0015 0015 0012 0012 0013 0016 0020 0027 0033
0034 0032 0030 0024 0014 0005 0000 9996 9995 9996 9999 0001 0034 0837 9994 1649.
0010 0015 0017 0016 0016 0015 0014 0014 0017 0020 0027 0035
0039 0042 0043 0037 0031 0024 0018 0016 0020 0025 0029 0036 0043 1028 0001 2001.
0039 0044 0041 0038 0034 0029 0024 0023 0022 0024 0027 0031
0032 0033 0033 0031 0023 0023 0012 0012 0015 0018 0016 0020 0045 2151 0011 1506.
0025 0027 0025 0022 0018 0010 0010 0008 0006 0011 0014 0018
0021 0020 0021 0016 0009 0001 9993 9989 9991 9993 9995 0002 0028 2115 9989 1530.
0005 0006 0002 0000 9998 9991 9985 9986 9983 9984 9986 9990
9995 9992 9991 9983 9971 9965 9957 9954 9953 9953 9953 9959 0007 2117 9952 1641.
9967 9970 9973 9968 9966 9966 9963 9959 9958 9956 9967 9972
9971 9968 9968 9961 9950 9941 9933 9929 9927 9930 9932 9933 9975 0735 9926 1716.
9939 9948 9950 9948 9947 9946 9943 9946 9946 9949 9950 9954
9955 9958 9957 9953 9947 9945 9946 9946 9948 9953 9954 9962 9962 1957 9933 2001.
9969 9974 9970 9965 9962 9957 9956 9955 9952 9955 9961 9964
9966 9968 9961 9951 9939 9931 9925 9922 9924 9925 9925 9930 9974 2150 9922 1552.
9935 9941 9941 9934 9932 9927 9921 9920 9918 9919 9922 9925
9931 9932 9933 9933 9926 9923 9921 9922 9928 9933 9937 9944 9944 1959 9918 0446.
9951 9955 9954 9948 9943 9943 9939 9938 9940 9947 9952 9958
9958 9960 9963 9961 9954 9949 9945 9941 9946 9949 9951 9957 9964 1052 9938 0317.
9962 9968 9970 9970 9967 9965 9963 9967 9967 9973 9977 9983
9988 9991 9994 9990 9984 9977 9971 9968 9969 9970 9974 9978 9995 1107 9957 2001.
9982 9984 9984 9980 9978 9976 9976 9976 9977 9981 9984 9989
9993 9996 9991 9984 9978 9971 9967 9966 9966 9967 9969 9974 9996 0948 9965 1535.
9980 9980 9980 9979 9976 9974 9972 9972 9974 9980 9983 9990
9995 9996 9995 9989 9981 9972 9968 9971 9973 9978 9984 9993 9998 1014 9967 1509.
0002 0009 0010 0008 0006 0005 0004 0003 0005 0010 0017 0023
0027 0025 0020 0013 0001 9992 9988 9987 9990 9993 9996 0006 0027 0859 9987 1522.
0010 0012 0010 0007 0005 0004 9998 9993 9995 9997 9999 0004
0006 0003 9997 9988 9979 9970 9966 9967 9971 9981 9989 9999 0014 2215 9966 1434=
0098 0105 0091 0092
0119 0133 0122 0121
0137 0147 0126 0117
0113 0112 0083 0077
0080 0092 0080 0071
0078 0088 0070 0086
0111 0137 0123 0124
0125 0135 0122 0126
0134 0154 0140 0147
0157 0173 0147 0134
//// //// //// ////
//// //// //// ////
//// //// //// ////
//// //// //// ////
0168 0182 0162 0155
0168 0190 0161 0157
0170 0191 0180 0194
0186 0190 0181 0178
0168 0176 0158 0160
0148 0147 0120 0115
0121 0128 0095 0088
0100 0109 0100 0118
0112 0121 0086 0085
0081 0080 0079 0100
0100 0115 0105 0114
0121 0140 0133 0135
0132 0146 0127 0130
0130 0146 0127 0149
0160 0179 0146 0162
0158 0159 0124 0155=
TB
0250 0250 0241 0234 0233 0231 0227 0225 0223 0226 0226 0238
0247 0257 0274 0289 0298 0304 0311 0317 0313 0306 0298 0293 0321 1605 0223 0413.
0291 0252 0238 0237 0241 0240 0241 0240 0241 0240 0242 0245
0259 0270 0277 0285 0297 0294 0298 0302 0302 0294 0290 0283 0303 1532 0234 2325.
0277 0273 0270 0267 0257 0251 0250 0245 0243 0243 0243 0257
0259 0271 0279 0280 0293 0298 0299 0296 0294 0290 0283 0279 0302 1354 0242 0430.
0269 0263 0260 0259 0256 0257 0254 0252 0250 0249 0248 0248
0251 0263 0279 0285 0289 0297 0299 0308 0310 0301 0292 0284 0312 1634 0247 0717.
0276 0274 0271 0254 0254 0255 0253 0253 0253 0253 0250 0246
0246 0244 0245 0254 0261 0262 0274 0276 0274 0268 0264 0258 0284 2001 0243 1006.
0255 0249 0246 0242 0240 0236 0233 0231 0226 0224 0227 0242
0261 0286 0307 0320 0324 0331 0334 0331 0328 0313 0287 0279 0336 1426 0222 0630.
0260 0264 0255 0255 0234 0231 0228 0228 0226 0223 0220 0219
0224 0235 0240 0251 0255 0259 0263 0266 0272 0265 0255 0252 0279 2001 0217 0721.
0245 0240 0238 0233 0230 0228 0227 0230 0227 0225 0227 0236
0250 0257 0267 0275 0281 0288 0292 0291 0289 0283 0277 0270 0298 1430 0225 0536.
0261 0251 0245 0242 0241 0238 0236 0234 0232 0229 0230 0235
0255 0276 0285 0292 0303 0305 0306 0307 0300 0298 0287 0277 0311 1547 0229 0555.
0265 0255 0253 0254 0250 0249 0249 0248 0247 0242 0242 0248
0251 0256 0254 0271 0278 0292 0286 0283 0278 0275 0271 0263 0292 1359 0242 0547.
0259 0255 0252 0249 //// //// //// //// //// //// //// ////
//// //// //// //// //// //// //// //// //// //// //// //// 0263 2001 0249 2358.
//// //// //// //// //// //// //// //// //// //// //// ////
//// //// //// //// //// //// //// //// //// //// //// //// //// //// //// ////.
//// //// //// //// //// //// //// //// //// //// //// ////
//// //// //// //// //// //// //// //// //// //// //// //// //// //// //// ////.
//// //// //// //// //// //// //// //// //// //// //// ////
0221 0236 0254 0260 0270 0273 0272 0277 0271 0264 0254 0246 0281 1554 0205 0814.
0231 0215 0207 0202 0198 0195 0190 0187 0189 0190 0194 0208
0219 0239 0249 0267 0275 0288 0289 0290 0282 0276 0266 0252 0295 1554 0186 0356.
0232 0222 0213 0206 0203 0199 0192 0190 0187 0189 0185 0195
0220 0245 0260 0270 0278 0282 0285 0281 0278 0271 0263 0255 0289 1522 0184 0705.
0246 0239 0236 0232 0231 0227 0224 0224 0221 0219 0219 0214
0214 0216 0221 0230 0241 0241 0243 0238 0231 0220 0200 0192 0255 2001 0192 1957.
0193 0191 0188 0187 0186 0186 0186 0186 0187 0188 0188 0189
0192 0194 0196 0196 0199 0198 0197 0196 0193 0194 0194 0192 0200 1311 0185 0236.
0192 0191 0192 0192 0192 0193 0194 0194 0192 0192 0193 0194
0195 0200 0204 0209 0214 0214 0209 0209 0206 0203 0202 0201 0214 1253 0191 2052.
0198 0198 0196 0195 0196 0197 0195 0196 0194 0189 0191 0199
0217 0228 0248 0265 0279 0278 0283 0280 0275 0266 0249 0233 0287 1338 0187 0607.
0227 0214 0207 0203 0197 0198 0197 0192 0191 0190 0189 0198
0220 0241 0263 0280 0288 0289 0296 0287 0283 0273 0264 0247 0298 1455 0185 0639.
0229 0220 0216 0215 0214 0212 0210 0208 0207 0209 0204 0210
0218 0230 0239 0246 0256 0254 0248 0245 0240 0225 0219 0216 0257 1303 0203 0638.
0210 0207 0205 0205 0204 0204 0202 0202 0201 0201 0198 0205
0213 0228 0253 0264 0268 0265 0265 0264 0259 0255 0250 0246 0273 1345 0198 0645.
0240 0230 0220 0217 0219 0219 0216 0217 0217 0216 0216 0215
0212 0206 0204 0203 0207 0209 0210 0208 0203 0202 0199 0198 0246 2001 0198 1955.
0197 0197 0196 0195 0193 0193 0193 0191 0190 0191 0192 0198
0209 0221 0224 0218 0216 0225 0234 0236 0234 0227 0220 0218 0237 1554 0188 0530.
0211 0207 0206 0204 0203 0201 0200 0200 0199 0198 0199 0205
0210 0216 0218 0219 0228 0233 0234 0234 0232 0228 0224 0220 0235 1537 0198 0525.
0218 0215 0212 0211 0209 0208 0208 0208 0207 0207 0207 0211
0215 0221 0228 0234 0240 0246 0249 0248 0243 0235 0228 0227 0249 1421 0206 0422.
0224 0221 0218 0217 0216 0215 0215 0214 0212 0211 0213 0219
0224 0231 0244 0261 0280 0281 0275 0274 0274 0257 0249 0244 0287 1343 0211 0557.
0242 0237 0236 0233 0229 0224 0219 0212 0207 0202 0200 0216
0235 0262 0271 0278 0288 0291 0304 0295 0283 0273 0267 0259 0307 1509 0199 0621.
0258 0256 0253 0248 0245 0235 0235 0232 0230 0228 0226 0229
0246 0256 0268 0266 0276 0272 0277 0266 0257 0245 0238 0234 0281 1509 0225 0635=
IB
=
0172 0170 0178 0181 0184 0188 0197 0193 0187 0188 0196 0193
0202 0198 0195 0204 0206 0194 0198 0187 0200 0202 0209 0207.
0213 0231 0222 0220 0222 0226 0229 0226 0218 0224 0228 0224
0232 0226 0220 0218 0211 0206 0209 0210 0210 0206 0199 0203.
0205 0194 0201 0208 0212 0208 0211 0208 0214 0212 0216 0207
0209 0200 0191 0192 0196 0201 0196 0190 0197 0193 0192 0202.
0207 0208 0208 0211 0213 0216 0213 0211 0223 0222 0223 0217
0216 0217 0219 0210 0209 0211 0216 0213 0223 0215 0219 0229.
0238 0238 0234 0235 0236 0236 0237 0239 0241 0243 0236 0236
0236 0235 0235 0240 0236 0235 0228 0214 0221 0220 0227 0223.
0232 0237 0236 0228 0233 0228 0223 0223 0211 0209 0208 0205
0207 0201 0215 0215 0210 0213 0212 0213 0210 0206 0202 0212.
0221 0214 0220 0228 0220 0226 0221 0221 0216 0211 0210 0209
0207 0216 0211 0206 0201 0213 0208 0204 0205 0210 0212 0211.
0212 0215 0219 0206 0213 0211 0206 0207 0202 0204 0206 0211
0225 0205 0203 0196 0191 0197 0198 0197 0195 0187 0192 0201.
0218 0210 0210 0209 0210 0217 0211 0218 0209 0212 0207 0214
0220 0199 0194 0198 0181 0189 0190 0184 0184 0189 0188 0203.
0204 0194 0199 0211 0209 0206 0199 0211 0210 0215 0217 0221
0222 0213 0219 0187 0193 0192 0187 0190 0188 0185 0184 0204.
0205 0199 0205 0208 //// //// //// //// //// //// //// ////
//// //// //// //// //// //// //// //// //// //// //// ////.
//// //// //// //// //// //// //// //// //// //// //// ////
//// //// //// //// //// //// //// //// //// //// //// ////.
//// //// //// //// //// //// //// //// //// //// //// ////
//// //// //// //// //// //// //// //// //// //// //// ////.
//// //// //// //// //// //// //// //// //// //// //// ////
0181 0161 0157 0154 0141 0136 0132 0136 0131 0132 0126 0132.
0154 0149 0150 0158 0166 0160 0162 0163 0156 0164 0172 0158
0162 0167 0155 0145 0103 0095 0123 0124 0133 0128 0134 0134.
0155 0156 0152 0158 0157 0160 0157 0164 0161 0160 0157 0163
0167 0152 0138 0134 0137 0151 0140 0144 0137 0138 0141 0161.
0166 0167 0164 0172 0171 0170 0167 0173 0179 0179 0183 0180
0190 0184 0185 0192 0190 0183 0183 0175 0199 0186 0176 0177.
0185 0183 0176 0175 0176 0176 0176 0181 0182 0183 0178 0179
0180 0187 0189 0189 0192 0185 0185 0184 0183 0184 0189 0187.
0187 0188 0182 0182 0182 0188 0191 0186 0184 0189 0185 0191
0187 0188 0182 0179 0174 0178 0181 0177 0184 0177 0176 0177.
0183 0172 0177 0175 0172 0167 0165 0168 0166 0167 0178 0177
0169 0173 0170 0170 0152 0161 0162 0163 0168 0159 0166 0177.
0176 0188 0188 0184 0175 0183 0175 0175 0167 0173 0176 0172
0172 0166 0177 0169 0164 0161 0161 0138 0145 0143 0155 0174.
0176 0176 0178 0173 0184 0186 0184 0182 0188 0187 0191 0188
0194 0194 0185 0183 0167 0171 0180 0175 0186 0187 0193 0193.
0195 0195 0190 0192 0192 0192 0190 0190 0194 0194 0186 0193
0196 0188 0183 0175 0158 0161 0170 0175 0175 0174 0172 0181.
0184 0200 0192 0187 0189 0191 0195 0198 0198 0199 0188 0198
0195 0194 0197 0198 0202 0197 0200 0193 0190 0190 0187 0191.
0189 0190 0191 0185 0188 0183 0188 0186 0185 0188 0184 0188
0199 0191 0198 0195 0197 0191 0187 0187 0183 0174 0172 0182.
0185 0186 0187 0176 0177 0182 0183 0185 0179 0183 0184 0184
0188 0192 0195 0198 0181 0188 0189 0183 0185 0181 0194 0194.
0199 0198 0193 0197 0190 0189 0189 0182 0186 0183 0188 0185
0192 0195 0196 0191 0186 0194 0188 0187 0187 0199 0201 0187.
0184 0183 0190 0191 0190 0189 0191 0193 0191 0192 0192 0189
0188 0197 0199 0190 0192 0193 0182 0190 0192 0205 0197 0203.
0199 0196 0197 0199 0206 0201 0196 0184 0183 0187 0181 0190
0188 0167 0152 0170 0153 0141 0153 0167 0166 0153 0141 0147.
0152 0144 0144 0154 0160 0175 0175 0174 0172 0181 0179 0187
0168 0162 0158 0165 0178 0171 0176 0174 0176 0170 0173 0167=
EA
196 193 204 207 212 218 229 223 215 217 228 224
236 231 226 239 243 226 230 215 233 237 247 245.
254 282 268 264 267 274 279 274 261 271 278 270
284 274 264 261 250 242 247 249 249 242 232 238.
241 225 235 245 251 245 250 246 255 252 258 244
247 233 222 223 228 235 228 220 230 224 223 237.
245 246 245 251 253 258 253 250 269 268 269 260
258 260 263 249 247 250 257 253 270 256 263 279.
295 296 287 289 292 290 293 297 300 303 291 291
291 290 289 298 291 289 277 255 266 264 275 269.
284 293 291 278 286 277 269 268 249 246 245 242
243 235 256 257 248 253 252 253 249 242 236 252.
265 255 264 277 265 274 266 266 258 250 248 247
244 258 251 242 235 254 246 240 242 249 251 250.
252 257 262 243 253 250 243 244 237 240 243 250
272 241 238 228 220 230 231 230 227 215 223 235.
260 248 249 248 249 259 250 262 247 251 244 255
264 233 226 231 207 218 220 212 212 218 216 238.
239 225 232 250 247 242 233 250 249 257 260 266
268 253 263 215 224 223 215 219 217 213 212 239.
241 232 240 246 /// /// /// /// /// /// /// ///
/// /// /// /// /// /// /// /// /// /// /// ///.
/// /// /// /// /// /// /// /// /// /// /// ///
/// /// /// /// /// /// /// /// /// /// /// ///.
/// /// /// /// /// /// /// /// /// /// /// ///
/// /// /// /// /// /// /// /// /// /// /// ///.
/// /// /// /// /// /// /// /// /// /// /// ///
207 183 178 175 160 156 151 156 151 151 146 152.
175 169 171 180 189 181 184 185 177 187 196 179
184 190 176 165 125 119 143 144 153 148 153 154.
176 177 172 179 179 181 178 187 183 181 179 186
190 172 158 153 157 172 160 163 157 158 161 183.
189 190 186 196 195 193 190 198 205 205 210 206
219 211 213 222 219 210 210 200 232 214 201 202.
213 210 202 200 201 201 201 208 209 210 204 205
207 216 219 219 223 212 213 212 210 212 218 216.
216 217 209 209 209 217 221 214 211 218 213 221
215 217 208 205 199 204 208 203 211 202 201 202.
210 196 203 199 196 190 188 192 189 190 203 202
192 197 194 194 173 183 185 185 191 181 189 203.
201 217 217 212 200 210 200 200 190 198 201 196
196 189 202 193 186 183 182 157 165 163 175 199.
201 201 204 197 211 214 211 209 217 215 220 216
225 225 213 210 190 195 207 200 215 215 223 224.
226 227 219 222 223 223 220 220 226 226 215 224
228 216 210 200 180 183 194 200 200 199 196 207.
212 233 222 215 218 221 227 231 231 232 217 231
226 226 230 231 237 230 234 223 219 220 216 222.
218 220 221 213 217 210 217 214 213 217 211 217
232 221 230 227 230 221 216 215 210 199 196 209.
213 215 216 201 202 209 210 213 204 210 211 212
216 222 227 231 208 217 219 210 213 208 225 225.
232 231 224 230 220 219 219 209 215 210 217 213
223 226 228 222 215 226 217 216 216 232 236 215.
211 210 219 221 219 218 220 224 221 223 223 218
217 229 232 220 223 224 209 219 223 241 230 238.
232 229 230 232 243 236 229 211 210 215 208 219
217 190 172 194 174 161 174 190 188 174 161 167.
173 164 164 175 181 200 200 199 197 208 206 215
192 184 180 188 203 195 201 198 201 194 197 190=
UB
62 61 68 72 74 77 83 82 80 79 83 76
76 70 62 60 58 52 51 46 51 54 59 60 45 1525.
63 88 91 90 89 92 93 92 87 91 92 88
85 77 71 67 60 59 59 58 58 59 58 62 55 1553.
65 62 66 70 76 77 79 80 84 83 85 74
74 65 59 59 56 56 54 53 56 56 58 63 50 1436.
69 72 73 75 77 78 78 78 85 85 86 83
81 76 70 64 62 60 61 57 60 60 65 72 55 1624.
80 81 80 89 90 89 91 92 93 94 92 94
94 95 94 92 86 85 76 69 73 75 80 81 69 1600.
87 93 94 92 96 95 94 95 91 91 89 80
72 60 58 54 51 50 49 50 50 53 60 67 47 1645.
79 74 81 85 92 97 96 96 94 93 94 94
90 89 84 76 72 76 72 69 67 72 77 78 65 2001.
82 86 89 85 90 90 88 87 86 88 88 86
86 73 68 62 58 58 57 57 57 56 60 66 53 1434.
77 78 81 82 83 88 86 91 87 90 87 88
81 63 58 57 48 50 50 48 50 52 55 64 44 1302.
69 69 72 77 78 77 74 80 80 85 86 85
84 77 81 60 60 55 55 57 58 58 59 70 51 1414.
72 71 75 78 // // // // // // // //
// // // // // // // // // // // // 70 2002.
// // // // // // // // // // // //
// // // // // // // // // // // // // ////.
// // // // // // // // // // // //
// // // // // // // // // // // // // ////.
// // // // // // // // // // // //
78 63 55 52 45 43 42 42 42 44 45 49 40 1456.
62 66 70 76 82 80 84 86 81 85 87 73
70 64 56 47 34 30 36 36 40 40 44 48 26 1351.
62 66 68 74 75 78 80 85 85 83 84 82
72 56 47 43 42 45 41 43 42 44 47 56 39 1439.
61 64 64 69 69 70 70 73 77 78 80 81
86 82 80 79 73 70 69 68 82 81 86 91 56 2002.
95 95 93 93 94 94 94 97 97 97 94 94
93 96 96 96 96 92 93 93 94 94 97 97 91 2002.
97 98 94 94 94 97 98 95 95 98 95 98
95 93 87 83 78 80 84 82 87 85 85 86 76 1306.
91 85 89 88 86 83 83 84 84 87 92 87
74 71 62 56 46 49 48 49 52 52 60 71 46 1300.
73 85 89 89 87 91 87 90 86 90 92 85
74 63 59 51 47 46 44 40 43 45 51 64 37 1538.
72 76 79 77 83 85 85 85 89 87 92 87
86 80 72 68 58 60 66 65 72 79 85 87 55 1253.
91 93 91 92 93 93 93 93 96 96 93 93
90 78 65 58 51 53 56 58 60 61 62 67 47 1305.
71 83 84 83 83 84 88 89 89 90 84 90
90 93 96 97 97 93 94 91 92 93 93 96 65 2001.
95 96 97 94 97 94 97 97 97 98 95 94
94 83 85 87 89 81 75 74 73 72 74 80 69 1639.
85 88 89 84 85 89 90 91 88 91 91 88
87 86 87 88 75 76 76 73 75 75 83 85 71 1403.
89 90 89 92 89 89 89 85 88 86 89 85
87 85 82 77 72 73 69 69 71 80 85 78 66 1602.
78 79 84 85 85 85 86 88 88 89 88 83
80 81 76 65 59 59 57 60 61 73 73 78 53 1312.
77 78 79 81 87 87 87 84 86 91 89 85
75 56 48 52 44 40 40 46 49 48 46 50 37 1436.
52 50 51 56 59 69 69 70 70 75 75 77
62 56 51 54 55 54 54 57 61 63 67 66 49 1118=
N=
H=
C=
V=
R6
0000 0000 0000
0027 0000 0027
0000 0000 0000
0000 0000 0000
0070 0000 0070
0000 0000 0000
0280 0000 0280
0000 0000 0000
0000 0000 0000
0000 0008 0008
//// //// ////
//// //// ////
//// //// ////
//// 0000 ////
0000 0000 0000
0000 0000 0000
0000 0056 0056
0428 0251 0679
0012 0003 0015
0000 0000 0000
0000 0000 0000
0003 0003 0006
0010 0000 0010
0000 0296 0296
0014 0016 0030
0000 0003 0003
0000 0002 0002
0000 0000 0000
0000 0000 0000
0000 0000 0000=
0000 0000 0000 0000 0000 0000 0000 0000 0000 0000 0000 0000
0000 0000 0000 0000 0000 0000 0000 0000 0000 0000 0000 0000.
0000 0013 0013 0001 0000 0000 0000 0000 0000 0000 0000 0000
0000 0000 0000 0000 0000 0000 0000 0000 0000 0000 0000 0000.
0000 0000 0000 0000 0000 0000 0000 0000 0000 0000 0000 0000
0000 0000 0000 0000 0000 0000 0000 0000 0000 0000 0000 0000.
0000 0000 0000 0000 0000 0000 0000 0000 0000 0000 0000 0000
0000 0000 0000 0000 0000 0000 0000 0000 0000 0000 0000 0000.
0000 0000 0000 0001 0000 0000 0000 0000 0000 0000 0057 0012
0000 0000 0000 0000 0000 0000 0000 0000 0000 0000 0000 0000.
0000 0000 0000 0000 0000 0000 0000 0000 0000 0000 0000 0000
0000 0000 0000 0000 0000 0000 0000 0000 0000 0000 0000 0000.
0003 0000 0000 0000 0067 0130 0026 0013 0023 0007 0010 0001
0000 0000 0000 0000 0000 0000 0000 0000 0000 0000 0000 0000.
0000 0000 0000 0000 0000 0000 0000 0000 0000 0000 0000 0000
0000 0000 0000 0000 0000 0000 0000 0000 0000 0000 0000 0000.
0000 0000 0000 0000 0000 0000 0000 0000 0000 0000 0000 0000
0000 0000 0000 0000 0000 0000 0000 0000 0000 0000 0000 0000.
0000 0000 0000 0000 0000 0000 0000 0000 0000 0000 0000 0000
0000 0000 0008 0000 0000 0000 0000 0000 0000 0000 0000 0000.
0000 0000 0000 0000 //// //// //// //// //// //// //// ////
//// //// //// //// //// //// //// //// //// //// //// ////.
//// //// //// //// //// //// //// //// //// //// //// ////
//// //// //// //// //// //// //// //// //// //// //// ////.
//// //// //// //// //// //// //// //// //// //// //// ////
//// //// //// //// //// //// //// //// //// //// //// ////.
//// //// //// //// //// //// //// //// //// //// //// ////
0000 0000 0000 0000 0000 0000 0000 0000 0000 0000 0000 0000.
0000 0000 0000 0000 0000 0000 0000 0000 0000 0000 0000 0000
0000 0000 0000 0000 0000 0000 0000 0000 0000 0000 0000 0000.
0000 0000 0000 0000 0000 0000 0000 0000 0000 0000 0000 0000
0000 0000 0000 0000 0000 0000 0000 0000 0000 0000 0000 0000.
0000 0000 0000 0000 0000 0000 0000 0000 0000 0000 0000 0000
0002 0000 0000 0000 0000 0000 0000 0000 0002 0006 0026 0020.
0022 0034 0059 0068 0083 0082 0039 0007 0012 0005 0007 0010
0006 0004 0010 0017 0015 0017 0029 0033 0055 0028 0019 0018.
0007 0004 0001 0000 0000 0000 0000 0000 0000 0000 0000 0000
0000 0000 0000 0000 0000 0000 0001 0000 0002 0000 0000 0000.
0000 0000 0000 0000 0000 0000 0000 0000 0000 0000 0000 0000
0000 0000 0000 0000 0000 0000 0000 0000 0000 0000 0000 0000.
0000 0000 0000 0000 0000 0000 0000 0000 0000 0000 0000 0000
0000 0000 0000 0000 0000 0000 0000 0000 0000 0000 0000 0000.
0000 0000 0000 0000 0000 0000 0000 0000 0000 0000 0003 0000
0000 0000 0000 0000 0000 0000 0000 0000 0000 0001 0002 0000.
0002 0006 0001 0000 0000 0000 0000 0001 0000 0000 0000 0000
0000 0000 0000 0000 0000 0000 0000 0000 0000 0000 0000 0000.
0000 0000 0000 0000 0000 0000 0000 0000 0000 0000 0000 0000
0003 0059 0021 0087 0048 0022 0013 0019 0006 0009 0005 0004.
0001 0007 0003 0002 0000 0000 0000 0001 0000 0000 0000 0000
0000 0000 0000 0004 0012 0000 0000 0000 0000 0000 0000 0000.
0000 0000 0000 0000 0000 0000 0000 0000 0000 0000 0000 0000
0000 0000 0001 0002 0000 0000 0000 0000 0000 0000 0000 0000.
0000 0000 0000 0000 0000 0000 0000 0000 0000 0000 0000 0000
0000 0000 0000 0000 0000 0000 0000 0000 0000 0002 0000 0000.
0000 0000 0000 0000 0000 0000 0000 0000 0000 0000 0000 0000
0000 0000 0000 0000 0000 0000 0000 0000 0000 0000 0000 0000.
0000 0000 0000 0000 0000 0000 0000 0000 0000 0000 0000 0000
0000 0000 0000 0000 0000 0000 0000 0000 0000 0000 0000 0000.
0000 0000 0000 0000 0000 0000 0000 0000 0000 0000 0000 0000
0000 0000 0000 0000 0000 0000 0000 0000 0000 0000 0000 0000=
0000 ////////// 00000=
W=
LA
=
003 001 003 002 000 002 002 000 001 002 000 001
001 001 001 000 001 002 003 001 003 003 001 002 036.
002 003 004 000 001 002 002 000 001 000 001 001
000 001 000 001 000 002 003 001 001 003 001 002 032.
002 001 001 002 001 001 000 002 000 002 000 000
001 001 000 002 001 001 001 003 001 002 001 002 028.
000 002 001 001 001 000 002 000 001 001 000 000
001 000 000 001 001 000 000 002 000 001 002 000 017.
001 002 000 000 000 001 000 001 001 000 000 002
001 001 001 000 000 000 001 001 000 001 000 002 016.
000 001 001 001 000 001 001 000 002 000 001 001
001 000 000 000 001 002 002 003 003 004 001 003 029.
001 002 001 001 010 011 006 002 003 001 003 000
002 000 002 000 001 000 000 001 001 001 001 001 051.
001 001 001 001 001 001 001 000 002 000 001 000
000 000 001 000 001 002 001 002 002 001 002 001 023.
001 001 002 002 001 000 002 000 001 001 000 001
000 001 000 000 002 001 002 003 001 002 002 001 027.
002 002 001 002 001 001 001 001 001 000 002 000
000 001 000 001 000 001 000 001 001 001 001 001 022.
002 000 002 001 /// /// /// /// /// /// /// ///
/// /// /// /// /// /// /// /// /// /// /// /// ///.
/// /// /// /// /// /// /// /// /// /// /// ///
/// /// /// /// /// /// /// /// /// /// /// /// ///.
/// /// /// /// /// /// /// /// /// /// /// ///
/// /// /// /// /// /// /// /// /// /// /// /// ///.
/// /// /// /// /// /// /// /// /// /// /// ///
000 000 001 001 001 002 004 002 002 002 001 002 ///.
001 002 001 002 002 000 002 001 001 001 001 001
000 001 000 000 002 001 002 002 002 003 002 001 031.
002 002 001 002 001 001 002 001 001 001 002 000
001 000 001 001 001 000 001 004 001 001 002 002 031.
001 001 001 002 001 002 001 000 002 000 002 000
000 000 001 000 000 001 000 000 000 000 002 002 019.
002 003 008 006 007 030 030 023 016 006 004 013
004 005 006 013 014 011 023 028 030 030 028 018 358.
013 005 002 002 000 001 000 001 000 001 000 000
001 000 000 000 000 000 000 000 000 001 000 000 027.
002 000 000 002 000 000 001 000 001 000 001 001
000 000 000 000 000 001 002 002 002 000 001 002 018.
002 000 001 002 001 001 001 000 001 001 000 002
000 000 001 000 000 001 002 003 002 002 001 001 025.
002 001 001 002 001 001 001 001 001 000 000 001
000 000 000 001 000 000 000 000 000 000 001 001 015.
002 000 001 001 001 000 001 002 000 001 000 000
000 000 000 000 002 000 002 001 002 002 000 001 019.
002 000 002 001 000 002 000 000 001 001 001 000
000 004 008 030 030 030 015 014 011 012 008 008 180.
003 003 007 002 001 002 000 001 001 001 000 001
000 000 000 000 005 004 003 001 001 001 000 001 038.
001 000 001 001 001 001 001 000 001 000 001 000
001 000 000 000 000 000 000 000 000 001 000 001 011.
001 000 001 001 000 001 001 000 001 001 000 000
000 000 000 000 000 000 000 001 000 001 000 001 010.
001 000 000 001 001 001 000 001 001 000 000 001
000 000 000 000 000 000 001 000 001 001 001 001 012.
001 001 001 001 000 001 001 000 002 000 001 001
000 001 000 000 001 001 002 002 002 003 001 003 026.
001 002 002 001 001 001 002 000 001 001 001 001
000 000 000 001 001 001 001 003 002 002 003 002 030=
Z=
G=
FN
PPC001 047009 010011 015007 321012 309008
351009 020007 002006 025011 339009 264012
302009 057012 272018 334015 268019 093015
184022 149011 195026 154022 177021 148015.
087012 241013 329011 296004 295011 271013
PPC001 271007 266011 PPC002 274009 260008
273008 226007 120016 111024 121025 149020
155030 157015 153015 181020 125012 089018.
107014 PPC001 PPC000 213005 009015 357006
004007 358011 313006 164008 345009 341009
188011 204017 180014 206020 129014 271016
190018 169016 194014 200009 183008 220007.
351007 022008 340008 003008 003006 267008
011006 323005 337005 318007 355008 349005
342006 259006 272005 342009 009008 055010
322004 099021 231010 195007 315006 007007.
262010 282009 030008 343010 052006 013004
PPC001 230006 209007 164007 248004 095009
136014 135023 154025 149021 158007 184010
137014 131022 133008 190012 056008 061003.
233007 251012 248007 211006 324017 344006
344007 269008 333010 271013 209009 279009
281015 244013 217014 205017 197019 185027
185034 174029 174027 049024 009011 109020.
124009 087023 079010 087027 092029 068013
336003 304009 289012 271010 268012 257007
249008 282006 231010 187009 260013 202011
282018 167014 265014 315009 307008 279010.
285006 230007 346007 354010 304005 289009
325013 233006 196006 350006 335007 324009
228010 165015 113013 117015 172023 129007
175016 149027 193015 192018 193009 250009.
268008 017010 338013 360005 338011 284006
275006 PPC001 273007 197005 237006 218007
137003 078010 222018 326014 124019 185019
188019 202021 167016 222011 209006 332012.
015008 345019 341010 295008 320006 PPC000
343007 315006 217011 323007 207007 308005
242004 277005 307007 065004 108010 012017
027010 104016 176010 150014 186005 296007.
337008 324010 331008 352006 ////// //////
////// ////// ////// ////// ////// //////
////// ////// ////// ////// ////// //////
////// ////// ////// ////// ////// //////.
////// ////// ////// ////// ////// //////
////// ////// ////// ////// ////// //////
////// ////// ////// ////// ////// //////
////// ////// ////// ////// ////// //////.
////// ////// ////// ////// ////// //////
////// ////// ////// ////// ////// //////
////// ////// ////// ////// ////// //////
////// ////// ////// ////// ////// //////.
////// ////// ////// ////// ////// //////
////// ////// ////// ////// ////// //////
115005 358010 069014 192023 160025 198032
173025 128021 158022 127022 119012 119006.
347010 306009 332011 346007 PPC002 246007
253008 324008 331012 232005 PPC002 346009
289006 219013 112012 122014 257011 158026
172011 178016 175018 181016 186010 331009.
350008 350011 009006 283008 PPC002 266010
PPC002 237005 317004 223006 243010 335005
328014 273009 200016 290006 087025 018010
128015 166015 189017 154011 207006 214008.
019007 021008 344004 279006 236005 340007
352007 PPC000 248010 281008 320012 348018
330009 336007 271013 339012 037005 001011
023006 PPC000 PPC000 111014 131014 185009.
220005 094008 164011 137013 128013 146006
111010 125009 058008 076013 066013 069005
109008 137007 111011 070007 118010 230006
108011 197007 173015 260007 175008 220008.
247009 214008 193007 171004 PPC001 166004
PPC001 028008 325005 319007 245008 271011
276014 280015 275011 285013 282013 259014
276016 263020 273022 303011 288013 275012.
317009 267009 279013 275018 275012 293008
322008 249010 304008 318011 294009 310011
285015 270014 269015 225010 158014 170025
177028 156024 189016 165009 211006 356007.
273007 PPC000 342013 325007 316006 323012
309006 274007 251009 243009 245004 218008
296008 238012 265014 240005 188020 130020
173018 177023 150018 170014 091009 360011.
342008 019009 332014 315009 PPC002 263008
256007 248006 PPC000 012008 315005 271012
247010 262009 091005 023008 024007 075003
255009 270017 331017 011008 229011 138005.
206006 268006 273004 254007 340006 253008
240006 312008 188005 PPC002 PPC002 183005
224009 151006 129018 193021 181022 097007
135023 136017 166018 153018 153006 038006.
031007 272010 360007 307004 342011 265004
249004 008008 179007 109005 067008 016010
165014 056027 030010 005008 293009 303009
237003 PPC001 062005 179005 273014 267010.
269010 252006 242009 267006 296004 212006
243008 PPC000 215005 247009 254007 244011
212007 256012 252012 276016 273015 224011
248014 212012 202007 214008 PPC000 245009.
259009 261010 275017 266012 314005 290006
341008 221011 358007 269004 238008 170003
252006 281004 242009 245013 316013 266011
250009 245006 242007 PPC000 226006 PPC002.
248005 283004 278007 282005 268003 248010
294008 304008 271007 277007 290005 246008
224006 221003 276007 135004 264009 329004
328008 344003 232006 283008 278017 265012.
247006 281007 274011 283013 305009 321006
267011 235008 273009 301008 052007 010006
272013 314003 178005 170007 291007 138020
142020 191015 111009 002010 036007 023006.
026005 017004 337007 279012 274011 283008
294006 306007 310005 273008 343006 286009
206011 076006 186015 224015 255013 148025
263018 102023 110027 044019 020015 031010.
000009 033008 035016 348025 344008 342013
253009 329009 PPC000 210003 279008 PPC002
017013 012012 030016 182017 171015 144025
169025 158040 169030 129032 160025 177023=
PPC001 037011 011012 012007 337011 293006
337010 009008 022008 341007 309007 274010
265010 037008 269015 012012 227018 123019
159019 199014 193022 171022 167021 156014.
108013 257015 297011 293007 294010 264013
301003 285007 251011 334007 311009 227007
247009 272008 164014 115019 154017 159020
153022 141017 163017 178016 112014 107019.
092013 131008 013003 222005 003011 005006
357006 356011 324006 168008 339009 004008
198009 166009 173019 232020 162014 275016
173019 170019 177017 204010 202010 211007.
002008 015009 349007 002006 353008 189004
331006 338005 318005 316004 354008 PPC002
338007 252008 327012 345009 294008 017009
353008 127016 184010 205008 252003 004008.
265008 275014 037007 328011 035005 018006
013004 208004 145006 158009 131008 098014
133014 127025 140019 137021 095008 172009
145020 134019 107008 195012 062008 056005.
216006 257009 235006 254007 311012 358009
330007 250009 312010 274010 212006 302007
269012 260013 226012 185017 178024 178027
190031 180029 179030 066032 040011 090018.
077009 103020 092011 085019 099026 093016
345006 319009 259009 308010 285012 276012
264013 324009 225012 197009 217015 205016
242013 188014 265012 252011 292010 283008.
278008 241007 348008 355009 321009 263009
310011 223006 194004 306004 335007 347007
209011 146015 099012 139014 161021 140014
122016 154020 182017 179018 198007 225009.
266009 013010 336015 007008 354005 301007
280005 PPC002 270008 206006 272006 221006
025005 039010 225014 353013 152015 182018
187023 181021 189016 201009 200006 302009.
017008 360012 337012 281007 300006 PPC002
349007 318007 220009 305006 211007 306007
241005 238010 290005 002006 319007 073012
222010 099010 154010 123011 209003 295009.
335008 338009 334009 004006 ////// //////
////// ////// ////// ////// ////// //////
////// ////// ////// ////// ////// //////
////// ////// ////// ////// ////// //////.
////// ////// ////// ////// ////// //////
////// ////// ////// ////// ////// //////
////// ////// ////// ////// ////// //////
////// ////// ////// ////// ////// //////.
////// ////// ////// ////// ////// //////
////// ////// ////// ////// ////// //////
////// ////// ////// ////// ////// //////
////// ////// ////// ////// ////// //////.
////// ////// ////// ////// ////// //////
////// ////// ////// ////// ////// //////
158008 252008 063013 182021 166025 184030
181027 144015 140021 120018 110009 111009.
339009 334009 330010 354004 310005 296006
237005 334009 330010 259008 231004 326009
311009 225013 114008 091013 223013 203018
119010 151014 173021 176016 186014 320009.
348008 356009 359007 277006 263007 243004
289005 243008 359006 258007 244008 304007
348010 296009 198016 084014 114023 011013
171012 171021 180017 167012 207008 212009.
011009 345013 343004 291007 223006 347008
340008 288005 246010 269008 325010 343016
333010 304007 278014 004010 328007 007010
073006 003004 PPC002 122012 148016 195008.
219008 094007 169009 148013 124011 137009
096011 107006 099009 079011 072012 076009
117010 100009 101011 084008 108011 217006
109009 195010 151013 202011 150012 203010.
223008 210008 214008 PPC002 343005 184004
285003 020006 335005 326008 250006 268012
280015 277017 289011 288011 261013 251012
271015 277020 268023 299012 290011 281010.
291008 275009 282012 290013 277015 287011
301008 263010 310010 308009 284011 317010
277011 264012 246014 220013 159015 151024
178024 165023 175020 165010 214006 348008.
272010 023006 342013 322008 332007 326015
288006 279008 238009 229009 284007 238009
287008 250010 280010 190009 186017 151012
145017 173018 157018 174016 101010 347010.
339013 025007 328015 346009 287003 276005
279006 275008 PPC000 009007 306007 270009
240008 228010 318005 016008 034008 090007
256006 280012 318012 355010 240011 243008.
234005 288006 312007 266009 342007 216010
229006 325007 225005 164005 014005 246005
274009 248011 113012 189021 180019 133021
144021 138019 158021 159019 145003 039006.
033006 269009 336009 349006 325009 282006
301005 009006 171006 056007 043006 016010
175008 058023 042010 353009 306008 315009
296006 329003 078006 214008 277012 251009.
254010 255006 248009 260009 299005 214003
233009 PPC001 216006 254008 254007 250009
213007 279009 262015 271014 259014 216014
252012 233012 221006 206007 PPC000 254009.
247009 250009 279014 276010 309006 311007
304003 228009 321006 285003 220008 PPC002
238006 271006 255009 236013 302013 239011
246008 267007 248008 PPC002 205006 323004.
248007 292004 267008 265006 249005 239009
279009 294010 271008 243003 333004 241008
226004 239005 247008 216006 231009 349006
340006 355004 235006 262007 282013 266011.
244006 277007 271011 278011 300009 296006
278006 236004 268008 283008 014006 348009
260010 053005 161007 208009 186008 148019
147017 186017 089011 356011 023008 354007.
012005 007004 327008 290011 280012 276010
298007 288010 281004 266008 345005 311010
219013 030007 168015 179017 181014 151022
289014 128026 104025 049016 019021 042011.
003010 013012 023014 341020 340010 326011
250006 332008 105003 290007 263008 327006
011012 051010 067022 201017 191021 163026
170026 156035 160032 132028 160028 176018=
027184 1711 040159 1415
025173 1412 039193 1532
022158 1051 033105 1301
016135 1559 025332 1052
029127 1016 037145 0936
035185 1435 057085 1753
033110 2012 050133 2007
023173 1551 033122 1435
026155 1347 035196 1457
017333 2245 023351 2200
009302 2001 013298 2244
////// //// ////// ////
////// //// ////// ////
034176 1440 047173 1435
023206 1343 042142 1302
026101 1308 037196 1247
020148 1824 028289 1043
017153 1616 023150 1611
023268 1700 031232 1401
025158 1355 035167 1347
028134 1525 045079 1524
017336 2125 027334 2247
027182 1224 040139 1608
024058 1004 037065 0959
021273 1210 028275 1207
015279 2244 022196 1532
017280 1930 026244 1926
022180 1514 032142 1448
027133 1557 043136 1557
041163 1614 058187 1613=
DB
0240 0244 0232 0226 0223 0222 0219 0216 0214 0226 0232 0278
0337 0324 0408 0473 0482 0467 0460 0428 0364 0314 0280 0276 0488 1307 0211 0409.
0275 0258 0249 0249 0249 0244 0248 0247 0243 0246 0248 0257
0302 0373 0375 0376 0450 0383 0378 0385 0344 0300 0276 0265 0477 1252 0241 0339.
0258 0259 0260 0255 0242 0249 0246 0233 0237 0235 0247 0312
0304 0347 0401 0358 0416 0398 0381 0351 0328 0294 0273 0260 0492 1240 0232 0345.
0258 0257 0255 0255 0253 0253 0252 0250 0249 0249 0246 0253
0259 0339 0408 0391 0357 0381 0355 0399 0355 0295 0274 0267 0444 1530 0245 0657.
0261 0262 0262 0256 0255 0254 0255 0255 0253 0252 0249 0250
0253 0251 0257 0297 0310 0308 0372 0338 0305 0282 0262 0250 0379 1542 0247 0652.
0247 0244 0242 0235 0237 0234 0227 0224 0219 0213 0226 0289
0378 0439 0467 0495 0485 0475 0443 0410 0363 0308 0278 0267 0497 1322 0211 0623.
0257 0248 0247 0246 0232 0234 0237 0237 0235 0232 0232 0236
0261 0285 0307 0318 0327 0353 0353 0350 0334 0278 0256 0247 0382 1512 0227 0219.
0244 0239 0243 0236 0237 0235 0233 0235 0232 0228 0238 0257
0348 0334 0355 0423 0414 0383 0419 0380 0335 0287 0265 0258 0471 1425 0228 0538.
0253 0249 0243 0243 0243 0241 0238 0237 0234 0232 0240 0249
0341 0410 0431 0423 0468 0456 0430 0379 0314 0296 0267 0259 0480 1317 0231 0530.
0254 0244 0251 0251 0251 0251 0249 0247 0244 0244 0245 0264
0288 0275 0290 0333 0368 0448 0368 0321 0292 0272 0263 0258 0449 1359 0242 0515.
0256 0253 0250 0248 //// //// //// //// //// //// //// ////
//// //// //// //// //// //// //// //// //// //// //// //// 0258 2001 0248 2348.
//// //// //// //// //// //// //// //// //// //// //// ////
//// //// //// //// //// //// //// //// //// //// //// //// //// //// //// ////.
//// //// //// //// //// //// //// //// //// //// //// ////
//// //// //// //// //// //// //// //// //// //// //// //// //// //// //// ////.
//// //// //// //// //// //// //// //// //// //// //// ////
0320 0381 0421 0416 0421 0417 0349 0347 0308 0250 0221 0217 0440 1415 0216 1950.
0209 0204 0198 0194 0190 0186 0183 0181 0186 0192 0204 0244
0307 0382 0358 0432 0447 0435 0415 0376 0314 0265 0234 0219 0452 1135 0178 0446.
0211 0203 0198 0194 0189 0184 0184 0178 0176 0181 0184 0228
0318 0385 0410 0426 0432 0428 0413 0344 0305 0257 0240 0237 0458 1239 0175 0440.
0235 0230 0228 0226 0226 0218 0220 0220 0214 0216 0217 0216
0236 0230 0243 0290 0310 0285 0278 0249 0239 0217 0205 0203 0335 1238 0199 1907.
0206 0201 0198 0193 0192 0193 0193 0195 0196 0197 0199 0202
0215 0213 0216 0225 0234 0213 0220 0209 0205 0203 0202 0200 0234 1300 0191 0020.
0201 0200 0200 0201 0201 0200 0201 0200 0199 0199 0201 0203
0204 0225 0223 0238 0250 0235 0236 0224 0213 0207 0202 0201 0250 1258 0196 0426.
0202 0198 0195 0193 0194 0194 0194 0194 0192 0182 0191 0213
0287 0291 0377 0424 0427 0417 0395 0355 0299 0254 0232 0220 0435 1251 0182 0549.
0214 0208 0203 0199 0196 0198 0197 0191 0189 0184 0197 0220
0279 0369 0406 0445 0439 0412 0420 0329 0301 0251 0236 0226 0464 1237 0184 0552.
0218 0212 0213 0214 0216 0213 0213 0210 0210 0211 0209 0225
0257 0306 0302 0312 0339 0285 0254 0254 0244 0225 0220 0215 0344 1222 0203 0627.
0216 0215 0214 0213 0213 0211 0210 0209 0208 0205 0204 0222
0268 0327 0420 0440 0412 0337 0308 0301 0280 0251 0241 0239 0453 1205 0200 0624.
0227 0219 0215 0219 0220 0221 0221 0220 0219 0218 0219 0218
0217 0213 0217 0219 0234 0239 0240 0234 0218 0216 0211 0209 0245 1319 0208 1905.
0206 0205 0205 0202 0195 0200 0200 0199 0194 0194 0201 0219
0253 0293 0272 0231 0252 0290 0296 0286 0252 0235 0226 0221 0345 1436 0192 0510.
0216 0213 0209 0209 0209 0207 0207 0205 0204 0204 0207 0222
0227 0245 0240 0257 0278 0281 0273 0264 0246 0233 0226 0223 0299 1315 0203 0409.
0221 0220 0218 0216 0215 0212 0211 0210 0210 0211 0213 0222
0234 0241 0261 0262 0283 0291 0282 0268 0251 0233 0222 0221 0292 1318 0209 0332.
0221 0219 0216 0214 0214 0213 0214 0214 0213 0212 0213 0226
0243 0258 0299 0345 0414 0411 0325 0301 0277 0256 0248 0243 0422 1410 0209 0530.
0237 0235 0232 0228 0225 0219 0211 0201 0195 0191 0200 0263
0338 0399 0408 0433 0417 0423 0416 0355 0297 0265 0250 0244 0437 1204 0189 0555.
0242 0239 0235 0232 0231 0229 0227 0226 0226 0225 0226 0246
0291 0335 0388 0345 0405 0371 0384 0324 0285 0239 0226 0225 0446 1120 0221 1922=
0280 0275 0269 0263 0260 0256 0253 0250 0248 0248 0249 0254
0264 0273 0291 0316 0338 0350 0353 0349 0337 0322 0308 0299.
0294 0288 0282 0277 0274 0271 0270 0268 0266 0265 0264 0266
0274 0288 0301 0315 0331 0328 0327 0326 0320 0310 0299 0289.
0284 0279 0277 0275 0272 0268 0267 0263 0260 0259 0258 0267
0273 0283 0299 0306 0325 0328 0326 0322 0316 0304 0295 0289.
0282 0279 0276 0274 0272 0270 0268 0267 0266 0265 0264 0264
0266 0276 0297 0302 0308 0309 0312 0319 0318 0309 0299 0291.
0285 0282 0280 0276 0274 0272 0271 0270 0269 0268 0265 0265
0265 0265 0268 0275 0280 0280 0291 0299 0296 0290 0284 0277.
0271 0266 0263 0259 0257 0255 0253 0250 0247 0243 0241 0246
0262 0286 0312 0333 0349 0358 0355 0347 0335 0320 0306 0296.
0288 0283 0277 0273 0267 0257 0255 0256 0255 0253 0252 0251
0255 0262 0268 0274 0281 0287 0291 0298 0296 0290 0280 0273.
0267 0262 0259 0257 0254 0253 0252 0251 0249 0247 0246 0250
0259 0272 0278 0293 0315 0320 0322 0322 0312 0300 0290 0282.
0276 0271 0267 0263 0261 0259 0257 0255 0253 0251 0250 0253
0262 0282 0303 0315 0327 0336 0336 0331 0317 0305 0295 0287.
0280 0275 0271 0269 0268 0266 0265 0263 0262 0260 0259 0260
0263 0270 0268 0286 0290 0302 0305 0303 0294 0286 0279 0275.
0272 0269 0266 0264 //// //// //// //// //// //// //// ////
//// //// //// //// //// //// //// //// //// //// //// ////.
//// //// //// //// //// //// //// //// //// //// //// ////
//// //// //// //// //// //// //// //// //// //// //// ////.
//// //// //// //// //// //// //// //// //// //// //// ////
//// //// //// //// //// //// //// //// //// //// //// ////.
//// //// //// //// //// //// //// //// //// //// //// ////
0233 0253 0276 0295 0310 0315 0317 0310 0295 0280 0267 0257.
0250 0243 0238 0232 0228 0224 0221 0217 0215 0214 0216 0224
0235 0254 0263 0286 0307 0318 0320 0314 0300 0283 0271 0262.
0253 0246 0240 0235 0230 0225 0221 0218 0215 0213 0211 0215
0231 0252 0275 0297 0311 0317 0320 0315 0299 0285 0273 0267.
0262 0257 0253 0250 0248 0246 0243 0241 0240 0238 0237 0237
0239 0243 0243 0247 0259 0260 0259 0257 0255 0249 0241 0235.
0232 0230 0224 0219 0213 0209 0210 0211 0211 0212 0212 0213
0216 0219 0220 0222 0225 0226 0226 0224 0220 0219 0217 0216.
0215 0214 0214 0214 0213 0213 0213 0213 0212 0212 0211 0212
0213 0214 0219 0222 0226 0228 0231 0232 0229 0225 0221 0219.
0217 0216 0214 0213 0211 0211 0210 0209 0208 0206 0204 0207
0219 0232 0245 0271 0293 0304 0306 0299 0287 0274 0262 0252.
0244 0238 0233 0228 0224 0221 0220 0217 0214 0211 0210 0213
0226 0245 0267 0289 0308 0313 0316 0307 0292 0281 0268 0258.
0251 0244 0239 0237 0235 0233 0231 0230 0228 0228 0226 0227
0234 0244 0251 0257 0264 0265 0260 0255 0252 0247 0243 0239.
0236 0234 0232 0231 0230 0228 0227 0226 0225 0223 0221 0224
0233 0249 0272 0295 0302 0302 0292 0281 0275 0266 0259 0255.
0251 0245 0240 0237 0236 0236 0235 0234 0233 0232 0232 0231
0231 0230 0230 0228 0231 0235 0238 0238 0237 0233 0230 0227.
0225 0224 0222 0221 0218 0217 0216 0215 0214 0213 0212 0216
0225 0237 0243 0241 0240 0250 0260 0259 0256 0249 0243 0238.
0235 0231 0228 0226 0224 0223 0222 0221 0219 0218 0217 0220
0224 0228 0232 0239 0247 0252 0252 0252 0249 0245 0240 0237.
0234 0232 0231 0229 0227 0226 0225 0223 0222 0222 0221 0223
0226 0229 0234 0238 0243 0248 0251 0251 0249 0245 0241 0237.
0234 0232 0231 0229 0227 0226 0225 0225 0224 0223 0222 0223
0228 0233 0240 0257 0277 0294 0294 0283 0276 0268 0261 0256.
0252 0248 0246 0243 0240 0238 0234 0229 0224 0219 0217 0222
0235 0254 0275 0292 0308 0316 0318 0311 0297 0283 0271 0263.
0258 0254 0251 0248 0245 0243 0241 0240 0239 0238 0237 0238
0245 0254 0269 0283 0290 0297 0298 0295 0283 0269 0257 0250=
0292 0287 0282 0277 0273 0270 0266 0263 0260 0259 0258 0258
0262 0267 0274 0286 0301 0314 0323 0327 0325 0320 0312 0305.
0300 0296 0291 0286 0283 0280 0278 0276 0274 0272 0271 0270
0271 0277 0285 0294 0303 0310 0312 0313 0312 0309 0303 0297.
0292 0288 0284 0282 0280 0277 0275 0272 0270 0268 0266 0267
0270 0274 0281 0290 0297 0306 0309 0311 0309 0305 0300 0295.
0290 0286 0283 0281 0279 0277 0275 0273 0272 0271 0270 0269
0269 0271 0279 0288 0294 0296 0299 0302 0306 0305 0300 0296.
0291 0287 0285 0282 0280 0278 0276 0275 0274 0273 0272 0270
0269 0269 0269 0271 0275 0277 0280 0286 0289 0288 0286 0282.
0278 0274 0271 0268 0265 0263 0261 0259 0257 0254 0252 0251
0255 0265 0280 0296 0310 0321 0327 0328 0325 0319 0311 0303.
0296 0291 0286 0282 0279 0269 0266 0265 0263 0262 0260 0259
0259 0261 0264 0268 0273 0276 0281 0285 0288 0287 0284 0279.
0275 0271 0267 0265 0263 0261 0259 0258 0257 0255 0254 0254
0256 0262 0268 0275 0286 0295 0301 0304 0303 0299 0293 0288.
0283 0279 0276 0272 0269 0267 0265 0263 0261 0260 0258 0257
0259 0266 0278 0290 0297 0307 0313 0314 0311 0305 0299 0293.
0288 0284 0279 0277 0274 0273 0271 0269 0268 0267 0265 0264
0265 0268 0269 0273 0278 0284 0291 0293 0291 0288 0283 0280.
0277 0275 0272 0270 //// //// //// //// //// //// //// ////
//// //// //// //// //// //// //// //// //// //// //// ////.
//// //// //// //// //// //// //// //// //// //// //// ////
//// //// //// //// //// //// //// //// //// //// //// ////.
//// //// //// //// //// //// //// //// //// //// //// ////
//// //// //// //// //// //// //// //// //// //// //// ////.
//// //// //// //// //// //// //// //// //// //// //// ////
0230 0239 0251 0264 0276 0286 0292 0293 0290 0283 0276 0268.
0262 0257 0252 0247 0243 0239 0236 0233 0230 0228 0227 0228
0232 0240 0249 0258 0272 0284 0292 0295 0293 0286 0279 0272.
0265 0259 0254 0249 0245 0241 0237 0234 0231 0228 0226 0225
0228 0237 0250 0264 0277 0287 0293 0296 0292 0286 0279 0273.
0269 0265 0261 0258 0256 0254 0251 0249 0248 0246 0244 0243
0243 0245 0245 0246 0250 0255 0256 0256 0255 0254 0250 0246.
0242 0239 0235 0231 0225 0220 0219 0219 0219 0219 0219 0219
0220 0222 0223 0224 0225 0227 0227 0227 0226 0224 0223 0222.
0221 0220 0220 0219 0219 0219 0218 0218 0218 0217 0217 0217
0217 0217 0219 0221 0223 0226 0228 0230 0229 0228 0226 0224.
0223 0222 0221 0219 0218 0217 0216 0216 0215 0214 0212 0212
0215 0222 0229 0240 0255 0268 0276 0279 0277 0272 0265 0259.
0253 0248 0243 0239 0235 0232 0230 0228 0225 0223 0220 0220
0223 0230 0242 0255 0269 0280 0287 0289 0285 0280 0273 0266.
0260 0254 0250 0246 0244 0241 0239 0238 0236 0235 0234 0233
0234 0238 0243 0247 0252 0256 0256 0254 0252 0250 0247 0245.
0242 0240 0238 0237 0236 0234 0233 0232 0231 0230 0229 0228
0230 0236 0246 0261 0273 0279 0279 0276 0272 0268 0263 0259.
0256 0253 0249 0245 0243 0242 0241 0240 0239 0238 0237 0236
0236 0235 0234 0233 0232 0234 0236 0238 0238 0237 0235 0233.
0232 0230 0229 0227 0226 0224 0223 0222 0222 0220 0219 0219
0222 0228 0234 0236 0236 0240 0245 0249 0250 0249 0246 0243.
0240 0237 0235 0233 0231 0229 0228 0227 0226 0225 0224 0223
0225 0226 0229 0232 0237 0241 0244 0246 0246 0244 0242 0240.
0238 0237 0235 0234 0232 0231 0230 0229 0228 0227 0226 0226
0227 0228 0230 0233 0236 0240 0243 0245 0245 0244 0242 0240.
0238 0236 0235 0233 0232 0231 0230 0229 0228 0228 0227 0227
0228 0230 0233 0239 0249 0262 0271 0271 0269 0266 0262 0258.
0255 0252 0249 0247 0245 0243 0241 0238 0234 0231 0228 0226
0230 0238 0249 0261 0273 0283 0289 0292 0288 0282 0275 0269.
0264 0260 0257 0254 0251 0249 0247 0246 0244 0243 0242 0241
0242 0246 0253 0263 0268 0276 0279 0282 0279 0273 0266 0260=
0299 0294 0291 0287 0283 0280 0277 0274 0272 0270 0268 0267
0267 0269 0272 0276 0284 0293 0301 0307 0311 0311 0309 0305.
0302 0299 0296 0293 0290 0287 0285 0283 0281 0279 0278 0276
0276 0277 0280 0285 0290 0296 0300 0302 0304 0304 0302 0299.
0296 0293 0290 0288 0286 0283 0282 0280 0278 0276 0274 0273
0273 0275 0278 0282 0287 0292 0297 0300 0301 0301 0299 0296.
0293 0291 0288 0286 0284 0282 0281 0279 0278 0277 0276 0275
0274 0274 0276 0281 0285 0288 0291 0293 0296 0298 0298 0296.
0293 0291 0289 0287 0285 0283 0282 0280 0279 0278 0277 0276
0275 0274 0273 0274 0275 0277 0278 0281 0284 0285 0285 0284.
0282 0279 0277 0275 0273 0271 0269 0268 0266 0264 0262 0260
0260 0263 0269 0278 0287 0296 0304 0309 0311 0310 0307 0303.
0299 0295 0292 0288 0285 0280 0276 0274 0272 0270 0269 0267
0266 0266 0267 0269 0271 0273 0276 0279 0282 0283 0283 0281.
0279 0277 0274 0272 0270 0268 0267 0265 0264 0263 0262 0261
0261 0262 0265 0269 0274 0280 0286 0290 0293 0293 0292 0289.
0286 0284 0281 0278 0276 0274 0272 0270 0269 0267 0266 0264
0264 0265 0270 0277 0283 0289 0295 0299 0301 0300 0298 0295.
0292 0288 0285 0283 0280 0278 0277 0275 0274 0273 0271 0270
0270 0270 0271 0272 0275 0278 0282 0285 0286 0286 0284 0282.
0281 0279 0277 0275 //// //// //// //// //// //// //// ////
//// //// //// //// //// //// //// //// //// //// //// ////.
//// //// //// //// //// //// //// //// //// //// //// ////
//// //// //// //// //// //// //// //// //// //// //// ////.
//// //// //// //// //// //// //// //// //// //// //// ////
//// //// //// //// //// //// //// //// //// //// //// ////.
//// //// //// //// //// //// //// //// //// //// //// ////
0237 0239 0245 0252 0260 0267 0274 0278 0280 0279 0277 0273.
0269 0265 0261 0258 0255 0251 0249 0246 0243 0241 0239 0238
0238 0241 0245 0250 0257 0265 0273 0278 0281 0280 0278 0275.
0271 0267 0263 0260 0256 0253 0250 0247 0244 0241 0239 0237
0237 0239 0244 0251 0260 0268 0274 0279 0281 0281 0278 0275.
0272 0269 0267 0264 0262 0260 0258 0257 0255 0253 0252 0251
0250 0250 0250 0250 0251 0253 0255 0256 0256 0256 0255 0253.
0250 0248 0245 0241 0236 0232 0230 0229 0229 0228 0228 0228
0227 0228 0228 0229 0230 0230 0231 0231 0231 0230 0229 0228.
0228 0227 0226 0226 0226 0225 0225 0225 0224 0224 0223 0223
0223 0223 0223 0224 0226 0227 0228 0230 0231 0231 0231 0229.
0228 0228 0227 0226 0225 0224 0223 0223 0222 0221 0220 0219
0220 0222 0225 0230 0238 0247 0255 0261 0264 0264 0262 0259.
0256 0253 0249 0246 0244 0241 0239 0236 0234 0233 0230 0229
0228 0230 0235 0242 0250 0259 0266 0271 0273 0272 0270 0267.
0263 0260 0256 0253 0251 0249 0247 0245 0243 0242 0241 0240
0239 0240 0242 0245 0247 0250 0252 0253 0252 0252 0250 0249.
0247 0246 0244 0243 0242 0240 0239 0239 0237 0237 0236 0235
0234 0236 0240 0246 0255 0262 0266 0267 0267 0265 0263 0261.
0259 0257 0254 0252 0250 0248 0247 0245 0245 0243 0243 0242
0241 0240 0240 0238 0237 0237 0238 0239 0240 0240 0239 0238.
0237 0236 0235 0234 0233 0232 0231 0230 0229 0228 0227 0226
0226 0228 0231 0234 0236 0237 0240 0243 0245 0246 0246 0245.
0243 0242 0240 0238 0237 0236 0234 0233 0232 0231 0230 0230
0230 0230 0231 0233 0235 0237 0240 0242 0243 0244 0243 0242.
0241 0240 0239 0238 0237 0236 0235 0234 0233 0232 0232 0231
0231 0231 0232 0233 0235 0237 0239 0241 0243 0243 0243 0242.
0241 0240 0239 0238 0237 0236 0235 0234 0233 0233 0232 0231
0231 0232 0233 0236 0240 0247 0254 0259 0260 0260 0259 0257.
0256 0254 0252 0251 0249 0247 0246 0244 0242 0239 0237 0235
0234 0236 0241 0248 0255 0263 0269 0274 0276 0275 0273 0269.
0266 0263 0261 0258 0256 0254 0253 0251 0250 0248 0247 0246
0246 0247 0249 0253 0258 0263 0267 0270 0272 0271 0268 0264=
0296 0293 0291 0288 0286 0283 0281 0279 0277 0274 0273 0271
0270 0270 0271 0272 0275 0280 0285 0290 0295 0297 0298 0298.
0296 0295 0293 0291 0289 0287 0286 0284 0282 0281 0279 0278
0277 0277 0277 0279 0282 0285 0288 0291 0293 0294 0295 0294.
0293 0291 0289 0287 0286 0284 0283 0281 0280 0278 0277 0275
0275 0275 0275 0277 0279 0282 0286 0289 0291 0292 0292 0292.
0290 0289 0287 0286 0284 0283 0281 0280 0279 0278 0277 0276
0275 0274 0274 0276 0278 0281 0283 0285 0287 0289 0290 0290.
0289 0288 0287 0285 0284 0283 0282 0280 0279 0278 0277 0276
0276 0275 0274 0274 0274 0274 0275 0276 0278 0279 0280 0280.
0280 0279 0277 0276 0275 0273 0272 0270 0269 0267 0266 0264
0263 0263 0265 0269 0274 0279 0285 0290 0294 0296 0297 0296.
0294 0292 0290 0288 0286 0282 0279 0277 0275 0273 0272 0271
0269 0269 0268 0268 0269 0270 0272 0273 0275 0277 0278 0278.
0277 0276 0275 0273 0272 0271 0269 0268 0267 0266 0265 0264
0263 0263 0264 0265 0267 0270 0274 0278 0281 0283 0283 0283.
0282 0281 0280 0278 0276 0275 0273 0272 0271 0269 0268 0267
0266 0265 0267 0269 0273 0276 0281 0284 0287 0289 0289 0289.
0287 0286 0284 0282 0280 0279 0277 0276 0275 0274 0273 0272
0271 0270 0270 0270 0271 0272 0274 0277 0279 0280 0280 0279.
0278 0277 0276 0275 //// //// //// //// //// //// //// ////
//// //// //// //// //// //// //// //// //// //// //// ////.
//// //// //// //// //// //// //// //// //// //// //// ////
//// //// //// //// //// //// //// //// //// //// //// ////.
//// //// //// //// //// //// //// //// //// //// //// ////
//// //// //// //// //// //// //// //// //// //// //// ////.
//// //// //// //// //// //// //// //// //// //// //// ////
0243 0242 0244 0246 0250 0255 0260 0264 0267 0269 0270 0269.
0267 0265 0263 0261 0258 0256 0254 0252 0250 0247 0245 0244
0243 0243 0244 0246 0249 0254 0259 0264 0267 0269 0270 0269.
0268 0266 0264 0262 0260 0257 0255 0252 0250 0248 0246 0244
0243 0242 0243 0246 0250 0255 0260 0264 0268 0270 0270 0270.
0269 0267 0266 0264 0263 0261 0260 0258 0257 0256 0254 0253
0252 0252 0251 0251 0251 0252 0253 0253 0254 0254 0254 0253.
0252 0251 0249 0246 0242 0239 0236 0235 0234 0234 0233 0232
0232 0232 0232 0232 0232 0232 0232 0232 0232 0232 0231 0231.
0230 0230 0229 0229 0229 0228 0228 0228 0227 0227 0226 0226
0226 0226 0226 0226 0226 0227 0228 0229 0230 0230 0230 0230.
0230 0229 0229 0228 0228 0227 0226 0226 0225 0225 0224 0223
0223 0223 0224 0226 0230 0234 0240 0245 0249 0251 0253 0253.
0252 0250 0249 0247 0245 0243 0241 0240 0238 0236 0235 0233
0232 0232 0233 0236 0240 0245 0250 0255 0258 0260 0261 0260.
0259 0258 0256 0254 0252 0250 0248 0247 0246 0244 0243 0242
0241 0241 0241 0242 0243 0245 0247 0248 0248 0249 0248 0248.
0247 0246 0245 0244 0243 0242 0241 0240 0240 0239 0238 0237
0236 0236 0237 0240 0244 0249 0252 0255 0257 0258 0258 0257.
0256 0255 0253 0252 0250 0249 0248 0247 0246 0245 0244 0243
0243 0242 0241 0240 0239 0238 0238 0239 0239 0239 0239 0239.
0238 0238 0237 0236 0235 0235 0234 0233 0232 0231 0230 0230
0229 0229 0230 0232 0233 0234 0236 0237 0239 0241 0242 0242.
0241 0241 0240 0239 0238 0237 0236 0235 0234 0234 0233 0232
0231 0231 0231 0232 0233 0234 0236 0237 0238 0239 0240 0240.
0240 0239 0239 0238 0237 0237 0236 0235 0235 0234 0233 0233
0232 0232 0232 0232 0233 0234 0236 0237 0238 0239 0240 0240.
0239 0239 0238 0238 0237 0236 0236 0235 0234 0234 0233 0233
0232 0232 0232 0233 0235 0238 0242 0246 0249 0250 0251 0251.
0251 0250 0249 0248 0247 0247 0245 0244 0243 0241 0240 0238
0237 0236 0238 0240 0244 0249 0253 0258 0261 0263 0264 0263.
0261 0260 0258 0257 0255 0254 0253 0251 0250 0249 0248 0247
0246 0246 0246 0248 0250 0253 0256 0259 0261 0262 0262 0261=
0266 0267 0267 0267 0267 0267 0267 0267 0266 0266 0266 0265
0265 0264 0264 0264 0263 0263 0263 0264 0264 0264 0265 0265.
0266 0266 0266 0267 0267 0267 0267 0267 0267 0267 0266 0266
0266 0266 0266 0265 0265 0265 0265 0266 0266 0266 0266 0267.
0267 0267 0268 0268 0268 0268 0267 0267 0267 0267 0267 0267
0266 0266 0266 0266 0265 0265 0265 0265 0266 0266 0266 0266.
0267 0267 0267 0267 0267 0267 0267 0267 0267 0266 0266 0266
0266 0266 0265 0265 0265 0265 0265 0265 0265 0265 0266 0266.
0266 0266 0266 0267 0267 0267 0266 0266 0266 0266 0266 0266
0266 0266 0265 0265 0265 0265 0265 0265 0265 0265 0265 0265.
0265 0265 0265 0265 0265 0264 0264 0264 0264 0264 0263 0263
0263 0262 0262 0262 0262 0262 0262 0262 0263 0263 0263 0264.
0265 0265 0265 0266 0266 0266 0266 0266 0266 0266 0265 0265
0265 0264 0264 0264 0263 0263 0263 0263 0263 0263 0263 0263.
0263 0263 0263 0263 0263 0263 0263 0263 0262 0262 0262 0262
0261 0261 0261 0261 0261 0261 0261 0261 0261 0261 0261 0262.
0262 0262 0262 0263 0263 0263 0263 0263 0263 0262 0262 0262
0262 0262 0261 0261 0261 0261 0261 0262 0262 0262 0263 0263.
0263 0264 0264 0264 0264 0264 0264 0264 0264 0264 0264 0264
0264 0263 0263 0263 0263 0263 0263 0263 0263 0263 0263 0263.
0263 0263 0263 0263 //// //// //// //// //// //// //// ////
//// //// //// //// //// //// //// //// //// //// //// ////.
//// //// //// //// //// //// //// //// //// //// //// ////
//// //// //// //// //// //// //// //// //// //// //// ////.
//// //// //// //// //// //// //// //// //// //// //// ////
//// //// //// //// //// //// //// //// //// //// //// ////.
//// //// //// //// //// //// //// //// //// //// //// ////
0251 0251 0250 0250 0250 0250 0250 0250 0250 0250 0251 0251.
0251 0251 0251 0251 0251 0251 0251 0251 0251 0250 0250 0250
0249 0249 0249 0248 0248 0248 0248 0248 0248 0248 0249 0249.
0249 0249 0250 0250 0250 0250 0250 0249 0249 0249 0249 0248
0248 0248 0247 0247 0247 0247 0247 0247 0247 0247 0247 0248.
0248 0248 0248 0249 0249 0249 0249 0249 0249 0249 0249 0248
0248 0248 0248 0248 0248 0248 0247 0247 0247 0247 0247 0247.
0247 0247 0247 0247 0246 0246 0245 0245 0244 0243 0243 0243
0242 0242 0241 0241 0240 0240 0240 0239 0239 0239 0238 0238.
0238 0237 0237 0237 0237 0236 0236 0236 0236 0236 0236 0236
0235 0235 0235 0235 0235 0235 0234 0234 0234 0234 0234 0234.
0234 0234 0234 0234 0234 0234 0234 0234 0234 0234 0234 0234
0233 0233 0233 0233 0233 0233 0233 0233 0234 0234 0235 0235.
0236 0236 0236 0237 0237 0237 0237 0237 0237 0237 0237 0237
0237 0236 0236 0236 0236 0236 0236 0236 0237 0237 0238 0238.
0239 0239 0239 0240 0240 0240 0240 0240 0240 0240 0240 0240
0240 0240 0239 0239 0239 0239 0239 0239 0239 0239 0239 0239.
0240 0240 0240 0240 0240 0240 0240 0240 0239 0239 0239 0239
0239 0239 0239 0239 0238 0239 0239 0239 0239 0239 0240 0240.
0240 0240 0241 0241 0241 0241 0241 0241 0241 0241 0241 0241
0241 0241 0240 0240 0240 0240 0240 0239 0239 0239 0239 0239.
0239 0239 0238 0238 0238 0238 0238 0238 0237 0237 0237 0237
0237 0236 0236 0236 0236 0236 0236 0236 0236 0236 0236 0236.
0236 0236 0236 0236 0236 0236 0236 0236 0236 0236 0236 0236
0236 0236 0236 0235 0235 0235 0235 0235 0235 0235 0235 0235.
0235 0236 0236 0236 0236 0236 0236 0236 0236 0236 0235 0235
0235 0235 0235 0235 0235 0235 0235 0235 0235 0235 0235 0235.
0235 0235 0235 0235 0235 0235 0235 0236 0235 0235 0235 0235
0235 0235 0235 0235 0235 0235 0235 0235 0235 0236 0236 0236.
0236 0237 0237 0237 0237 0238 0238 0238 0238 0238 0238 0238
0238 0238 0238 0237 0237 0237 0237 0238 0238 0238 0239 0239.
0240 0240 0240 0240 0240 0241 0241 0241 0241 0241 0241 0241
0240 0240 0240 0240 0240 0240 0241 0241 0241 0241 0241 0241=
KB
0258 0258 0258 0258 0258 0258 0258 0258 0258 0258 0258 0258
0258 0258 0258 0258 0258 0258 0258 0258 0258 0258 0258 0258.
0258 0258 0258 0258 0258 0258 0258 0258 0258 0258 0258 0258
0258 0258 0258 0258 0258 0258 0258 0258 0258 0258 0258 0258.
0258 0258 0258 0258 0258 0258 0258 0258 0258 0258 0258 0258
0258 0258 0258 0258 0258 0258 0258 0258 0258 0258 0258 0258.
0258 0258 0258 0258 0258 0258 0258 0258 0258 0258 0258 0258
0258 0258 0258 0258 0258 0258 0258 0258 0258 0258 0258 0258.
0258 0258 0258 0258 0258 0258 0258 0258 0258 0258 0258 0258
0258 0258 0258 0258 0258 0258 0258 0258 0258 0258 0258 0258.
0258 0258 0258 0258 0258 0258 0258 0258 0258 0258 0258 0258
0258 0258 0258 0258 0258 0258 0258 0257 0257 0257 0257 0257.
0257 0257 0257 0257 0257 0257 0257 0257 0257 0257 0257 0257
0257 0257 0258 0257 0258 0258 0258 0258 0258 0258 0258 0258.
0258 0257 0257 0257 0257 0257 0257 0257 0257 0257 0257 0257
0257 0257 0257 0257 0257 0257 0257 0257 0257 0257 0257 0257.
0257 0257 0257 0256 0256 0256 0256 0256 0256 0256 0256 0256
0256 0256 0256 0256 0256 0256 0256 0256 0256 0256 0256 0256.
0256 0256 0256 0256 0256 0256 0256 0256 0256 0256 0256 0256
0256 0256 0256 0256 0256 0256 0256 0256 0256 0256 0256 0256.
0256 0256 0256 0256 //// //// //// //// //// //// //// ////
//// //// //// //// //// //// //// //// //// //// //// ////.
//// //// //// //// //// //// //// //// //// //// //// ////
//// //// //// //// //// //// //// //// //// //// //// ////.
//// //// //// //// //// //// //// //// //// //// //// ////
//// //// //// //// //// //// //// //// //// //// //// ////.
//// //// //// //// //// //// //// //// //// //// //// ////
0252 0252 0252 0252 0252 0252 0251 0251 0251 0251 0251 0251.
0251 0251 0251 0250 0250 0250 0250 0250 0250 0250 0250 0250
0250 0250 0250 0250 0250 0250 0250 0250 0250 0250 0249 0249.
0249 0249 0249 0249 0249 0249 0249 0249 0249 0249 0249 0249
0249 0249 0249 0249 0249 0248 0248 0248 0248 0248 0248 0248.
0248 0248 0248 0248 0248 0248 0248 0248 0248 0247 0247 0247
0247 0247 0247 0247 0247 0247 0247 0247 0247 0247 0247 0247.
0247 0247 0247 0247 0247 0247 0247 0247 0246 0246 0247 0246
0246 0246 0246 0246 0246 0246 0246 0246 0245 0245 0245 0245.
0245 0245 0244 0244 0244 0244 0244 0244 0244 0243 0243 0243
0243 0243 0243 0243 0243 0242 0242 0242 0242 0242 0242 0242.
0242 0242 0241 0241 0241 0241 0241 0241 0241 0241 0241 0241
0240 0241 0240 0240 0240 0240 0240 0240 0240 0240 0240 0240.
0239 0239 0239 0239 0239 0239 0239 0239 0239 0239 0239 0239
0239 0239 0239 0239 0239 0239 0239 0239 0239 0239 0239 0239.
0239 0239 0239 0239 0239 0239 0239 0239 0239 0239 0239 0239
0239 0239 0239 0239 0239 0239 0239 0239 0239 0239 0239 0239.
0239 0239 0239 0239 0239 0239 0239 0239 0239 0239 0239 0239
0239 0239 0239 0239 0239 0239 0239 0239 0239 0239 0239 0239.
0239 0239 0239 0239 0239 0239 0239 0239 0239 0239 0239 0239
0239 0239 0239 0239 0239 0239 0239 0239 0239 0239 0239 0239.
0239 0239 0239 0239 0239 0239 0239 0239 0239 0239 0239 0239
0239 0239 0239 0239 0239 0238 0238 0238 0238 0238 0238 0238.
0238 0238 0238 0238 0238 0238 0238 0238 0238 0238 0238 0238
0238 0238 0238 0238 0238 0237 0237 0237 0237 0237 0237 0237.
0237 0237 0237 0237 0237 0237 0237 0237 0237 0237 0237 0237
0237 0237 0237 0237 0237 0237 0237 0237 0236 0237 0236 0236.
0236 0236 0236 0236 0236 0236 0236 0236 0236 0236 0236 0236
0236 0236 0236 0236 0236 0236 0236 0236 0236 0236 0236 0236.
0236 0236 0236 0236 0236 0236 0236 0236 0236 0236 0236 0236
0236 0236 0236 0236 0236 0236 0236 0236 0236 0236 0236 0236.
0236 0236 0236 0236 0236 0236 0236 0236 0237 0237 0237 0237
0237 0237 0237 0237 0237 0237 0237 0237 0237 0237 0237 0237=
0240 0240 0240 0239 0239 0239 0240 0240 0240 0239 0240 0240
0239 0240 0240 0240 0239 0239 0240 0240 0240 0239 0240 0240.
0240 0240 0239 0240 0240 0240 0240 0240 0240 0240 0240 0240
0240 0240 0240 0240 0240 0240 0240 0240 0240 0240 0240 0240.
0240 0240 0240 0240 0240 0240 0240 0240 0240 0240 0240 0240
0240 0240 0240 0240 0240 0240 0240 0240 0240 0240 0240 0240.
0240 0240 0240 0240 0240 0240 0240 0240 0240 0240 0240 0240
0240 0240 0240 0240 0240 0240 0240 0240 0240 0240 0240 0240.
0240 0240 0240 0240 0240 0240 0240 0240 0240 0240 0240 0240
0240 0240 0240 0240 0240 0240 0240 0240 0240 0240 0240 0240.
0240 0240 0240 0240 0240 0240 0240 0240 0240 0240 0240 0240
0240 0240 0240 0240 0240 0240 0240 0240 0240 0240 0240 0240.
0240 0240 0240 0240 0240 0240 0240 0240 0240 0240 0240 0240
0240 0240 0240 0240 0240 0240 0240 0240 0240 0240 0240 0240.
0240 0240 0240 0240 0240 0240 0240 0240 0240 0240 0240 0240
0240 0240 0240 0240 0240 0240 0240 0240 0240 0240 0240 0240.
0240 0240 0240 0240 0240 0240 0240 0240 0240 0240 0240 0240
0240 0240 0240 0240 0240 0240 0240 0240 0240 0240 0240 0240.
0240 0240 0240 0240 0240 0240 0240 0240 0240 0240 0240 0240
0240 0240 0240 0240 0240 0240 0240 0240 0240 0240 0240 0240.
0240 0240 0240 0240 //// //// //// //// //// //// //// ////
//// //// //// //// //// //// //// //// //// //// //// ////.
//// //// //// //// //// //// //// //// //// //// //// ////
//// //// //// //// //// //// //// //// //// //// //// ////.
//// //// //// //// //// //// //// //// //// //// //// ////
//// //// //// //// //// //// //// //// //// //// //// ////.
//// //// //// //// //// //// //// //// //// //// //// ////
0240 0240 0240 0240 0240 0240 0240 0240 0240 0240 0240 0240.
0240 0240 0240 0240 0240 0240 0240 0240 0240 0240 0240 0240
0240 0240 0240 0240 0240 0240 0240 0240 0240 0239 0240 0240.
0240 0239 0240 0240 0239 0239 0239 0239 0239 0239 0239 0239
0239 0240 0239 0239 0239 0239 0239 0239 0239 0239 0239 0239.
0239 0239 0239 0239 0239 0239 0239 0239 0239 0239 0239 0239
0239 0239 0239 0239 0239 0239 0239 0239 0239 0239 0239 0239.
0239 0239 0239 0239 0239 0239 0239 0239 0239 0239 0239 0239
0239 0239 0239 0239 0239 0239 0239 0239 0239 0239 0239 0239.
0239 0239 0239 0239 0239 0239 0239 0239 0239 0239 0239 0239
0239 0239 0239 0239 0239 0239 0239 0239 0239 0239 0239 0239.
0239 0239 0239 0239 0239 0239 0239 0239 0239 0239 0239 0239
0239 0239 0239 0239 0239 0239 0239 0239 0239 0239 0239 0239.
0239 0239 0238 0238 0238 0238 0238 0238 0238 0238 0238 0238
0238 0238 0238 0238 0238 0238 0238 0238 0238 0238 0238 0238.
0238 0238 0238 0238 0238 0238 0238 0238 0238 0238 0238 0238
0238 0238 0238 0238 0238 0238 0237 0237 0237 0237 0237 0237.
0237 0237 0237 0237 0237 0237 0237 0237 0237 0237 0237 0237
0237 0237 0237 0237 0237 0237 0237 0237 0237 0237 0237 0237.
0237 0237 0237 0237 0237 0237 0237 0237 0236 0237 0236 0236
0236 0236 0236 0236 0236 0236 0236 0236 0236 0236 0236 0236.
0236 0236 0236 0236 0236 0236 0236 0236 0236 0236 0236 0236
0236 0236 0236 0236 0236 0236 0236 0236 0236 0236 0236 0236.
0236 0236 0236 0236 0236 0236 0236 0236 0236 0236 0236 0236
0236 0236 0236 0236 0236 0236 0236 0236 0236 0236 0236 0236.
0236 0236 0236 0236 0236 0236 0236 0236 0236 0236 0236 0236
0236 0236 0235 0236 0235 0235 0235 0235 0235 0235 0235 0235.
0235 0235 0235 0235 0235 0235 0235 0235 0235 0235 0235 0235
0235 0235 0235 0235 0235 0235 0235 0235 0235 0235 0235 0235.
0235 0235 0235 0235 0235 0235 0235 0235 0235 0235 0235 0235
0235 0235 0235 0235 0235 0235 0235 0235 0235 0235 0235 0235.
0235 0235 0235 0235 0235 0234 0234 0234 0234 0234 0234 0234
0234 0234 0234 0234 0234 0234 0234 0234 0234 0234 0234 0234=
0209 0209 0209 0209 0209 0209 0209 0209 0209 0209 0209 0209
0209 0209 0209 0209 0209 0209 0209 0209 0209 0209 0209 0209.
0209 0209 0209 0209 0209 0209 0209 0209 0209 0209 0209 0209
0209 0209 0209 0209 0209 0209 0209 0209 0209 0209 0209 0209.
0209 0209 0209 0209 0209 0209 0209 0209 0209 0209 0209 0209
0209 0209 0209 0209 0210 0210 0209 0210 0209 0210 0209 0209.
0209 0209 0210 0210 0210 0210 0210 0210 0210 0210 0210 0210
0210 0210 0210 0210 0210 0210 0210 0210 0210 0210 0210 0210.
0210 0210 0210 0210 0210 0210 0210 0210 0210 0210 0210 0210
0210 0210 0210 0210 0210 0210 0210 0210 0210 0210 0210 0210.
0210 0210 0210 0210 0210 0210 0210 0210 0210 0210 0210 0210
0210 0210 0210 0210 0210 0210 0210 0210 0210 0210 0210 0210.
0210 0210 0210 0210 0210 0210 0210 0210 0210 0210 0210 0210
0210 0210 0210 0210 0210 0210 0210 0211 0211 0210 0210 0210.
0210 0210 0210 0210 0210 0210 0210 0210 0211 0211 0211 0210
0210 0211 0211 0211 0211 0211 0211 0211 0211 0211 0211 0211.
0211 0211 0211 0211 0211 0211 0211 0211 0211 0211 0211 0211
0211 0211 0211 0211 0211 0211 0211 0211 0211 0211 0211 0211.
0211 0211 0211 0211 0211 0211 0211 0211 0211 0211 0211 0211
0211 0211 0211 0211 0211 0211 0211 0211 0211 0211 0211 0211.
0211 0211 0211 0211 //// //// //// //// //// //// //// ////
//// //// //// //// //// //// //// //// //// //// //// ////.
//// //// //// //// //// //// //// //// //// //// //// ////
//// //// //// //// //// //// //// //// //// //// //// ////.
//// //// //// //// //// //// //// //// //// //// //// ////
//// //// //// //// //// //// //// //// //// //// //// ////.
//// //// //// //// //// //// //// //// //// //// //// ////
0212 0212 0212 0212 0212 0212 0212 0212 0212 0212 0212 0212.
0212 0212 0212 0212 0212 0212 0212 0212 0212 0212 0212 0212
0212 0212 0212 0212 0212 0212 0212 0212 0212 0212 0212 0212.
0212 0212 0212 0212 0212 0212 0212 0212 0212 0212 0212 0212
0212 0212 0212 0212 0212 0212 0212 0212 0212 0212 0212 0212.
0212 0212 0212 0212 0212 0212 0212 0212 0212 0212 0212 0212
0212 0212 0212 0212 0213 0213 0213 0213 0213 0213 0212 0212.
0212 0213 0213 0213 0213 0213 0213 0213 0213 0213 0213 0213
0213 0213 0213 0213 0213 0213 0213 0213 0213 0213 0213 0213.
0213 0213 0213 0214 0214 0214 0214 0214 0214 0214 0214 0214
0214 0214 0214 0214 0214 0214 0214 0214 0214 0215 0215 0215.
0215 0215 0215 0215 0215 0215 0215 0215 0215 0215 0215 0215
0215 0215 0215 0215 0215 0215 0215 0215 0215 0215 0215 0215.
0215 0215 0215 0215 0215 0215 0215 0215 0215 0215 0215 0215
0215 0215 0215 0215 0215 0215 0215 0215 0215 0215 0215 0215.
0215 0215 0215 0215 0215 0215 0215 0215 0215 0215 0215 0215
0215 0215 0215 0215 0215 0215 0215 0215 0215 0215 0215 0215.
0215 0215 0215 0215 0215 0215 0215 0215 0215 0215 0215 0215
0215 0215 0215 0215 0215 0215 0215 0215 0215 0215 0215 0215.
0215 0215 0215 0215 0215 0215 0215 0215 0215 0215 0215 0215
0215 0215 0215 0215 0215 0215 0215 0215 0215 0215 0215 0215.
0215 0216 0215 0215 0215 0216 0215 0216 0216 0216 0216 0216
0216 0216 0216 0216 0216 0216 0216 0216 0216 0216 0216 0216.
0216 0216 0216 0216 0216 0216 0216 0216 0216 0216 0216 0216
0216 0216 0216 0216 0216 0216 0216 0216 0216 0216 0216 0216.
0216 0216 0216 0216 0216 0216 0216 0216 0216 0216 0216 0216
0216 0216 0216 0216 0216 0216 0216 0216 0216 0216 0216 0216.
0216 0216 0216 0216 0216 0216 0216 0216 0216 0216 0216 0216
0216 0216 0216 0216 0216 0216 0216 0216 0216 0216 0216 0216.
0216 0216 0216 0216 0216 0216 0216 0216 0216 0216 0216 0216
0216 0216 0216 0217 0216 0216 0216 0217 0216 0216 0216 0217.
0217 0216 0216 0217 0217 0216 0216 0216 0216 0216 0216 0216
0217 0216 0216 0216 0216 0216 0217 0216 0216 0217 0216 0216=
A=
SA=
BA
0214 0221 0210 0205 0197 0197 0197 0191 0194 0210 0217 0265
0307 0307 0370 0428 0420 0422 0411 0383 0327 0295 0267 0260 0432 1218 0188 0411.
0259 0242 0229 0231 0233 0232 0232 0233 0230 0234 0237 0251
0304 0332 0347 0352 0397 0344 0345 0346 0314 0282 0262 0248 0412 1229 0228 2253.
0244 0241 0245 0239 0226 0232 0236 0214 0218 0214 0236 0297
0291 0320 0364 0328 0376 0359 0346 0319 0304 0277 0256 0240 0427 1240 0213 0339.
0236 0238 0239 0241 0238 0238 0240 0239 0236 0236 0239 0245
0247 0316 0364 0350 0328 0348 0328 0363 0327 0280 0261 0248 0397 1530 0231 2038.
0240 0248 0248 0243 0242 0243 0244 0243 0244 0245 0244 0247
0250 0247 0255 0293 0289 0284 0335 0313 0290 0268 0251 0230 0339 1454 0230 1959.
0223 0222 0221 0212 0223 0220 0217 0206 0210 0189 0209 0258
0322 0377 0418 0421 0415 0421 0390 0358 0304 0269 0249 0245 0430 1128 0189 0555.
0239 0232 0231 0235 0221 0221 0223 0223 0224 0220 0222 0229
0250 0263 0275 0285 0291 0315 0319 0318 0305 0262 0232 0221 0340 1515 0216 0220.
0217 0211 0222 0215 0218 0222 0217 0222 0211 0205 0224 0247
0312 0322 0344 0412 0433 0392 0403 0376 0324 0279 0249 0236 0470 1240 0205 0553.
0232 0226 0224 0224 0224 0224 0219 0218 0219 0212 0227 0243
0315 0406 0447 0423 0494 0463 0426 0376 0309 0286 0245 0234 0504 1253 0209 0528.
0230 0226 0234 0239 0236 0237 0233 0232 0235 0230 0235 0255
0273 0270 0284 0291 0316 0382 0345 0310 0281 0260 0248 0242 0382 1400 0226 2147.
0242 0237 0235 0231 //// //// //// //// //// //// //// ////
//// //// //// //// //// //// //// //// //// //// //// //// 0244 2005 0231 2359.
//// //// //// //// //// //// //// //// //// //// //// ////
//// //// //// //// //// //// //// //// //// //// //// //// //// //// //// ////.
//// //// //// //// //// //// //// //// //// //// //// ////
//// //// //// //// //// //// //// //// //// //// //// //// //// //// //// ////.
//// //// //// //// //// //// //// //// //// //// //// ////
0288 0381 0443 0448 0466 0440 0370 0347 0296 0240 0204 0191 0483 1230 0191 1959.
0177 0173 0163 0158 0155 0152 0150 0152 0162 0174 0192 0227
0273 0388 0361 0454 0476 0462 0405 0361 0300 0259 0223 0193 0483 1308 0149 0310.
0181 0176 0170 0162 0158 0152 0155 0146 0145 0157 0165 0208
0278 0385 0435 0449 0450 0431 0408 0336 0297 0249 0224 0225 0473 1240 0143 0425.
0220 0216 0215 0214 0212 0205 0206 0205 0207 0203 0205 0210
0226 0225 0230 0257 0280 0261 0260 0242 0233 0212 0193 0192 0287 1240 0191 1922.
0195 0188 0186 0180 0181 0180 0182 0188 0187 0189 0190 0196
0212 0210 0212 0217 0229 0203 0216 0199 0195 0192 0193 0190 0230 1301 0179 0021.
0191 0190 0189 0191 0191 0188 0190 0191 0187 0190 0193 0197
0198 0218 0215 0226 0230 0227 0228 0211 0209 0196 0191 0190 0232 1302 0184 0439.
0190 0188 0187 0185 0184 0185 0183 0184 0182 0167 0180 0205
0252 0255 0303 0365 0404 0391 0358 0316 0278 0238 0204 0191 0410 1305 0166 0604.
0187 0184 0182 0174 0172 0181 0180 0170 0167 0164 0185 0206
0262 0340 0393 0441 0450 0403 0399 0319 0291 0244 0218 0201 0462 1252 0162 0432.
0192 0189 0195 0196 0198 0195 0195 0192 0194 0199 0199 0219
0243 0263 0264 0271 0301 0269 0241 0241 0233 0215 0207 0205 0302 1301 0183 2226.
0203 0201 0201 0205 0202 0200 0198 0198 0198 0192 0188 0216
0249 0274 0356 0406 0383 0333 0297 0286 0267 0242 0229 0228 0420 1206 0186 0625.
0209 0197 0191 0202 0209 0209 0208 0209 0208 0209 0210 0210
0210 0208 0210 0208 0228 0232 0230 0226 0211 0206 0199 0197 0238 1319 0190 2255.
0195 0194 0194 0191 0180 0186 0189 0188 0181 0181 0193 0214
0235 0259 0243 0224 0239 0258 0257 0249 0232 0215 0206 0200 0284 1437 0177 0108.
0198 0197 0196 0195 0195 0194 0193 0192 0192 0190 0195 0214
0216 0229 0232 0243 0254 0251 0244 0239 0227 0218 0211 0208 0265 1316 0190 0410.
0208 0206 0204 0203 0203 0200 0200 0200 0199 0200 0202 0213
0223 0227 0239 0243 0257 0264 0262 0250 0235 0223 0213 0209 0265 1322 0198 0333.
0209 0207 0206 0204 0204 0203 0204 0204 0203 0203 0205 0218
0230 0240 0266 0303 0380 0375 0304 0277 0262 0242 0232 0229 0383 1321 0201 0213.
0220 0220 0218 0214 0212 0204 0192 0181 0172 0169 0179 0226
0254 0329 0391 0427 0435 0400 0380 0315 0283 0250 0235 0232 0448 1230 0167 0553.
0228 0226 0223 0219 0221 0218 0218 0217 0216 0214 0217 0234
0267 0304 0358 0323 0405 0348 0345 0302 0265 0231 0219 0216 0415 1121 0213 1922=
=
??????
******
YF
19011










20151008=
JY
8888=
GK
01/
05/=
BZ
10/03/08;14;20

10/24/24
11/=
######
