57461 3042N 11118E 001331 001343 105 000 S14 11111999919199111991 0 2015 05
PC
9923 9927 9928 9927 9923 9915 9911 9908 9911 9908 9907 9908
9914 9910 9906 9899 9890 9887 9871 9865 9868 9877 9879 9888 9929 0003 9861 1539.
9900 9910 9914 9920 9914 9911 9907 9905 9911 9918 9931 9942
9948 9953 9952 9949 9945 9940 9935 9933 9933 9937 9944 9953 9954 1005 9888 2001.
9965 9973 9975 9975 9973 9969 9966 9967 9967 9971 9975 9978
9979 9981 9975 9974 9967 9964 9958 9960 9963 9967 9973 9979 9982 0932 9954 2001.
9987 9993 9991 9990 9985 9979 9977 9980 9983 9994 9995 9999
0008 0014 0017 0016 0014 0008 0001 9994 9992 9990 9991 9994 0019 1106 9973 0319.
0000 0003 9999 9992 9987 9981 9975 9970 9966 9965 9964 9961
9958 9955 9955 9949 9942 9935 9931 9926 9922 9918 9920 9920 0003 2151 9916 1827.
9926 9931 9931 9930 9925 9919 9916 9912 9914 9915 9918 9921
9920 9921 9919 9915 9910 9906 9902 9894 9896 9901 9907 9916 9932 2149 9894 1600.
9928 9939 9943 9943 9938 9934 9930 9931 9935 9938 9947 9951
9956 9958 9957 9947 9939 9934 9930 9927 9922 9921 9926 9929 9959 0928 9917 2001.
9926 9930 9931 9931 9926 9924 9931 9923 9930 9924 9929 9930
9936 9934 9933 9925 9916 9913 9913 9914 9916 9920 9926 9935 9939 0834 9911 1430.
9944 9951 9954 9956 9951 9948 9945 9943 9948 9954 9960 9962
9960 9961 9960 9951 9939 9932 9922 9920 9918 9918 9921 9928 9963 0737 9917 1659.
9933 9939 9942 9942 9939 9934 9931 9931 9933 9932 9935 9938
9941 9941 9936 9932 9925 9916 9908 9906 9907 9908 9913 9924 9942 2243 9905 1541.
9931 9940 9950 9968 9979 9984 9987 0003 0008 0011 0015 0017
0027 0026 0025 0013 0003 9992 9981 9975 9974 9978 9989 9996 0029 0848 9924 2001.
0006 0008 0006 0004 9998 9990 9985 9983 9980 9986 9986 9988
9989 9988 9982 9972 9963 9954 9943 9935 9931 9925 9925 9924 0008 2133 9924 1759.
9929 9931 9929 9925 9918 9910 9905 9904 9905 9906 9903 9905
9903 9898 9891 9880 9877 9871 9865 9858 9857 9858 9860 9866 9932 2213 9856 1615.
9874 9886 9889 9890 9887 9887 9883 9884 9886 9888 9891 9896
9896 9898 9895 9891 9881 9881 9874 9870 9875 9873 9885 9885 9899 0926 9865 2003.
9889 9906 9913 9903 9897 9903 9898 9900 9913 9922 9930 9936
9940 9945 9951 9950 9947 9943 9937 9930 9931 9933 9940 9949 9953 1108 9884 2002.
9961 9971 9976 9979 9974 9967 9966 9966 9967 9974 9975 9979
9979 9980 9976 9973 9961 9952 9943 9936 9932 9931 9930 9937 9981 0946 9930 1806.
9945 9945 9945 9940 9932 9928 9926 9919 9916 9912 9913 9914
9914 9915 9910 9907 9899 9893 9893 9891 9891 9894 9896 9899 9947 2113 9891 1546.
9900 9902 9899 9890 9888 9884 9882 9880 9879 9885 9894 9904
9906 9908 9908 9907 9900 9894 9888 9883 9883 9885 9886 9891 9911 1113 9878 0425.
9899 9906 9905 9906 9903 9900 9898 9898 9899 9901 9907 9913
9916 9913 9912 9905 9898 9891 9887 9882 9885 9884 9889 9897 9916 0833 9880 1622.
9906 9916 9928 9931 9932 9929 9929 9931 9936 9938 9947 9958
9965 9970 9971 9969 9966 9960 9957 9954 9956 9957 9962 9970 9972 1029 9897 2001.
9984 9998 0005 0003 9996 9993 9987 9979 9980 9980 9987 9993
9990 9988 9984 9979 9969 9961 9953 9949 9945 9946 9951 9955 0006 2303 9945 1657.
9964 9971 9977 9974 9969 9966 9964 9964 9964 9965 9969 9969
9972 9973 9975 9975 9970 9965 9961 9959 9953 9953 9952 9954 9977 2259 9950 1918.
9959 9964 9964 9962 9957 9954 9948 9944 9942 9946 9948 9953
9954 9955 9960 9956 9953 9947 9940 9934 9929 9929 9933 9935 9966 2316 9929 1654.
9942 9945 9945 9941 9935 9932 9930 9930 9930 9933 9938 9941
9940 9942 9938 9936 9929 9924 9920 9916 9910 9911 9914 9917 9946 2139 9910 1659.
9922 9927 9927 9926 9922 9921 9917 9915 9914 9915 9920 9927
9929 9932 9928 9923 9917 9916 9921 9922 9925 9931 9938 9945 9945 1956 9913 0434.
9953 9957 9956 9952 9946 9937 9932 9930 9932 9935 9936 9940
9943 9943 9938 9934 9930 9920 9915 9910 9906 9904 9910 9913 9958 2202 9904 1753.
9922 9924 9926 9920 9916 9910 9901 9901 9903 9905 9905 9909
9910 9907 9904 9897 9890 9883 9875 9870 9865 9866 9870 9878 9927 2253 9865 1640.
9886 9893 9894 9890 9879 9878 9876 9874 9876 9880 9885 9889
9886 9890 9889 9879 9876 9867 9863 9862 9860 9866 9869 9873 9895 2226 9859 1631.
9879 9883 9886 9887 9880 9878 9881 9880 9878 9883 9888 9907
9903 9912 9923 9912 9911 9909 9905 9907 9906 9912 9920 9927 9927 2000 9873 2001.
9934 9939 9941 9941 9938 9931 9928 9930 9935 9941 9943 9948
9950 9952 9948 9943 9935 9924 9918 9913 9909 9903 9908 9919 9953 0926 9903 1754.
9930 9939 9941 9940 9936 9932 9926 9923 9922 9924 9928 9931
9930 9926 9922 9916 9907 9895 9891 9880 9879 9878 9879 9885 9942 2224 9877 1814=
0068 0062 0041 0043
0067 0098 0095 0109
0124 0134 0120 0136
0135 0156 0165 0151
0138 0118 0092 0077
0076 0078 0060 0071
0088 0106 0089 0085
0079 0086 0068 0091
0103 0118 0086 0083
0088 0093 0070 0079
0141 0175 0150 0155
0148 0146 0111 0081
0065 0061 0025 0020
0041 0050 0033 0039
0055 0090 0097 0103
0122 0134 0106 0092
0082 0068 0047 0054
0038 0060 0047 0045
0054 0067 0044 0050
0082 0112 0113 0125
0148 0149 0116 0110
0120 0124 0121 0110
0111 0110 0104 0091
0088 0097 0078 0072
0075 0082 0070 0102
0092 0097 0077 0069
0066 0065 0037 0032
0031 0042 0020 0027
0032 0062 0064 0083
0087 0104 0078 0073
0086 0085 0048 0038=
TB
0255 0252 0248 0241 0228 0222 0224 0217 0216 0212 0213 0220
0220 0225 0229 0235 0233 0230 0225 0222 0226 0224 0222 0220 0268 2001 0211 0616.
0192 0190 0187 0188 0186 0184 0181 0178 0171 0172 0177 0189
0209 0234 0258 0270 0274 0276 0280 0273 0265 0255 0243 0234 0283 1450 0170 0616.
0229 0224 0224 0214 0207 0200 0194 0192 0187 0182 0191 0202
0225 0245 0259 0250 0251 0253 0244 0230 0225 0227 0224 0221 0260 1101 0182 0546.
0217 0211 0207 0204 0200 0200 0192 0196 0197 0196 0195 0193
0191 0197 0203 0210 0220 0227 0229 0233 0231 0224 0219 0214 0235 1548 0190 0825.
0210 0203 0197 0190 0186 0185 0181 0179 0177 0175 0181 0191
0200 0206 0200 0202 0203 0203 0202 0203 0202 0200 0195 0193 0214 2001 0175 0532.
0191 0187 0184 0175 0171 0165 0162 0157 0155 0153 0168 0195
0224 0246 0265 0287 0290 0304 0306 0309 0305 0287 0274 0262 0317 1527 0152 0555.
0247 0241 0220 0213 0208 0199 0191 0188 0184 0182 0191 0206
0226 0245 0253 0263 0266 0269 0265 0262 0257 0252 0248 0228 0277 1341 0181 0554.
0217 0218 0213 0212 0211 0204 0195 0189 0190 0188 0187 0190
0190 0201 0227 0240 0252 0259 0257 0252 0253 0247 0238 0229 0266 1452 0187 0411.
0221 0224 0222 0219 0206 0200 0191 0184 0181 0177 0184 0209
0224 0248 0255 0265 0272 0279 0285 0283 0280 0272 0262 0250 0287 1426 0177 0549.
0242 0236 0231 0223 0214 0215 0207 0206 0210 0204 0206 0218
0227 0244 0261 0263 0272 0275 0277 0279 0271 0266 0260 0242 0283 1430 0203 0318.
0220 0218 0219 0169 0159 0153 0150 0148 0146 0145 0147 0151
0151 0161 0177 0192 0203 0213 0222 0225 0222 0215 0206 0198 0241 2001 0144 0535.
0187 0179 0168 0159 0157 0150 0149 0146 0142 0138 0149 0169
0193 0209 0223 0238 0257 0256 0257 0246 0244 0235 0230 0220 0259 1302 0138 0550.
0215 0211 0195 0189 0185 0184 0176 0174 0173 0173 0176 0196
0210 0234 0260 0269 0272 0279 0281 0282 0287 0279 0265 0251 0288 1649 0170 0521.
0239 0231 0224 0219 0214 0208 0205 0201 0199 0199 0204 0221
0245 0265 0278 0303 0314 0318 0321 0309 0301 0292 0275 0266 0322 1328 0198 0556.
0265 0255 0245 0236 0234 0232 0231 0232 0231 0219 0220 0228
0245 0250 0262 0260 0280 0274 0280 0286 0284 0280 0271 0261 0288 1614 0217 0612.
0252 0244 0234 0229 0220 0216 0215 0212 0212 0208 0210 0221
0229 0250 0268 0272 0278 0278 0279 0286 0285 0276 0269 0258 0288 1415 0207 0602.
0252 0248 0240 0232 0228 0223 0219 0218 0214 0212 0218 0223
0232 0240 0246 0263 0269 0264 0242 0230 0219 0217 0213 0211 0274 1333 0211 0554.
0208 0209 0209 0207 0204 0204 0203 0204 0203 0202 0202 0210
0212 0231 0241 0249 0271 0292 0307 0318 0316 0305 0292 0272 0321 1622 0200 0627.
0254 0235 0227 0217 0209 0204 0200 0198 0194 0187 0199 0217
0235 0261 0286 0298 0312 0316 0323 0323 0314 0307 0297 0286 0325 1502 0187 0553.
0270 0256 0248 0243 0235 0227 0224 0218 0215 0213 0221 0239
0258 0275 0291 0301 0302 0307 0299 0296 0286 0277 0264 0252 0307 1356 0213 0556.
0245 0237 0220 0211 0204 0203 0204 0202 0202 0193 0201 0213
0229 0253 0263 0276 0281 0287 0287 0290 0286 0284 0277 0267 0292 1610 0192 0549.
0258 0249 0242 0236 0234 0225 0222 0219 0218 0213 0214 0217
0229 0238 0233 0225 0211 0211 0210 0210 0211 0210 0208 0207 0266 2001 0207 1954.
0202 0202 0200 0198 0197 0191 0191 0190 0193 0192 0195 0197
0200 0202 0202 0206 0209 0215 0224 0226 0225 0226 0221 0214 0228 1520 0189 0208.
0208 0203 0202 0200 0196 0196 0195 0192 0190 0189 0197 0214
0234 0252 0262 0274 0279 0283 0283 0283 0278 0272 0264 0253 0285 1316 0189 0512.
0243 0237 0228 0219 0214 0210 0206 0204 0204 0199 0208 0212
0226 0232 0255 0271 0274 0264 0251 0225 0212 0202 0188 0184 0275 1301 0183 1943.
0180 0178 0179 0181 0179 0182 0184 0185 0185 0185 0184 0187
0189 0194 0199 0204 0205 0213 0215 0224 0223 0222 0217 0214 0224 1558 0178 2157.
0214 0212 0212 0211 0209 0207 0206 0206 0206 0204 0208 0212
0229 0245 0262 0270 0274 0275 0278 0285 0280 0273 0267 0260 0285 1600 0204 0540.
0255 0251 0247 0244 0241 0236 0235 0234 0232 0230 0232 0238
0240 0244 0256 0267 0269 0266 0260 0257 0248 0235 0231 0230 0271 1219 0229 0534.
0226 0227 0224 0219 0214 0216 0215 0214 0215 0215 0214 0214
0213 0206 0204 0207 0224 0228 0227 0229 0229 0227 0220 0215 0231 1532 0203 1035.
0215 0214 0214 0211 0209 0208 0202 0201 0195 0193 0201 0217
0237 0257 0268 0282 0295 0293 0303 0300 0297 0286 0278 0270 0304 1507 0193 0549.
0258 0244 0235 0225 0216 0213 0210 0204 0201 0199 0210 0227
0248 0269 0286 0299 0300 0310 0316 0307 0305 0296 0286 0276 0316 1500 0198 0552=
IB
=
0205 0205 0203 0196 0201 0203 0205 0202 0206 0205 0206 0205
0205 0204 0214 0214 0210 0209 0206 0203 0205 0205 0210 0208.
0180 0175 0170 0180 0174 0178 0175 0172 0165 0166 0166 0170
0169 0162 0146 0130 0130 0139 0146 0143 0146 0137 0144 0152.
0155 0150 0155 0159 0159 0166 0166 0168 0163 0162 0163 0164
0168 0162 0159 0162 0154 0159 0169 0170 0163 0165 0173 0183.
0175 0177 0169 0164 0158 0160 0157 0163 0156 0157 0156 0165
0171 0175 0165 0151 0141 0143 0116 0120 0118 0124 0133 0133.
0137 0137 0134 0143 0147 0146 0148 0144 0138 0144 0142 0148
0146 0138 0152 0150 0144 0142 0150 0149 0156 0150 0162 0154.
0150 0150 0162 0157 0158 0154 0147 0144 0142 0138 0150 0152
0145 0147 0136 0145 0124 0141 0120 0118 0129 0138 0141 0140.
0156 0156 0158 0158 0158 0160 0154 0157 0156 0156 0160 0162
0166 0154 0153 0165 0165 0165 0173 0167 0179 0177 0187 0198.
0202 0195 0194 0193 0190 0189 0180 0177 0182 0176 0175 0183
0180 0181 0174 0173 0166 0159 0168 0161 0164 0159 0163 0162.
0159 0162 0162 0157 0164 0172 0174 0167 0170 0160 0167 0179
0169 0170 0169 0178 0177 0177 0174 0172 0181 0182 0183 0177.
0174 0178 0184 0187 0178 0181 0185 0180 0178 0170 0166 0167
0172 0181 0180 0163 0159 0168 0173 0171 0179 0174 0171 0188.
0206 0203 0202 0149 0148 0137 0139 0130 0130 0129 0134 0136
0133 0136 0128 0134 0135 0127 0116 0119 0116 0118 0107 0110.
0122 0119 0137 0130 0135 0132 0133 0126 0124 0120 0134 0134
0135 0123 0128 0108 0145 0131 0132 0147 0148 0145 0138 0141.
0146 0140 0158 0156 0159 0156 0154 0152 0148 0151 0151 0151
0151 0149 0151 0143 0149 0165 0173 0162 0169 0180 0191 0185.
0188 0193 0194 0195 0188 0184 0183 0181 0180 0186 0187 0187
0189 0191 0191 0200 0194 0207 0210 0217 0215 0219 0229 0235.
0240 0241 0238 0229 0222 0220 0224 0220 0224 0205 0208 0211
0216 0217 0193 0212 0175 0187 0175 0168 0170 0169 0184 0185.
0196 0205 0198 0193 0196 0195 0183 0180 0178 0172 0178 0177
0167 0153 0161 0168 0170 0167 0162 0165 0158 0149 0162 0172.
0166 0165 0175 0183 0179 0181 0179 0184 0182 0174 0184 0185
0181 0184 0192 0179 0179 0177 0199 0203 0198 0194 0201 0201.
0191 0196 0196 0199 0191 0196 0196 0197 0198 0197 0192 0203
0198 0208 0208 0210 0216 0201 0200 0126 0129 0150 0164 0177.
0181 0168 0174 0177 0177 0178 0180 0170 0168 0163 0173 0173
0173 0166 0178 0173 0148 0156 0158 0170 0162 0167 0169 0172.
0178 0185 0178 0194 0184 0180 0192 0184 0187 0192 0189 0190
0197 0198 0200 0169 0166 0174 0170 0146 0137 0117 0106 0095.
0089 0093 0108 0130 0119 0128 0124 0122 0122 0123 0121 0119
0134 0118 0096 0085 0099 0109 0113 0111 0112 0115 0121 0127.
0126 0122 0128 0129 0133 0136 0141 0150 0152 0158 0159 0158
0155 0145 0123 0149 0147 0163 0160 0166 0161 0160 0166 0175.
0172 0176 0170 0172 0177 0171 0174 0170 0169 0172 0171 0167
0162 0168 0170 0180 0181 0175 0148 0134 0138 0137 0137 0148.
0160 0151 0139 0139 0148 0142 0150 0147 0153 0150 0147 0159
0147 0134 0126 0114 0115 0118 0122 0122 0118 0135 0151 0159.
0158 0160 0159 0160 0157 0166 0158 0162 0160 0153 0166 0157
0162 0158 0161 0170 0154 0139 0151 0189 0182 0174 0162 0162.
0160 0163 0164 0171 0173 0174 0169 0170 0172 0173 0172 0180
0179 0179 0180 0185 0181 0187 0196 0198 0193 0186 0193 0191.
0193 0198 0198 0203 0201 0200 0194 0199 0194 0192 0201 0198
0195 0202 0205 0191 0197 0206 0206 0210 0208 0204 0210 0206.
0210 0212 0214 0213 0214 0213 0212 0217 0211 0216 0216 0217
0219 0215 0211 0210 0217 0218 0223 0216 0217 0219 0219 0218.
0219 0220 0217 0205 0202 0204 0203 0204 0210 0210 0202 0200
0201 0193 0191 0194 0201 0194 0195 0187 0193 0193 0194 0205.
0207 0206 0202 0204 0197 0196 0192 0196 0190 0188 0191 0198
0186 0194 0181 0171 0170 0172 0177 0175 0169 0172 0173 0183.
0187 0190 0196 0191 0195 0189 0191 0189 0188 0186 0191 0178
0190 0179 0184 0193 0184 0170 0186 0171 0165 0184 0192 0197=
EA
241 240 238 228 236 238 241 236 242 242 243 240
240 240 254 255 249 247 242 238 241 241 249 246.
207 200 194 206 199 203 199 196 187 188 188 194
193 184 166 150 150 159 166 163 166 157 164 173.
176 171 176 181 181 189 189 191 185 184 186 187
191 184 180 184 175 181 192 194 185 188 198 210.
200 203 193 187 180 182 178 185 177 178 177 188
194 200 188 172 161 163 137 140 138 144 152 153.
157 157 154 163 167 166 168 164 158 164 162 168
166 158 173 170 164 162 170 169 177 171 184 175.
170 170 184 178 179 174 167 164 162 158 170 172
165 167 156 165 144 161 141 138 148 157 161 160.
177 177 180 180 179 181 175 178 178 178 181 184
189 175 174 188 188 188 197 190 205 202 216 230.
236 227 225 224 220 218 206 203 209 202 200 211
206 207 199 197 189 180 191 183 187 180 186 184.
181 184 185 179 187 196 199 190 193 182 190 205
192 194 192 204 202 203 198 196 208 209 211 203.
199 204 212 215 204 208 212 206 204 194 189 191
196 208 206 185 180 191 197 195 204 198 195 217.
243 238 236 169 168 156 158 150 149 149 154 156
153 155 148 153 155 147 136 139 136 138 129 132.
142 139 157 150 155 152 152 146 144 140 154 154
154 143 148 130 165 151 152 167 168 165 157 161.
167 160 179 177 181 178 175 173 168 172 171 171
172 170 171 163 170 188 198 184 193 207 222 213.
216 223 225 226 217 211 210 207 207 214 216 215
218 222 220 233 225 244 249 259 256 263 279 289.
298 300 295 280 268 264 271 264 271 242 246 250
258 260 224 252 200 215 200 192 193 193 212 213.
228 241 230 223 227 227 210 206 204 196 204 202
190 174 183 191 194 191 184 188 179 170 184 196.
189 188 200 210 205 207 205 211 209 199 211 213
208 212 223 205 206 203 232 239 231 226 235 235.
221 227 227 232 220 228 229 230 231 230 222 239
232 246 246 249 258 235 234 146 149 170 186 202.
208 191 199 202 203 204 206 194 191 185 197 197
197 189 203 197 168 177 179 193 184 190 192 196.
203 213 203 225 211 207 222 211 215 223 218 219
229 231 234 192 189 199 194 166 157 137 127 119.
114 117 129 150 139 148 144 142 142 143 141 139
154 139 120 111 122 130 134 132 133 135 141 147.
146 142 148 149 152 155 161 171 172 180 181 179
176 165 143 169 168 185 181 189 183 181 189 200.
196 201 194 196 202 194 199 193 192 196 195 190
185 192 194 206 208 200 168 153 158 156 157 168.
182 171 159 159 169 162 170 167 173 170 167 181
167 154 146 135 135 138 142 142 138 155 172 181.
179 182 180 181 178 189 179 184 182 174 189 179
184 179 183 194 175 158 172 218 209 199 184 184.
182 185 187 195 197 198 192 194 196 198 197 207
205 205 207 213 207 215 228 230 223 214 223 222.
224 232 232 238 235 234 226 233 226 223 236 232
226 237 241 221 230 242 243 249 246 239 249 242.
248 252 255 254 255 253 252 259 250 258 259 259
262 257 249 249 259 261 269 258 260 263 263 261.
263 265 260 242 237 240 238 239 249 249 237 234
235 223 220 225 236 225 226 215 223 223 225 241.
244 242 237 240 230 228 222 228 220 217 221 231
214 224 208 195 194 196 203 199 192 196 198 210.
216 220 229 221 227 218 221 218 216 214 221 204
219 206 211 224 212 193 214 194 188 211 223 229=
UB
74 75 76 76 85 89 89 91 94 96 96 91
91 88 91 88 87 88 89 89 88 89 93 93 63 2001.
93 91 90 95 93 96 96 96 96 96 93 89
78 64 50 42 41 43 44 45 48 48 54 60 35 1246.
63 63 65 71 74 81 84 86 86 88 84 79
70 60 54 58 55 56 63 69 68 68 73 79 52 1102.
77 81 79 78 77 78 80 81 77 78 78 84
88 87 79 69 61 59 49 49 49 53 58 60 47 1506.
63 66 67 74 78 78 81 80 78 82 78 76
71 65 74 72 69 68 72 71 75 73 81 78 58 2004.
77 79 87 89 92 93 91 92 92 91 89 76
61 54 45 42 36 37 32 31 34 40 44 47 28 1539.
57 59 68 71 73 78 79 82 84 85 82 76
69 57 54 55 54 53 57 56 62 63 69 83 47 2003.
91 87 89 89 88 91 91 93 95 93 93 96
94 88 72 66 59 54 58 57 58 58 63 66 51 1352.
68 68 69 68 77 84 90 90 93 90 90 83
71 62 59 59 56 54 51 51 55 58 62 64 49 1537.
66 70 75 80 80 81 87 85 82 81 78 73
71 68 61 54 50 52 53 52 57 57 58 72 47 1240.
92 91 90 88 93 90 93 89 90 90 92 91
89 85 73 69 65 58 51 51 51 54 53 57 47 1507.
66 68 82 83 87 89 90 88 89 89 91 80
69 58 55 44 50 46 46 54 55 57 56 61 43 1152.
65 64 79 81 85 84 87 87 85 87 85 75
69 59 51 46 47 50 52 48 49 55 64 67 43 1134.
73 79 83 86 85 86 87 88 89 92 90 81
71 64 59 54 49 52 52 58 60 65 76 83 48 1256.
86 92 96 96 93 93 96 93 96 92 93 90
84 82 66 75 53 59 53 49 50 51 59 63 47 1301.
71 79 80 80 86 88 82 82 81 80 82 76
68 55 52 53 52 51 49 48 46 46 52 59 44 1716.
59 60 67 74 74 77 78 81 82 79 81 79
73 71 72 60 58 59 77 85 88 87 93 94 55 1323.
90 92 92 95 92 95 96 96 97 97 94 96
92 87 82 79 72 58 53 31 32 39 46 56 25 1628.
64 66 72 78 82 85 88 84 85 86 85 76
68 56 52 47 37 38 37 40 40 43 46 50 32 1514.
57 65 65 74 73 75 82 81 84 88 82 74
69 63 58 45 44 45 46 40 40 37 37 37 34 1815.
37 40 49 60 58 62 60 60 60 64 60 55
55 43 35 30 32 33 34 33 34 35 38 42 29 1350.
44 45 49 51 53 57 60 65 66 71 71 69
63 56 50 62 67 74 73 76 73 73 77 82 41 2002.
83 85 83 85 88 88 90 88 86 88 86 83
79 81 82 85 84 78 62 56 58 57 59 66 54 1553.
74 72 67 68 74 71 75 75 79 78 73 71
58 48 43 37 36 36 37 37 37 43 50 56 34 1244.
59 62 65 69 70 76 74 77 76 75 77 71
67 63 56 54 48 46 54 80 83 84 85 87 45 1314.
88 91 91 94 96 95 91 91 92 93 93 96
94 91 89 89 86 85 89 85 83 80 86 87 79 1730.
88 92 92 95 95 96 93 96 93 93 96 92
81 77 71 62 63 66 65 64 65 66 71 72 60 1430.
76 79 82 83 85 87 87 90 88 92 91 88
88 84 76 71 73 75 80 78 83 91 93 93 69 1217.
96 96 96 92 93 93 93 94 97 97 93 92
93 92 92 92 87 81 82 77 80 81 85 94 76 1427.
95 95 93 96 93 93 94 97 97 97 94 89
73 68 59 51 47 48 47 47 46 50 53 59 43 1534.
65 72 79 81 88 86 89 91 92 92 89 74
70 58 54 53 50 43 46 44 43 51 57 62 40 1714=
N=
H=
C=
V=
R6
0095 0027 0122
0108 0000 0108
0000 0001 0001
0001 0002 0003
0000 0000 0000
0000 0000 0000
0000 0000 0000
0242 0001 0243
0000 0000 0000
0000 0000 0000
0393 0000 0393
0000 0000 0000
0000 0000 0000
0000 0000 0000
0202 0000 0202
0000 0000 0000
0000 0037 0037
0011 0000 0011
0000 0000 0000
0000 0000 0000
0000 0000 0000
0000 0001 0001
0003 0003 0006
0000 0000 0000
0000 0032 0032
0102 0001 0103
0001 0000 0001
0000 0156 0156
0056 0163 0219
0000 0000 0000
0000 0000 0000=
0000 0000 0000 0000 0000 0000 0000 0002 0000 0086 0007 0000
0002 0002 0001 0000 0000 0000 0012 0005 0001 0001 0000 0003.
0082 0014 0003 0006 0001 0001 0000 0000 0001 0000 0000 0000
0000 0000 0000 0000 0000 0000 0000 0000 0000 0000 0000 0000.
0000 0000 0000 0000 0000 0000 0000 0000 0000 0000 0000 0000
0000 0000 0000 0000 0000 0000 0000 0000 0001 0000 0000 0000.
0000 0000 0000 0000 0000 0000 0000 0000 0000 0000 0000 0001
0001 0001 0000 0000 0000 0000 0000 0000 0000 0000 0000 0000.
0000 0000 0000 0000 0000 0000 0000 0000 0000 0000 0000 0000
0000 0000 0000 0000 0000 0000 0000 0000 0000 0000 0000 0000.
0000 0000 0000 0000 0000 0000 0000 0000 0000 0000 0000 0000
0000 0000 0000 0000 0000 0000 0000 0000 0000 0000 0000 0000.
0000 0000 0000 0000 0000 0000 0000 0000 0000 0000 0000 0000
0000 0000 0000 0000 0000 0000 0000 0000 0000 0000 0000 0000.
0000 0000 0000 0000 0003 0054 0081 0019 0015 0052 0018 0000
0000 0001 0000 0000 0000 0000 0000 0000 0000 0000 0000 0000.
0000 0000 0000 0000 0000 0000 0000 0000 0000 0000 0000 0000
0000 0000 0000 0000 0000 0000 0000 0000 0000 0000 0000 0000.
0000 0000 0000 0000 0000 0000 0000 0000 0000 0000 0000 0000
0000 0000 0000 0000 0000 0000 0000 0000 0000 0000 0000 0000.
0002 0000 0001 0188 0078 0024 0016 0019 0016 0026 0022 0001
0000 0000 0000 0000 0000 0000 0000 0000 0000 0000 0000 0000.
0000 0000 0000 0000 0000 0000 0000 0000 0000 0000 0000 0000
0000 0000 0000 0000 0000 0000 0000 0000 0000 0000 0000 0000.
0000 0000 0000 0000 0000 0000 0000 0000 0000 0000 0000 0000
0000 0000 0000 0000 0000 0000 0000 0000 0000 0000 0000 0000.
0000 0000 0000 0000 0000 0000 0000 0000 0000 0000 0000 0000
0000 0000 0000 0000 0000 0000 0000 0000 0000 0000 0000 0000.
0000 0008 0112 0038 0011 0016 0000 0000 0000 0017 0000 0000
0000 0000 0000 0000 0000 0000 0000 0000 0000 0000 0000 0000.
0000 0000 0000 0000 0000 0000 0000 0000 0000 0000 0000 0000
0000 0000 0000 0000 0000 0000 0000 0000 0000 0000 0000 0000.
0000 0000 0000 0000 0000 0000 0000 0000 0000 0000 0000 0000
0000 0000 0000 0000 0000 0000 0002 0005 0006 0006 0008 0010.
0003 0000 0000 0000 0000 0007 0001 0000 0000 0000 0000 0000
0000 0000 0000 0000 0000 0000 0000 0000 0000 0000 0000 0000.
0000 0000 0000 0000 0000 0000 0000 0000 0000 0000 0000 0000
0000 0000 0000 0000 0000 0000 0000 0000 0000 0000 0000 0000.
0000 0000 0000 0000 0000 0000 0000 0000 0000 0000 0000 0000
0000 0000 0000 0000 0000 0000 0000 0000 0000 0000 0000 0000.
0000 0000 0000 0000 0000 0000 0000 0000 0000 0000 0000 0000
0000 0000 0000 0000 0000 0000 0000 0000 0000 0000 0000 0000.
0000 0000 0000 0000 0000 0000 0000 0000 0000 0000 0000 0000
0000 0000 0000 0000 0000 0001 0000 0000 0000 0000 0000 0000.
0001 0000 0000 0000 0000 0001 0001 0000 0000 0000 0000 0000
0000 0000 0001 0001 0001 0000 0000 0000 0000 0000 0000 0000.
0000 0000 0000 0000 0000 0000 0000 0000 0000 0000 0000 0000
0000 0000 0000 0000 0000 0000 0000 0000 0000 0000 0000 0000.
0000 0000 0000 0000 0000 0000 0000 0000 0000 0000 0000 0000
0000 0000 0000 0000 0000 0000 0000 0002 0009 0004 0015 0002.
0011 0027 0007 0005 0018 0002 0000 0000 0007 0011 0014 0000
0000 0000 0000 0000 0000 0000 0001 0000 0000 0000 0000 0000.
0000 0000 0000 0000 0000 0000 0001 0000 0000 0000 0000 0000
0000 0000 0000 0000 0000 0000 0000 0000 0000 0000 0000 0000.
0000 0000 0000 0000 0000 0000 0000 0000 0000 0000 0000 0000
0000 0000 0000 0000 0000 0000 0000 0000 0000 0068 0085 0003.
0000 0000 0001 0002 0002 0000 0002 0046 0003 0000 0000 0000
0056 0057 0029 0010 0000 0000 0000 0000 0000 0000 0005 0006.
0000 0000 0000 0000 0000 0000 0000 0000 0000 0000 0000 0000
0000 0000 0000 0000 0000 0000 0000 0000 0000 0000 0000 0000.
0000 0000 0000 0000 0000 0000 0000 0000 0000 0000 0000 0000
0000 0000 0000 0000 0000 0000 0000 0000 0000 0000 0000 0000=
0000 ////////// 00000=
W=
LA
=
000 002 000 000 000 000 001 000 000 003 001 001
001 000 001 000 000 000 000 000 000 001 000 000 011.
004 000 001 000 000 002 000 002 001 001 000 001
001 001 002 002 003 002 005 003 004 005 002 003 045.
002 001 001 002 000 001 001 000 001 001 001 001
001 001 002 002 002 002 000 000 001 001 001 001 026.
001 000 001 001 001 002 000 000 001 000 001 000
001 001 001 000 001 000 002 001 002 000 001 001 019.
001 001 001 001 000 002 000 001 000 001 001 000
002 001 000 001 000 000 000 001 001 000 000 001 016.
000 002 000 000 001 000 001 001 000 000 000 001
002 000 002 001 003 002 003 003 004 005 003 003 037.
001 002 002 000 000 001 002 000 000 001 001 001
000 002 000 002 001 002 002 001 002 000 001 000 024.
000 000 001 001 000 003 003 000 000 003 000 001
000 000 001 001 002 002 003 004 002 005 002 001 035.
002 002 001 000 002 000 001 001 001 001 001 000
001 000 002 002 002 002 004 003 004 003 002 002 039.
003 001 002 002 001 000 001 001 002 000 001 001
001 001 002 002 001 002 002 002 003 002 003 000 036.
000 001 000 019 004 003 001 002 002 004 004 002
004 004 002 003 004 004 004 004 005 004 003 003 086.
001 002 000 002 001 001 001 001 001 000 001 001
002 002 001 002 002 002 002 003 002 003 002 001 036.
002 000 002 001 000 001 001 000 002 000 001 001
001 000 002 003 002 002 001 004 002 002 001 002 033.
002 000 002 000 001 001 000 001 000 001 000 001
001 001 003 001 002 004 003 004 002 002 001 001 034.
001 000 008 004 003 008 000 003 003 011 000 000
000 000 002 002 003 004 005 004 004 004 004 005 078.
004 001 002 000 002 001 001 001 002 000 001 001
001 001 001 002 002 002 002 004 002 003 002 003 041.
000 001 002 001 001 000 002 000 001 002 000 001
000 002 000 001 001 001 000 001 001 000 002 001 021.
001 001 001 000 000 002 001 000 000 001 001 000
000 001 001 000 001 001 002 002 004 003 003 002 028.
002 001 001 002 001 001 002 000 002 000 001 002
000 002 001 001 003 003 003 004 004 005 002 002 045.
002 001 002 002 001 001 001 002 000 001 001 001
002 000 001 003 003 003 005 005 004 005 004 003 053.
003 002 002 002 002 001 002 002 001 002 000 002
002 002 002 002 004 002 005 005 004 004 003 004 060.
003 002 002 002 001 002 002 000 001 002 000 002
001 002 000 001 000 001 001 001 000 000 001 000 027.
001 001 001 000 002 000 002 001 001 000 001 000
001 000 000 001 000 000 002 001 000 002 001 001 019.
000 002 001 000 001 001 000 001 001 000 001 001
001 001 001 001 003 002 002 002 002 002 000 002 028.
000 001 001 001 001 001 001 001 001 001 000 002
000 001 001 001 002 001 000 000 002 000 001 003 023.
001 002 002 000 002 000 002 000 001 001 001 000
001 001 000 000 000 000 000 000 000 001 000 000 015.
000 001 000 000 000 000 000 000 001 000 001 000
000 001 000 002 002 001 002 001 002 002 003 002 021.
001 001 001 000 001 001 000 001 000 000 001 000
000 001 000 001 001 000 002 001 000 004 002 000 019.
001 001 000 001 001 000 001 000 009 006 004 002
014 030 030 022 010 002 001 000 001 001 000 006 143.
002 002 000 000 000 001 000 000 001 001 000 001
001 001 000 001 002 002 004 003 004 006 003 002 037.
000 002 001 002 001 001 001 002 000 001 001 001
000 001 001 002 003 003 004 006 005 005 004 001 048=
Z=
G=
FN
071004 229007 257012 226012 032008 036012
106009 340015 234014 007013 303006 119008
217012 156013 108017 172014 160021 155017
185010 163011 020005 324007 PPC000 081011.
042027 203008 168005 163011 325009 355007
304005 318014 287006 086013 049005 294005
001010 295013 353016 006012 197036 139027
111020 140032 103024 098036 101023 144028.
158015 PPC002 197008 343011 341008 004007
023008 337010 355009 254005 254009 211017
006009 241008 102008 152027 189029 145015
166019 183018 199009 256010 276006 263006.
342009 263008 278011 278010 301012 287008
351011 294009 313007 247009 317009 265006
311010 301007 319014 328015 332017 314011
354005 254012 236022 233013 261008 287007.
267009 224010 351003 296006 187004 005007
011006 358007 258004 265009 081008 133008
144009 161019 192008 164008 086011 110012
016004 238006 258010 218012 274007 272009.
267009 027007 255009 PPC002 231008 340006
334007 348009 347012 357010 028005 002008
320017 344021 318018 314009 285025 254013
128010 086021 200020 153030 150026 146020.
069014 086018 335013 271010 259010 030006
337008 354006 257007 PPC002 337003 319010
345004 281013 147009 136021 163013 172015
134015 102022 159024 170011 312010 313009.
180015 049005 337016 342007 276007 286011
300022 104008 267011 256009 256016 323003
273020 337013 148012 184008 234026 123032
129032 139030 118038 155030 160027 168011.
163009 158010 159010 PPC000 096011 182007
357008 333009 290005 318008 325010 321012
209009 061015 158039 117026 184019 096035
133038 112024 105029 096020 064014 087014.
079011 072016 079018 070014 064011 112008
228006 PPC002 156010 097012 103012 136015
218005 291010 199010 210014 260007 179016
201022 124016 136021 140025 118024 208013.
329012 345009 190011 018031 031015 116015
038015 330015 063005 185015 241010 255010
100026 173017 181013 153023 150025 167029
166022 134023 113035 124031 128016 118012.
088010 018011 317009 321009 295008 328013
354006 229008 257006 262009 336006 336011
199012 244008 274017 130010 160007 149021
161019 132028 124026 150026 116021 097014.
060008 017006 333014 354008 234010 198006
PPC000 340010 344009 PPC002 005014 174007
274007 225006 154011 138017 095022 142012
114015 136014 159013 100019 070014 087026.
084022 064010 039005 035007 296006 186004
010010 338011 348010 010005 346011 177009
190011 082016 126018 144016 116017 178038
082030 108025 076010 089012 195010 PPC002.
074017 284006 273026 261010 309009 216008
325015 304006 100009 122011 221008 259011
225018 269017 140006 165008 190021 165025
159023 176020 179010 237007 215010 204007.
201005 229009 006005 231010 263008 279007
264013 PPC002 254007 300009 298009 316007
219008 022006 210013 103007 173016 188014
163019 179021 185021 164018 155021 076013.
080007 225003 332009 234004 219009 022006
294007 PPC000 011006 PPC000 323012 303006
324008 234010 PPC002 126010 310008 044004
003008 332014 328012 264006 201007 342006.
163005 284010 285006 081004 007005 105006
PPC000 046003 317007 013008 325005 218015
354005 175015 195014 205012 150008 105006
179015 135015 111016 152022 141012 086010.
000012 333013 336010 345008 330010 252006
301007 233008 318008 PPC002 330008 245008
243008 355008 131005 276009 157024 149020
056018 140023 124016 163022 115016 058005.
011013 338015 001006 334012 002016 347009
002009 018005 314005 338008 031008 122011
328012 275013 210010 019026 026018 025026
020027 031027 030017 035023 040024 041010.
042012 042013 344014 259011 324006 277009
310007 274007 332011 024007 327012 043010
352011 346008 036014 121019 184026 140013
135027 153024 124039 106018 121017 115016.
151011 164015 180012 161012 155013 052005
321008 273007 244008 353005 343008 269006
315006 016006 018008 317003 035013 338009
PPC001 155005 175011 319005 137006 117009.
120009 159008 215006 209010 282009 021013
250008 256005 267009 017005 200008 320007
257008 312011 289015 275010 265020 266030
289023 270018 273015 283007 288014 282011.
281012 319009 263008 307009 300004 331009
243008 333007 359009 217005 193008 225007
356011 326012 019009 251012 181012 159012
190012 130009 187012 243008 204007 246007.
339007 223005 329005 265009 303005 PPC001
022004 015010 047005 270008 PPC001 258006
195005 284006 314014 309015 232011 188010
234015 302016 283015 266026 274019 271019.
270018 274021 287014 276016 257016 294011
268010 287010 278014 272010 280008 PPC002
258014 268007 010006 229007 229012 323007
058003 337006 228008 081006 269006 PPC000.
236008 357005 PPC000 237007 276011 325009
265007 PPC000 357004 PPC000 064010 327008
006011 237011 054007 173014 150022 130024
190022 086015 126019 131021 151019 132024.
132019 108012 061007 PPC000 PPC000 341008
327005 PPC000 339008 PPC000 044004 169005
218005 172007 082008 104016 201012 081011
034011 PPC000 008004 338021 PPC000 PPC000.
PPC000 PPC000 PPC000 PPC000 PPC000 PPC000
PPC002 PPC000 PPC000 PPC000 PPC001 274014
115003 093008 PPC000 253003 226014 146018
PPC000 161006 PPC000 PPC000 PPC001 PPC000.
PPC000 PPC000 PPC000 PPC000 PPC000 PPC001
PPC000 PPC000 PPC000 PPC000 PPC000 PPC000
223009 199006 360006 236007 284008 154021
193017 163014 113024 136029 161013 126006.
PPC000 340015 PPC000 PPC000 333010 PPC000
PPC000 PPC000 PPC000 PPC000 PPC000 PPC001
PPC001 041007 006003 171024 180028 143032
194018 146032 138028 147028 145023 107018=
138006 208003 252008 294011 035007 010012
065009 348010 237011 358010 317005 102007
214011 134009 148014 187013 161021 169021
169009 177008 103008 353006 PPC002 083012.
039026 196009 128011 147007 321010 356010
285009 308010 289005 079010 033004 327007
358008 357012 022013 029012 181029 133028
110030 124036 122029 101033 103021 149025.
156018 175005 172007 334011 356007 348007
010007 339009 353010 247006 254009 257010
220010 091011 078014 171022 172026 175020
166021 181020 196010 245009 273007 245005.
327011 266008 282010 281010 319013 308006
351008 281011 287009 265010 323009 305008
313010 310007 330010 328011 340016 314011
320010 254011 221014 254012 274006 294009.
280012 234009 359006 335005 244005 341008
354007 005006 297004 258008 063006 108008
182011 158012 200008 148010 106008 121009
059007 199008 250009 269007 246009 265009.
276007 023008 253008 333006 274007 347007
318008 347007 358011 344011 354010 349009
316015 335022 338014 332013 228023 212019
196015 109018 172025 156034 147029 154017.
065013 079018 328012 268010 265013 015008
333007 329006 303008 PPC002 342004 331011
153007 237010 134008 133016 152016 190017
132022 116018 157021 168015 233010 292011.
226007 072008 341016 341011 307009 281009
320028 063009 230013 302008 240014 273005
272013 312010 174011 043008 213019 156026
133033 157033 147039 157031 164021 164011.
164010 164010 162010 PPC000 087010 185009
351005 335011 315009 341008 320010 300007
210007 089014 157029 113026 163025 103028
134027 119028 109028 105023 090021 087018.
084013 069017 076019 065011 070009 104008
218007 214004 148010 085014 099014 106012
255009 315013 273010 188019 170009 159012
177023 113017 150023 126029 125017 197012.
314008 004008 178009 028034 051017 111017
028013 326011 070011 188015 237014 123012
099024 163017 127015 130019 160027 129027
161027 131027 138031 115029 115021 125014.
093010 029010 311007 341006 282008 340012
343007 234008 239007 248007 323005 346010
175008 292013 261015 157014 198013 147021
173018 146027 117022 151025 127019 097013.
056008 020008 328011 345007 262007 229005
058004 337008 329011 078005 349014 337006
336008 242009 234008 135015 127021 103011
127014 159013 071008 107016 080016 089022.
081018 052012 033007 011007 313008 176003
358009 344009 323008 332008 349013 211008
154012 103016 126017 115016 108023 144031
102030 106028 103011 085013 224010 178004.
062013 281012 259019 270011 298008 223008
321014 328006 122012 104016 258009 239009
232016 268013 193010 158016 180020 175027
171024 175019 189012 218008 206008 192009.
PPC002 225008 312007 261010 285007 281008
258012 030003 244007 281008 274010 283011
202009 348006 212014 108007 193015 184017
168019 183022 169018 162022 155016 088011.
067007 191005 309007 249007 224008 014007
316009 PPC000 359005 PPC000 328010 334006
321009 262009 322003 148010 027008 344004
359011 335012 322013 261007 193009 342007.
200006 286008 253007 008007 342008 154006
PPC001 017004 328009 020006 346005 227010
039005 168013 180016 187013 169009 248008
213015 150016 119017 145020 125015 089009.
007011 340011 335011 341010 333009 262007
286007 228009 303006 232005 328007 252009
282006 346011 147009 196013 148019 121017
105022 125019 134016 157018 120015 041007.
005012 334014 329011 324010 008017 311007
019008 358008 PPC002 321008 359010 113013
306011 256013 177016 030020 048018 045022
021032 028032 028022 028020 039017 040013.
047014 035009 340016 281010 307006 280009
303008 253005 331011 017007 334010 027009
342012 028010 004013 038014 197017 186014
139019 144026 111030 103023 122020 114017.
102014 143015 178007 169013 162011 PPC002
324007 276008 210008 309006 333008 236008
306006 278005 048012 238007 028010 019010
015005 PPC002 150012 266003 052004 134010.
127009 175005 176007 229006 288009 010012
249010 329008 277010 036004 202008 308009
268010 289010 282013 278013 267014 276026
275016 275019 268014 271011 277014 285013.
284012 301009 306012 306010 301005 322007
286006 334009 006006 243006 231007 257008
320012 003011 004008 271014 210015 168008
183013 132010 184011 236008 198007 194003.
347007 277003 333005 259008 280007 007006
354006 007009 027006 344005 288005 225008
235007 259007 308011 356011 209011 163013
227012 303013 282017 266025 270028 267022.
276020 271021 275018 275018 261016 289011
268009 279011 286011 275008 277009 PPC001
250011 263008 359007 232008 233010 348007
063005 289004 228007 087005 237006 PPC001.
226007 338006 PPC000 173006 254009 328005
297007 PPC001 322003 PPC001 063008 304006
339012 283008 323010 146016 139018 138020
187021 144018 121020 134021 150022 135022.
126019 120013 061010 058003 PPC000 338008
313004 PPC001 341008 106005 PPC002 183006
197003 178004 094008 126016 165012 086013
023015 025004 009010 306006 PPC000 PPC000.
PPC000 PPC000 PPC000 PPC000 037003 PPC000
PPC001 PPC000 PPC000 PPC000 PPC001 280012
PPC001 PPC002 PPC000 247005 214013 167005
097005 152007 185004 PPC000 282005 PPC000.
PPC000 PPC000 PPC000 PPC000 330003 PPC002
312005 PPC001 PPC000 PPC000 PPC000 PPC000
254008 263004 351003 191008 221009 169020
178018 168022 130020 133025 158024 130005.
PPC000 321008 PPC000 PPC000 333007 PPC000
PPC000 PPC000 PPC000 PPC000 PPC000 PPC001
308003 016010 096011 139015 197027 160023
164020 138036 119026 136025 130025 104017=
024176 1244 036170 1352
040098 1805 061088 1408
029173 1324 041147 1321
025331 1324 033349 1322
017339 0236 025340 0237
037146 1744 057142 1809
023129 1458 037145 1456
043154 1653 061147 1653
036141 1540 053167 1534
033147 1642 048156 1634
057019 2337 107000 2337
029147 1556 041153 1611
028118 1239 038099 1239
038125 1425 056125 1416
029175 1343 040179 1343
023176 1602 039113 1924
016088 2011 023323 1636
023153 1738 030130 1649
026115 1435 043150 1504
034075 1136 056043 1604
031112 1701 049133 1659
018096 2055 028343 1406
027275 1401 040266 1346
018170 1336 026193 1331
031276 1837 041278 1851
029273 2044 038278 2039
028119 1411 039102 1402
022135 2001 031130 2143
016297 0809 028272 0806
029183 1422 043102 1729
041141 1549 061125 1546=
DB
0231 0231 0228 0225 0221 0213 0216 0214 0215 0212 0226 0243
0237 0248 0269 0278 0263 0252 0244 0242 0256 0235 0230 0223 0298 1147 0210 0506.
0193 0197 0194 0193 0192 0183 0175 0169 0161 0160 0190 0253
0306 0347 0380 0397 0396 0386 0392 0347 0280 0252 0220 0206 0409 1217 0158 0539.
0201 0205 0209 0203 0195 0185 0177 0187 0175 0175 0217 0266
0332 0382 0420 0328 0317 0308 0246 0230 0235 0230 0220 0213 0427 1101 0174 0504.
0207 0203 0192 0191 0186 0187 0179 0185 0185 0183 0190 0191
0198 0215 0224 0236 0255 0292 0274 0286 0265 0225 0208 0198 0305 1406 0177 0251.
0192 0190 0186 0176 0177 0177 0175 0172 0170 0171 0188 0230
0277 0261 0232 0245 0228 0230 0224 0226 0215 0203 0192 0185 0289 0832 0165 0523.
0182 0179 0177 0161 0153 0149 0144 0139 0139 0137 0196 0278
0346 0404 0459 0508 0523 0544 0529 0481 0415 0320 0261 0236 0547 1422 0134 0530.
0221 0213 0201 0192 0184 0179 0172 0170 0164 0164 0216 0267
0353 0411 0384 0421 0421 0401 0313 0305 0270 0250 0238 0219 0481 1345 0161 0521.
0215 0215 0212 0209 0207 0205 0196 0193 0191 0190 0191 0208
0210 0260 0360 0386 0403 0394 0365 0295 0318 0266 0224 0208 0409 1321 0189 0553.
0200 0212 0211 0213 0191 0182 0174 0170 0166 0165 0211 0286
0322 0375 0396 0435 0461 0445 0439 0413 0376 0304 0259 0235 0469 1422 0163 0520.
0223 0217 0211 0203 0198 0194 0190 0199 0201 0191 0213 0278
0339 0414 0461 0445 0452 0396 0393 0373 0299 0268 0255 0234 0496 1138 0187 0317.
0228 0224 0225 0173 0169 0164 0165 0162 0162 0156 0162 0171
0200 0229 0295 0320 0362 0365 0363 0329 0285 0236 0196 0180 0374 1423 0155 0556.
0175 0168 0162 0156 0151 0147 0143 0140 0135 0135 0179 0263
0288 0345 0387 0416 0428 0353 0351 0273 0278 0239 0219 0203 0446 1258 0133 0519.
0203 0198 0182 0176 0174 0177 0164 0167 0164 0164 0203 0268
0274 0387 0450 0418 0410 0398 0384 0382 0367 0296 0258 0237 0468 1131 0161 0517.
0225 0216 0212 0208 0202 0196 0194 0190 0192 0194 0231 0305
0374 0427 0470 0522 0542 0514 0497 0372 0316 0294 0278 0260 0550 1317 0188 0449.
0258 0255 0247 0243 0240 0239 0236 0235 0233 0226 0231 0253
0310 0301 0314 0312 0399 0341 0328 0345 0306 0284 0261 0246 0405 1257 0224 0552.
0240 0234 0223 0222 0216 0213 0208 0207 0206 0204 0217 0263
0262 0302 0400 0366 0361 0350 0333 0374 0335 0271 0246 0230 0432 1217 0203 0538.
0231 0230 0224 0224 0221 0217 0213 0213 0210 0207 0230 0261
0277 0289 0282 0359 0359 0292 0251 0247 0234 0229 0224 0221 0392 1239 0205 0545.
0220 0219 0217 0213 0210 0209 0207 0207 0209 0206 0216 0237
0230 0324 0334 0339 0433 0439 0437 0413 0362 0307 0259 0239 0441 1410 0205 0623.
0228 0218 0211 0205 0199 0193 0188 0185 0180 0181 0226 0267
0322 0393 0443 0482 0508 0459 0481 0456 0357 0338 0282 0264 0520 1341 0178 0532.
0255 0241 0233 0227 0221 0213 0210 0205 0201 0204 0242 0283
0363 0416 0451 0419 0422 0474 0467 0421 0365 0310 0257 0229 0479 1354 0200 0518.
0216 0215 0197 0188 0183 0197 0200 0196 0195 0188 0221 0257
0352 0407 0454 0504 0516 0524 0492 0448 0373 0346 0287 0252 0531 1312 0177 0536.
0248 0233 0228 0226 0223 0216 0220 0217 0214 0213 0230 0267
0287 0309 0253 0237 0220 0246 0229 0225 0231 0219 0209 0205 0312 0952 0203 1956.
0201 0202 0201 0200 0199 0192 0193 0193 0192 0194 0202 0228
0220 0220 0233 0237 0243 0255 0289 0267 0249 0240 0213 0199 0296 1515 0189 0442.
0193 0192 0190 0188 0187 0185 0186 0184 0182 0184 0247 0311
0360 0370 0377 0464 0425 0398 0382 0363 0332 0292 0260 0243 0479 1227 0180 0517.
0234 0228 0216 0199 0196 0204 0203 0201 0200 0189 0231 0253
0286 0306 0402 0462 0408 0302 0247 0229 0222 0206 0193 0189 0462 1159 0186 0533.
0187 0186 0187 0189 0189 0190 0193 0193 0190 0193 0194 0200
0205 0218 0222 0234 0233 0244 0253 0263 0259 0237 0225 0220 0267 1637 0184 2115.
0218 0215 0215 0214 0213 0212 0211 0210 0209 0208 0219 0236
0297 0332 0374 0400 0371 0356 0345 0346 0318 0278 0259 0247 0408 1202 0208 0530.
0243 0241 0240 0239 0236 0233 0232 0230 0228 0228 0235 0251
0265 0265 0294 0326 0312 0285 0278 0261 0245 0237 0235 0234 0346 1219 0226 0524.
0232 0232 0230 0227 0222 0224 0222 0219 0219 0219 0223 0221
0216 0211 0213 0241 0305 0274 0256 0264 0254 0240 0227 0223 0319 1251 0210 0955.
0222 0220 0218 0216 0216 0214 0204 0205 0193 0192 0225 0273
0319 0348 0342 0402 0389 0388 0393 0359 0338 0290 0258 0244 0406 1213 0192 0510.
0236 0229 0224 0218 0212 0208 0204 0200 0197 0197 0229 0283
0332 0372 0415 0462 0485 0472 0473 0430 0384 0328 0281 0259 0486 1254 0194 0533=
0267 0259 0253 0249 0245 0241 0238 0235 0233 0227 0226 0231
0236 0242 0247 0252 0252 0251 0248 0247 0246 0245 0240 0236.
0225 0218 0215 0212 0210 0207 0201 0196 0192 0187 0186 0197
0220 0247 0273 0293 0306 0308 0308 0303 0289 0274 0256 0241.
0231 0226 0225 0223 0218 0214 0208 0204 0204 0199 0201 0210
0229 0254 0278 0287 0286 0279 0268 0254 0246 0242 0236 0231.
0227 0222 0217 0212 0209 0207 0203 0201 0201 0200 0199 0200
0202 0204 0209 0212 0220 0226 0235 0238 0239 0233 0224 0217.
0211 0207 0204 0200 0196 0195 0193 0191 0189 0187 0188 0195
0207 0217 0217 0220 0219 0217 0216 0217 0215 0212 0207 0203.
0199 0196 0194 0189 0183 0179 0175 0171 0167 0164 0167 0182
0208 0237 0267 0296 0320 0337 0345 0344 0330 0310 0287 0268.
0254 0244 0236 0228 0221 0215 0209 0204 0200 0196 0197 0208
0225 0248 0269 0280 0292 0301 0294 0279 0271 0260 0252 0244.
0237 0232 0230 0226 0224 0220 0215 0212 0209 0205 0204 0205
0208 0217 0244 0270 0294 0308 0309 0301 0288 0274 0257 0243.
0233 0229 0227 0225 0221 0213 0207 0202 0197 0193 0193 0206
0229 0254 0276 0290 0309 0321 0328 0324 0317 0299 0282 0267.
0255 0246 0240 0233 0228 0223 0219 0216 0216 0214 0214 0222
0239 0260 0286 0310 0311 0310 0317 0308 0296 0282 0270 0261.
0253 0247 0243 0224 0206 0200 0196 0193 0189 0187 0183 0184
0189 0201 0218 0247 0269 0282 0288 0283 0271 0255 0238 0223.
0214 0206 0200 0194 0189 0184 0179 0175 0172 0168 0169 0183
0207 0225 0247 0265 0281 0282 0278 0268 0258 0252 0240 0230.
0224 0220 0213 0207 0202 0200 0196 0192 0191 0187 0188 0199
0217 0232 0266 0292 0299 0299 0299 0295 0292 0286 0273 0260.
0250 0242 0236 0231 0226 0222 0218 0215 0212 0211 0212 0222
0242 0266 0294 0321 0343 0357 0358 0345 0322 0305 0294 0285.
0278 0272 0265 0259 0255 0251 0249 0247 0244 0242 0239 0241
0255 0268 0276 0278 0298 0306 0299 0296 0293 0285 0277 0267.
0260 0254 0248 0243 0238 0234 0230 0227 0225 0222 0223 0226
0236 0248 0265 0283 0300 0299 0302 0299 0294 0283 0270 0258.
0251 0247 0244 0240 0238 0235 0232 0229 0227 0224 0226 0231
0238 0247 0250 0263 0278 0280 0269 0261 0254 0248 0243 0238.
0235 0232 0230 0228 0225 0223 0222 0220 0219 0219 0217 0222
0224 0236 0260 0271 0290 0314 0325 0326 0317 0302 0285 0271.
0260 0251 0243 0236 0230 0225 0220 0216 0211 0208 0208 0221
0235 0262 0291 0315 0334 0347 0343 0342 0332 0315 0300 0287.
0278 0270 0262 0256 0250 0244 0239 0235 0231 0228 0229 0237
0252 0275 0300 0313 0324 0330 0332 0336 0326 0309 0291 0274.
0261 0251 0244 0235 0229 0224 0224 0223 0222 0217 0217 0222
0236 0263 0292 0318 0339 0352 0357 0353 0342 0322 0306 0290.
0277 0268 0260 0254 0249 0245 0242 0239 0237 0235 0234 0236
0244 0252 0252 0246 0241 0244 0241 0239 0238 0236 0232 0229.
0226 0223 0222 0220 0218 0217 0215 0213 0212 0211 0211 0215
0220 0221 0222 0231 0234 0236 0240 0245 0241 0237 0231 0224.
0219 0215 0212 0210 0208 0206 0204 0203 0202 0200 0202 0215
0236 0253 0265 0285 0301 0304 0301 0300 0291 0283 0272 0263.
0255 0249 0243 0236 0229 0226 0224 0222 0220 0216 0217 0223
0231 0239 0255 0282 0295 0290 0275 0264 0255 0246 0235 0228.
0222 0216 0213 0211 0209 0209 0208 0208 0207 0206 0205 0207
0208 0211 0214 0218 0222 0225 0229 0235 0240 0238 0234 0230.
0227 0225 0223 0222 0221 0220 0219 0218 0217 0216 0216 0220
0230 0249 0268 0288 0294 0298 0303 0300 0297 0288 0276 0267.
0259 0255 0251 0249 0247 0244 0242 0241 0239 0237 0236 0240
0244 0247 0253 0266 0275 0271 0266 0264 0258 0252 0246 0244.
0242 0240 0239 0238 0235 0234 0232 0229 0228 0227 0227 0228
0225 0223 0221 0223 0241 0254 0249 0251 0250 0246 0242 0237.
0234 0231 0229 0227 0226 0224 0222 0219 0215 0211 0212 0222
0241 0260 0280 0296 0311 0317 0322 0321 0312 0298 0284 0271.
0262 0255 0249 0244 0238 0234 0229 0226 0222 0219 0220 0230
0247 0269 0292 0312 0327 0337 0341 0339 0329 0317 0302 0288=
0269 0263 0257 0253 0249 0246 0243 0240 0237 0234 0232 0231
0233 0235 0238 0241 0244 0244 0244 0243 0242 0242 0240 0237.
0234 0228 0224 0221 0219 0216 0213 0210 0206 0202 0199 0199
0206 0218 0233 0248 0262 0270 0275 0277 0276 0270 0261 0252.
0244 0238 0233 0231 0228 0224 0221 0217 0214 0211 0209 0210
0215 0226 0240 0253 0258 0259 0258 0253 0247 0243 0240 0236.
0233 0229 0226 0222 0219 0216 0214 0211 0209 0208 0207 0206
0206 0206 0208 0210 0212 0216 0221 0225 0228 0228 0225 0222.
0218 0215 0212 0209 0206 0204 0202 0200 0198 0196 0195 0196
0200 0205 0209 0212 0213 0213 0213 0213 0213 0212 0210 0208.
0206 0203 0201 0199 0195 0192 0189 0186 0182 0180 0178 0180
0188 0202 0219 0238 0256 0273 0286 0294 0296 0291 0282 0271.
0261 0253 0246 0239 0233 0228 0223 0219 0215 0211 0208 0208
0213 0223 0236 0246 0255 0263 0268 0266 0262 0257 0252 0247.
0243 0238 0235 0232 0229 0227 0224 0220 0218 0214 0212 0211
0211 0212 0219 0234 0249 0264 0273 0276 0273 0269 0262 0253.
0245 0239 0235 0232 0230 0226 0221 0216 0212 0209 0205 0206
0213 0225 0239 0251 0264 0275 0285 0290 0291 0288 0280 0272.
0264 0256 0250 0245 0240 0235 0231 0228 0225 0223 0222 0222
0226 0235 0249 0263 0274 0279 0284 0286 0284 0278 0271 0265.
0259 0254 0250 0242 0228 0220 0215 0211 0207 0204 0199 0198
0198 0201 0207 0218 0233 0246 0256 0260 0260 0255 0247 0238.
0230 0224 0218 0213 0208 0203 0199 0195 0192 0188 0185 0187
0194 0205 0217 0231 0242 0252 0254 0255 0251 0248 0243 0237.
0232 0228 0224 0219 0215 0212 0209 0206 0203 0201 0199 0199
0205 0213 0226 0244 0257 0264 0269 0271 0271 0271 0267 0261.
0255 0249 0243 0239 0235 0231 0228 0225 0222 0220 0218 0219
0225 0236 0251 0267 0284 0299 0309 0312 0307 0299 0291 0284.
0279 0274 0269 0264 0260 0257 0254 0251 0249 0247 0245 0243
0245 0252 0258 0262 0267 0278 0281 0281 0281 0279 0275 0270.
0265 0260 0256 0251 0248 0244 0241 0237 0235 0232 0230 0230
0233 0237 0243 0255 0266 0273 0277 0279 0280 0278 0272 0265.
0259 0254 0251 0248 0245 0242 0240 0237 0235 0233 0231 0232
0235 0238 0242 0245 0253 0260 0261 0258 0255 0251 0247 0244.
0241 0238 0236 0234 0232 0231 0229 0227 0226 0225 0223 0223
0225 0227 0236 0247 0255 0270 0283 0291 0293 0290 0284 0276.
0268 0261 0255 0249 0244 0239 0235 0231 0227 0223 0220 0221
0227 0236 0251 0267 0283 0296 0304 0308 0308 0304 0297 0289.
0282 0276 0270 0265 0260 0255 0251 0247 0243 0240 0237 0238
0242 0251 0264 0276 0286 0294 0299 0304 0305 0301 0293 0284.
0274 0266 0259 0253 0247 0242 0238 0236 0234 0231 0228 0228
0231 0240 0254 0271 0287 0301 0311 0317 0317 0312 0304 0295.
0286 0278 0271 0265 0261 0257 0253 0250 0247 0245 0242 0241
0243 0246 0249 0248 0246 0244 0244 0243 0242 0241 0239 0236.
0234 0232 0230 0228 0227 0225 0224 0222 0221 0219 0218 0219
0220 0222 0222 0225 0228 0230 0233 0236 0237 0236 0234 0231.
0227 0224 0221 0219 0217 0215 0213 0212 0211 0209 0208 0211
0218 0229 0239 0248 0261 0270 0274 0276 0276 0273 0269 0264.
0259 0254 0249 0245 0240 0236 0233 0230 0229 0226 0224 0225
0227 0231 0237 0249 0262 0268 0266 0262 0257 0252 0246 0239.
0234 0230 0225 0223 0220 0218 0217 0216 0215 0214 0213 0212
0212 0213 0215 0216 0219 0221 0223 0227 0230 0232 0232 0231.
0229 0227 0226 0224 0223 0223 0222 0221 0220 0219 0219 0219
0221 0229 0239 0252 0263 0269 0274 0278 0278 0277 0273 0267.
0262 0258 0254 0251 0249 0247 0245 0243 0242 0240 0239 0239
0240 0242 0244 0249 0256 0259 0259 0259 0256 0254 0250 0247.
0245 0243 0242 0241 0239 0238 0236 0234 0233 0232 0231 0230
0230 0228 0226 0225 0228 0237 0241 0242 0243 0243 0242 0239.
0237 0235 0233 0232 0230 0229 0227 0225 0223 0221 0218 0220
0226 0236 0248 0258 0271 0280 0287 0292 0292 0289 0283 0275.
0268 0263 0258 0253 0248 0244 0241 0237 0234 0230 0228 0229
0235 0244 0257 0271 0284 0295 0303 0308 0308 0305 0299 0291=
0265 0261 0257 0254 0251 0248 0245 0243 0241 0238 0236 0234
0234 0234 0235 0236 0238 0239 0240 0239 0239 0239 0238 0237.
0236 0233 0230 0227 0225 0223 0221 0218 0215 0213 0210 0208
0208 0212 0218 0227 0237 0245 0251 0256 0259 0258 0256 0252.
0247 0243 0239 0236 0233 0230 0228 0225 0222 0220 0217 0216
0216 0220 0226 0234 0240 0244 0246 0246 0244 0242 0240 0237.
0235 0233 0230 0228 0225 0223 0221 0219 0217 0215 0214 0212
0211 0211 0211 0211 0212 0214 0216 0219 0221 0223 0223 0222.
0220 0218 0217 0215 0213 0211 0209 0207 0206 0204 0203 0202
0202 0204 0207 0209 0210 0211 0212 0212 0212 0212 0212 0211.
0209 0208 0206 0205 0203 0200 0198 0196 0193 0191 0189 0188
0189 0194 0202 0213 0225 0237 0248 0258 0264 0267 0266 0263.
0258 0253 0248 0243 0239 0235 0231 0227 0223 0220 0217 0215
0215 0218 0223 0230 0236 0243 0248 0251 0251 0250 0248 0246.
0243 0240 0237 0235 0233 0231 0229 0226 0224 0221 0219 0217
0216 0215 0217 0222 0230 0239 0248 0254 0257 0257 0256 0252.
0248 0243 0240 0237 0234 0232 0229 0225 0222 0219 0216 0214
0214 0218 0225 0233 0241 0249 0258 0264 0268 0270 0269 0266.
0262 0258 0253 0249 0246 0242 0239 0235 0233 0230 0228 0227
0227 0230 0235 0243 0252 0258 0263 0267 0269 0268 0266 0263.
0259 0256 0252 0248 0240 0234 0229 0225 0221 0218 0213 0211
0209 0209 0210 0214 0221 0229 0237 0243 0247 0248 0246 0242.
0237 0233 0228 0224 0220 0217 0213 0209 0206 0203 0200 0198
0199 0203 0209 0216 0224 0232 0238 0241 0242 0241 0240 0238.
0235 0232 0229 0226 0223 0220 0218 0215 0212 0210 0208 0207
0208 0211 0216 0224 0234 0242 0247 0252 0255 0256 0257 0255.
0252 0249 0246 0242 0239 0237 0234 0231 0229 0226 0224 0223
0224 0228 0234 0243 0254 0265 0275 0282 0285 0284 0281 0278.
0274 0271 0268 0265 0262 0259 0257 0254 0252 0250 0248 0247
0246 0247 0250 0253 0256 0261 0266 0268 0270 0270 0269 0268.
0265 0262 0259 0256 0253 0250 0247 0244 0242 0240 0237 0236
0236 0237 0239 0244 0250 0256 0261 0264 0267 0268 0267 0264.
0261 0257 0254 0252 0249 0247 0245 0243 0241 0239 0237 0236
0236 0237 0239 0241 0244 0249 0252 0253 0252 0251 0249 0247.
0245 0242 0241 0239 0237 0236 0234 0233 0231 0230 0229 0228
0228 0228 0231 0236 0242 0249 0258 0266 0272 0274 0274 0271.
0268 0263 0259 0255 0251 0247 0243 0240 0237 0234 0231 0229
0229 0232 0238 0247 0257 0267 0276 0282 0286 0287 0286 0283.
0280 0276 0272 0268 0264 0261 0258 0254 0251 0248 0245 0243
0243 0246 0251 0259 0266 0272 0278 0283 0286 0288 0286 0282.
0277 0272 0267 0262 0257 0253 0249 0246 0243 0241 0238 0237
0236 0238 0243 0252 0261 0272 0281 0288 0293 0295 0293 0290.
0285 0280 0276 0271 0267 0263 0260 0257 0254 0252 0250 0248
0247 0247 0249 0249 0249 0247 0247 0246 0245 0244 0243 0242.
0240 0238 0237 0235 0234 0232 0231 0230 0228 0227 0226 0225
0225 0225 0226 0227 0228 0230 0231 0233 0234 0235 0235 0234.
0232 0230 0228 0226 0224 0222 0221 0219 0218 0217 0216 0215
0217 0222 0228 0233 0241 0249 0255 0258 0261 0262 0261 0259.
0257 0254 0251 0248 0245 0242 0239 0237 0235 0233 0231 0230
0230 0231 0233 0238 0245 0252 0255 0255 0254 0251 0248 0245.
0241 0238 0234 0231 0229 0227 0225 0224 0222 0221 0220 0219
0218 0218 0218 0219 0220 0221 0223 0224 0227 0229 0230 0230.
0229 0229 0228 0227 0226 0225 0225 0224 0223 0223 0222 0222
0222 0224 0229 0236 0244 0250 0255 0260 0263 0264 0264 0262.
0260 0257 0255 0252 0250 0249 0247 0246 0244 0243 0241 0240
0240 0241 0242 0244 0247 0251 0252 0253 0253 0252 0251 0249.
0247 0246 0244 0243 0242 0241 0240 0238 0237 0236 0235 0234
0233 0232 0230 0229 0229 0232 0236 0238 0239 0241 0241 0240.
0239 0238 0236 0235 0234 0233 0232 0230 0229 0227 0225 0224
0225 0229 0235 0242 0250 0257 0264 0270 0273 0275 0274 0271.
0268 0264 0261 0257 0254 0251 0247 0245 0242 0239 0236 0235
0235 0239 0244 0252 0261 0269 0277 0283 0287 0289 0288 0286=
0253 0252 0250 0247 0245 0243 0241 0240 0238 0236 0234 0233
0231 0231 0231 0231 0231 0232 0233 0233 0233 0233 0233 0232.
0231 0230 0229 0227 0225 0223 0222 0220 0218 0216 0214 0212
0210 0210 0212 0216 0221 0227 0232 0236 0240 0242 0243 0243.
0241 0239 0236 0234 0232 0230 0228 0226 0224 0222 0220 0218
0217 0217 0219 0222 0226 0230 0233 0234 0235 0234 0234 0233.
0231 0230 0228 0227 0225 0223 0222 0220 0218 0217 0215 0214
0213 0212 0211 0211 0211 0211 0212 0214 0215 0217 0218 0218.
0217 0216 0215 0214 0213 0212 0210 0209 0208 0206 0205 0204
0203 0203 0204 0205 0206 0207 0208 0208 0209 0209 0209 0208.
0208 0207 0206 0205 0204 0203 0201 0199 0198 0196 0194 0192
0192 0193 0195 0200 0206 0214 0221 0229 0236 0241 0244 0245.
0245 0243 0240 0238 0235 0233 0230 0227 0224 0222 0219 0217
0216 0215 0217 0220 0223 0227 0231 0235 0237 0238 0238 0237.
0236 0235 0233 0232 0230 0229 0227 0226 0224 0222 0220 0218
0217 0216 0216 0216 0220 0224 0229 0235 0239 0241 0243 0242.
0241 0239 0237 0235 0233 0231 0229 0227 0224 0222 0220 0217
0216 0216 0218 0222 0226 0232 0237 0242 0247 0250 0252 0253.
0252 0250 0248 0246 0243 0241 0238 0236 0234 0231 0230 0228
0227 0227 0228 0231 0236 0241 0245 0248 0251 0253 0253 0253.
0252 0250 0248 0245 0242 0238 0234 0231 0228 0224 0221 0218
0216 0214 0213 0214 0216 0220 0224 0229 0233 0236 0237 0236.
0235 0232 0230 0227 0224 0222 0219 0216 0213 0211 0208 0206
0204 0205 0206 0209 0213 0218 0223 0227 0230 0231 0231 0231.
0230 0229 0228 0226 0224 0222 0220 0218 0216 0214 0212 0211
0210 0210 0211 0214 0220 0225 0230 0234 0238 0240 0242 0243.
0243 0242 0240 0239 0237 0235 0233 0231 0229 0227 0226 0224
0223 0224 0226 0230 0235 0242 0249 0255 0261 0263 0264 0264.
0263 0261 0260 0259 0257 0255 0253 0251 0250 0248 0247 0245
0244 0243 0244 0245 0247 0249 0252 0255 0257 0258 0258 0258.
0258 0256 0255 0253 0251 0249 0247 0245 0243 0241 0239 0238
0236 0236 0236 0237 0240 0244 0247 0250 0253 0255 0256 0256.
0255 0253 0251 0249 0248 0246 0245 0243 0241 0240 0238 0237
0236 0236 0236 0237 0238 0240 0242 0244 0245 0245 0244 0243.
0242 0241 0240 0238 0237 0236 0235 0233 0232 0231 0230 0229
0228 0228 0228 0230 0232 0236 0241 0246 0251 0256 0258 0259.
0258 0257 0255 0252 0250 0247 0245 0242 0240 0237 0235 0232
0231 0231 0232 0236 0241 0247 0253 0259 0264 0267 0269 0270.
0269 0267 0266 0263 0261 0259 0256 0254 0252 0249 0247 0245
0243 0243 0245 0247 0251 0256 0260 0264 0268 0270 0272 0271.
0270 0267 0265 0261 0258 0255 0252 0249 0247 0244 0242 0240
0238 0238 0239 0242 0247 0252 0259 0265 0271 0274 0276 0276.
0275 0273 0271 0268 0265 0262 0260 0257 0255 0253 0251 0249
0248 0247 0247 0247 0247 0246 0245 0245 0244 0243 0243 0242.
0241 0239 0238 0237 0235 0234 0233 0232 0231 0230 0229 0228
0227 0226 0226 0226 0227 0227 0228 0229 0230 0231 0231 0231.
0231 0230 0228 0227 0226 0225 0223 0222 0221 0220 0219 0218
0218 0219 0221 0225 0228 0233 0238 0242 0245 0248 0249 0249.
0249 0248 0247 0245 0243 0241 0239 0237 0236 0234 0232 0231
0230 0230 0230 0232 0234 0238 0242 0244 0245 0245 0244 0242.
0240 0238 0236 0234 0232 0230 0228 0227 0225 0224 0223 0222
0221 0220 0220 0220 0220 0220 0221 0222 0223 0224 0225 0226.
0226 0226 0226 0225 0225 0224 0224 0223 0223 0222 0222 0221
0221 0221 0223 0226 0230 0235 0239 0243 0246 0249 0250 0251.
0251 0250 0249 0247 0246 0245 0244 0243 0241 0240 0239 0238
0238 0238 0238 0238 0239 0241 0243 0244 0245 0245 0246 0245.
0244 0243 0242 0241 0240 0239 0238 0237 0236 0235 0235 0234
0233 0232 0231 0230 0229 0229 0231 0233 0234 0235 0236 0236.
0236 0235 0235 0234 0233 0232 0231 0230 0229 0228 0227 0226
0225 0226 0228 0231 0236 0241 0246 0250 0255 0258 0259 0260.
0259 0258 0256 0254 0251 0249 0247 0245 0243 0241 0239 0237
0236 0236 0238 0241 0246 0251 0256 0262 0266 0270 0272 0272=
0201 0201 0202 0202 0202 0203 0203 0203 0203 0203 0203 0203
0203 0203 0203 0203 0202 0202 0203 0203 0203 0203 0203 0203.
0203 0203 0203 0203 0203 0203 0203 0203 0203 0203 0202 0202
0202 0201 0201 0201 0201 0201 0201 0201 0202 0202 0203 0204.
0205 0205 0206 0206 0207 0207 0207 0207 0207 0207 0207 0206
0206 0206 0206 0206 0205 0205 0206 0206 0206 0206 0207 0207.
0207 0207 0207 0207 0207 0207 0207 0207 0207 0207 0206 0206
0206 0205 0205 0205 0204 0204 0204 0204 0204 0203 0203 0203.
0204 0204 0204 0204 0203 0203 0203 0203 0203 0202 0202 0202
0202 0201 0201 0201 0201 0200 0200 0200 0200 0200 0200 0200.
0200 0200 0200 0200 0199 0199 0199 0199 0199 0198 0198 0198
0197 0197 0197 0196 0196 0196 0197 0197 0198 0199 0200 0200.
0201 0202 0203 0204 0204 0204 0205 0205 0205 0205 0205 0204
0204 0204 0204 0204 0203 0204 0204 0204 0204 0204 0205 0205.
0206 0206 0206 0206 0206 0206 0207 0207 0207 0207 0207 0207
0207 0206 0206 0206 0206 0206 0206 0206 0207 0207 0208 0209.
0209 0210 0210 0211 0211 0211 0211 0211 0211 0211 0211 0211
0210 0210 0210 0210 0209 0210 0210 0210 0211 0211 0212 0213.
0213 0214 0214 0215 0215 0215 0215 0215 0215 0215 0215 0215
0215 0215 0214 0214 0214 0214 0214 0214 0215 0215 0216 0216.
0217 0217 0217 0218 0218 0219 0219 0219 0218 0218 0217 0217
0216 0216 0215 0214 0214 0213 0213 0213 0213 0213 0214 0214.
0214 0215 0215 0215 0215 0215 0214 0214 0214 0213 0213 0212
0212 0211 0211 0210 0210 0210 0210 0210 0210 0210 0210 0211.
0211 0211 0212 0212 0212 0212 0212 0211 0211 0211 0211 0210
0210 0210 0209 0209 0209 0209 0209 0209 0210 0210 0211 0211.
0212 0212 0213 0213 0213 0214 0214 0214 0214 0214 0214 0213
0213 0213 0213 0213 0213 0213 0213 0214 0215 0215 0216 0217.
0218 0219 0219 0220 0221 0221 0222 0222 0222 0222 0222 0222
0222 0222 0222 0222 0222 0223 0223 0223 0223 0224 0224 0225.
0225 0225 0226 0226 0226 0226 0226 0226 0226 0226 0225 0225
0225 0225 0225 0224 0224 0224 0224 0224 0224 0225 0225 0225.
0226 0226 0226 0226 0227 0227 0227 0226 0226 0226 0226 0226
0226 0225 0225 0225 0225 0225 0225 0224 0224 0225 0225 0225.
0225 0225 0225 0225 0225 0224 0224 0224 0224 0224 0223 0223
0223 0223 0222 0222 0222 0222 0222 0222 0223 0223 0224 0224.
0225 0225 0226 0226 0227 0227 0227 0227 0227 0226 0226 0226
0225 0225 0225 0224 0224 0224 0224 0225 0225 0226 0226 0227.
0228 0228 0229 0229 0229 0230 0230 0230 0230 0230 0230 0229
0229 0229 0229 0229 0228 0228 0228 0229 0229 0229 0230 0230.
0231 0231 0231 0232 0232 0231 0231 0231 0231 0230 0230 0229
0229 0229 0228 0228 0228 0228 0227 0228 0228 0228 0229 0229.
0230 0230 0230 0231 0231 0231 0231 0231 0231 0230 0230 0230
0230 0229 0229 0229 0228 0228 0228 0228 0227 0227 0227 0227.
0226 0226 0226 0226 0226 0225 0225 0225 0224 0224 0224 0223
0223 0223 0222 0222 0222 0222 0221 0221 0221 0221 0221 0221.
0221 0221 0221 0221 0220 0220 0220 0220 0220 0219 0219 0219
0218 0218 0218 0218 0218 0218 0218 0218 0218 0219 0219 0220.
0220 0220 0221 0221 0221 0221 0221 0221 0221 0221 0221 0221
0220 0220 0220 0220 0220 0220 0220 0220 0220 0220 0221 0221.
0221 0221 0221 0221 0221 0221 0221 0220 0220 0220 0220 0219
0219 0219 0218 0218 0218 0218 0217 0217 0217 0217 0217 0217.
0217 0217 0217 0217 0217 0217 0217 0217 0217 0217 0217 0217
0217 0217 0217 0217 0217 0217 0217 0218 0218 0219 0219 0220.
0220 0221 0221 0222 0222 0223 0223 0223 0223 0223 0223 0223
0224 0224 0224 0224 0224 0224 0224 0224 0224 0224 0225 0225.
0225 0225 0226 0226 0226 0226 0226 0226 0226 0226 0226 0226
0225 0225 0225 0225 0225 0225 0225 0225 0224 0224 0224 0224.
0224 0224 0224 0224 0224 0224 0224 0224 0224 0224 0224 0224
0223 0223 0223 0223 0223 0223 0223 0224 0224 0225 0225 0226.
0227 0227 0228 0228 0228 0228 0229 0229 0229 0229 0229 0228
0228 0228 0228 0228 0228 0228 0228 0229 0229 0230 0230 0231=
KB
0178 0179 0179 0179 0179 0179 0179 0180 0180 0180 0180 0180
0180 0181 0181 0181 0181 0181 0182 0182 0182 0182 0182 0182.
0182 0183 0183 0183 0183 0183 0183 0183 0183 0184 0184 0184
0184 0184 0184 0184 0184 0184 0185 0185 0185 0185 0185 0185.
0185 0185 0185 0185 0185 0185 0185 0186 0186 0186 0186 0186
0186 0187 0187 0187 0187 0187 0187 0187 0187 0187 0187 0187.
0187 0188 0188 0188 0188 0188 0188 0188 0188 0188 0188 0189
0189 0189 0189 0189 0189 0189 0189 0189 0189 0189 0189 0189.
0189 0189 0189 0189 0189 0189 0189 0189 0189 0189 0189 0189
0189 0189 0190 0190 0190 0190 0190 0189 0189 0189 0189 0189.
0189 0189 0189 0189 0189 0189 0189 0189 0189 0189 0189 0189
0189 0189 0189 0189 0189 0189 0189 0189 0189 0189 0189 0189.
0189 0189 0189 0189 0189 0189 0189 0189 0189 0189 0189 0189
0189 0190 0190 0190 0190 0190 0190 0190 0190 0190 0190 0190.
0190 0190 0190 0190 0191 0191 0191 0191 0191 0191 0192 0192
0192 0192 0192 0192 0192 0192 0192 0192 0192 0192 0192 0192.
0192 0193 0193 0193 0193 0193 0193 0193 0193 0193 0194 0194
0194 0194 0194 0194 0194 0194 0194 0194 0194 0195 0195 0195.
0195 0195 0195 0195 0195 0195 0195 0195 0195 0196 0196 0196
0196 0196 0196 0197 0197 0197 0197 0197 0197 0197 0197 0197.
0197 0197 0197 0198 0199 0199 0199 0199 0200 0200 0200 0200
0200 0201 0201 0201 0201 0201 0201 0201 0201 0201 0201 0201.
0201 0201 0201 0201 0201 0201 0201 0201 0201 0201 0201 0201
0201 0201 0201 0201 0201 0201 0201 0201 0201 0201 0201 0200.
0200 0200 0200 0200 0200 0200 0200 0200 0200 0200 0200 0200
0200 0200 0200 0200 0200 0200 0200 0200 0200 0200 0200 0200.
0200 0200 0200 0200 0200 0200 0200 0200 0200 0200 0200 0200
0200 0200 0201 0201 0201 0201 0201 0201 0201 0201 0201 0201.
0201 0201 0201 0202 0201 0201 0202 0202 0202 0202 0202 0202
0203 0203 0203 0203 0203 0204 0204 0204 0204 0204 0204 0204.
0204 0204 0205 0205 0205 0205 0205 0205 0205 0206 0206 0206
0206 0206 0206 0206 0207 0207 0207 0207 0207 0207 0207 0207.
0207 0207 0207 0207 0207 0207 0207 0207 0207 0208 0208 0208
0208 0208 0208 0208 0208 0208 0208 0208 0208 0208 0208 0209.
0209 0209 0209 0209 0209 0209 0209 0209 0209 0209 0209 0209
0209 0209 0209 0209 0209 0209 0209 0209 0209 0209 0209 0209.
0209 0209 0209 0209 0209 0209 0209 0209 0209 0209 0209 0210
0210 0210 0210 0210 0210 0210 0210 0210 0210 0210 0210 0210.
0210 0210 0210 0210 0210 0211 0211 0211 0211 0211 0211 0211
0211 0211 0211 0212 0212 0212 0212 0212 0212 0212 0212 0212.
0212 0212 0212 0212 0212 0212 0213 0213 0213 0213 0213 0213
0213 0213 0213 0213 0213 0213 0213 0213 0213 0213 0213 0213.
0213 0213 0213 0213 0214 0214 0214 0214 0214 0214 0214 0214
0214 0214 0214 0214 0214 0214 0214 0214 0214 0214 0214 0214.
0214 0214 0214 0214 0214 0214 0214 0214 0214 0214 0214 0214
0214 0214 0214 0214 0214 0214 0214 0214 0213 0213 0213 0213.
0213 0213 0213 0213 0213 0213 0213 0213 0213 0213 0213 0212
0212 0212 0212 0212 0212 0212 0212 0212 0212 0212 0212 0212.
0212 0212 0211 0211 0211 0211 0211 0211 0211 0211 0211 0211
0211 0211 0212 0211 0211 0212 0212 0211 0211 0211 0211 0211.
0211 0211 0211 0211 0211 0211 0211 0211 0211 0211 0211 0211
0211 0211 0211 0211 0211 0211 0211 0211 0211 0211 0211 0211.
0211 0211 0211 0211 0211 0211 0211 0210 0211 0210 0210 0210
0210 0210 0210 0210 0210 0210 0210 0210 0210 0210 0210 0210.
0210 0210 0210 0210 0210 0210 0210 0210 0210 0210 0210 0210
0210 0211 0211 0211 0211 0211 0211 0211 0211 0211 0212 0211.
0211 0212 0212 0212 0212 0212 0212 0212 0212 0212 0213 0213
0213 0213 0213 0213 0213 0213 0214 0214 0214 0214 0214 0214.
0214 0214 0214 0214 0214 0214 0214 0214 0214 0214 0214 0214
0214 0214 0214 0214 0214 0214 0214 0214 0214 0214 0214 0214.
0214 0214 0214 0214 0214 0214 0214 0214 0214 0214 0214 0215
0214 0215 0215 0215 0215 0215 0215 0215 0215 0215 0215 0215=
0159 0159 0159 0159 0159 0159 0159 0159 0159 0159 0159 0159
0159 0160 0160 0160 0160 0160 0160 0160 0160 0160 0160 0160.
0160 0160 0160 0160 0160 0160 0160 0160 0160 0161 0161 0161
0161 0161 0161 0161 0161 0161 0161 0161 0161 0161 0161 0162.
0161 0161 0162 0162 0162 0162 0162 0162 0162 0162 0162 0162
0162 0162 0162 0163 0163 0163 0163 0163 0163 0163 0163 0163.
0163 0163 0163 0163 0163 0163 0163 0163 0163 0164 0164 0164
0164 0164 0164 0164 0164 0164 0164 0164 0164 0164 0164 0164.
0164 0165 0164 0165 0165 0165 0165 0165 0165 0165 0165 0165
0165 0165 0165 0165 0165 0165 0166 0166 0166 0166 0166 0166.
0166 0166 0166 0166 0166 0166 0166 0166 0166 0166 0166 0167
0166 0167 0167 0167 0167 0167 0167 0167 0167 0167 0167 0167.
0167 0167 0167 0167 0167 0167 0167 0168 0168 0168 0168 0168
0168 0168 0168 0168 0168 0168 0168 0168 0168 0168 0168 0168.
0168 0168 0168 0168 0169 0169 0169 0169 0169 0169 0169 0169
0169 0169 0169 0169 0169 0169 0169 0169 0169 0169 0169 0169.
0170 0170 0170 0170 0170 0170 0170 0170 0170 0170 0170 0170
0170 0170 0170 0170 0170 0170 0170 0170 0171 0171 0171 0171.
0171 0171 0171 0171 0171 0171 0171 0171 0171 0171 0171 0171
0171 0171 0171 0171 0171 0171 0172 0172 0172 0172 0172 0172.
0172 0172 0172 0172 0173 0173 0173 0173 0173 0173 0173 0173
0173 0173 0173 0173 0173 0173 0173 0173 0174 0174 0174 0174.
0174 0174 0174 0174 0174 0174 0174 0174 0174 0174 0174 0174
0174 0174 0175 0175 0175 0175 0175 0175 0175 0175 0175 0175.
0175 0175 0175 0175 0175 0175 0175 0175 0175 0175 0176 0175
0176 0176 0176 0176 0176 0176 0176 0176 0176 0176 0176 0176.
0176 0176 0176 0176 0176 0176 0176 0177 0177 0177 0177 0177
0177 0177 0177 0177 0177 0177 0177 0177 0177 0177 0177 0177.
0177 0177 0177 0178 0177 0177 0177 0177 0178 0178 0178 0178
0178 0178 0178 0178 0178 0178 0178 0178 0178 0178 0178 0178.
0178 0178 0178 0178 0178 0178 0178 0179 0179 0179 0179 0179
0179 0179 0179 0179 0179 0179 0179 0179 0179 0179 0179 0179.
0179 0179 0179 0179 0179 0179 0179 0179 0179 0180 0180 0180
0180 0180 0180 0180 0180 0180 0180 0180 0180 0180 0180 0180.
0180 0180 0180 0181 0181 0181 0181 0181 0181 0181 0181 0181
0181 0181 0181 0181 0181 0181 0181 0181 0181 0181 0181 0181.
0181 0181 0181 0182 0181 0182 0182 0182 0182 0182 0182 0182
0182 0182 0182 0182 0182 0182 0182 0182 0182 0182 0182 0182.
0182 0183 0182 0183 0183 0183 0183 0183 0183 0183 0183 0183
0183 0183 0183 0183 0183 0183 0183 0183 0183 0183 0183 0183.
0183 0183 0184 0184 0184 0184 0184 0184 0184 0184 0184 0184
0184 0184 0184 0184 0184 0184 0184 0184 0184 0184 0184 0184.
0184 0185 0185 0185 0185 0185 0185 0185 0185 0185 0185 0185
0185 0185 0185 0185 0185 0185 0185 0185 0185 0185 0185 0185.
0185 0185 0186 0186 0186 0186 0186 0186 0186 0186 0186 0186
0186 0186 0186 0186 0186 0186 0186 0186 0186 0186 0186 0186.
0186 0186 0187 0187 0187 0187 0187 0187 0187 0187 0187 0187
0187 0187 0187 0187 0187 0187 0187 0187 0187 0187 0187 0187.
0187 0187 0187 0187 0187 0187 0187 0187 0187 0188 0188 0188
0188 0188 0188 0188 0188 0188 0188 0188 0188 0188 0188 0188.
0188 0188 0188 0188 0188 0188 0188 0188 0188 0188 0188 0188
0188 0189 0189 0189 0189 0189 0189 0189 0189 0189 0189 0189.
0189 0189 0189 0189 0189 0189 0189 0189 0189 0189 0189 0189
0189 0189 0189 0189 0189 0189 0189 0189 0189 0189 0189 0189.
0189 0189 0189 0189 0189 0190 0190 0190 0190 0190 0190 0190
0190 0190 0190 0190 0190 0190 0190 0190 0190 0190 0190 0190.
0190 0190 0190 0190 0190 0190 0190 0190 0190 0190 0190 0190
0190 0190 0191 0191 0191 0191 0191 0191 0191 0191 0191 0191.
0191 0191 0191 0191 0191 0191 0191 0191 0191 0191 0191 0191
0191 0191 0191 0191 0191 0191 0191 0191 0191 0191 0191 0191.
0191 0192 0191 0191 0192 0192 0192 0192 0192 0192 0192 0192
0192 0192 0192 0192 0192 0192 0192 0192 0192 0192 0192 0192=
0163 0163 0163 0163 0163 0163 0163 0163 0163 0163 0163 0163
0163 0163 0163 0163 0163 0163 0163 0163 0163 0163 0163 0163.
0163 0163 0163 0163 0163 0163 0163 0163 0163 0163 0163 0163
0163 0163 0163 0163 0163 0163 0163 0163 0163 0163 0163 0163.
0163 0163 0163 0163 0163 0163 0163 0163 0163 0163 0163 0163
0163 0163 0163 0163 0163 0163 0163 0163 0163 0163 0163 0163.
0163 0163 0163 0163 0163 0163 0163 0163 0163 0163 0163 0163
0163 0163 0163 0163 0163 0163 0163 0164 0163 0163 0163 0163.
0163 0163 0163 0164 0163 0164 0164 0164 0164 0163 0164 0163
0163 0163 0164 0163 0164 0164 0164 0164 0164 0164 0164 0164.
0164 0164 0164 0164 0164 0164 0164 0164 0164 0164 0164 0164
0164 0164 0164 0164 0164 0164 0164 0164 0164 0164 0164 0164.
0164 0164 0164 0164 0164 0164 0164 0164 0164 0164 0164 0164
0164 0164 0164 0164 0164 0164 0164 0164 0164 0164 0164 0164.
0164 0164 0164 0164 0164 0164 0164 0164 0164 0164 0164 0164
0164 0164 0164 0164 0164 0164 0164 0164 0164 0164 0164 0164.
0164 0164 0164 0164 0164 0164 0164 0164 0164 0164 0164 0164
0164 0164 0164 0164 0164 0165 0165 0165 0165 0165 0164 0164.
0164 0165 0165 0164 0165 0164 0165 0165 0165 0165 0165 0164
0165 0165 0165 0165 0165 0165 0165 0165 0165 0165 0165 0165.
0165 0165 0165 0165 0165 0165 0165 0165 0165 0165 0165 0165
0165 0165 0165 0165 0165 0165 0165 0165 0165 0165 0165 0165.
0165 0165 0165 0165 0165 0165 0165 0165 0165 0165 0165 0165
0165 0165 0165 0165 0165 0165 0166 0165 0165 0165 0165 0165.
0165 0165 0166 0166 0166 0166 0166 0165 0166 0165 0166 0166
0166 0166 0166 0166 0166 0166 0166 0166 0166 0166 0166 0166.
0166 0166 0166 0166 0166 0166 0166 0166 0166 0166 0166 0166
0166 0166 0166 0166 0166 0166 0166 0166 0166 0166 0166 0166.
0166 0166 0166 0166 0166 0166 0166 0166 0166 0166 0166 0166
0166 0166 0166 0166 0166 0166 0166 0166 0166 0166 0166 0166.
0166 0166 0166 0166 0166 0166 0166 0166 0166 0166 0166 0166
0167 0167 0167 0167 0167 0167 0167 0167 0167 0167 0167 0167.
0167 0167 0167 0167 0167 0167 0167 0167 0167 0167 0167 0167
0167 0167 0167 0167 0167 0167 0167 0167 0167 0167 0167 0167.
0167 0167 0167 0167 0167 0167 0167 0167 0167 0167 0167 0167
0167 0167 0167 0167 0167 0167 0167 0167 0167 0167 0167 0167.
0167 0167 0167 0167 0167 0167 0167 0167 0167 0167 0167 0168
0168 0168 0168 0168 0168 0168 0168 0168 0168 0168 0168 0168.
0168 0168 0168 0168 0168 0168 0168 0168 0168 0168 0168 0168
0168 0168 0168 0168 0168 0168 0168 0168 0168 0168 0168 0168.
0168 0168 0168 0168 0168 0168 0168 0168 0168 0168 0168 0168
0168 0168 0168 0168 0168 0168 0168 0168 0168 0169 0168 0168.
0168 0169 0169 0168 0168 0168 0168 0168 0168 0168 0169 0169
0169 0169 0169 0169 0169 0169 0169 0169 0169 0169 0169 0169.
0169 0169 0169 0169 0169 0169 0169 0169 0169 0169 0169 0169
0169 0169 0169 0169 0169 0169 0169 0169 0169 0169 0169 0169.
0169 0169 0169 0169 0169 0169 0169 0169 0169 0169 0169 0169
0169 0169 0169 0169 0169 0169 0169 0169 0169 0169 0169 0170.
0170 0169 0170 0169 0169 0169 0169 0169 0169 0170 0170 0170
0170 0170 0170 0170 0170 0170 0170 0170 0170 0170 0170 0170.
0170 0170 0170 0170 0170 0170 0170 0170 0170 0170 0170 0170
0170 0170 0170 0170 0170 0170 0170 0170 0170 0170 0170 0170.
0170 0170 0170 0170 0170 0170 0170 0170 0170 0170 0170 0170
0170 0171 0171 0171 0170 0171 0171 0171 0171 0171 0171 0171.
0171 0171 0171 0171 0171 0171 0171 0171 0171 0171 0171 0171
0171 0171 0171 0171 0171 0171 0171 0171 0171 0171 0171 0171.
0171 0171 0171 0171 0171 0171 0171 0171 0171 0171 0171 0171
0171 0171 0171 0171 0171 0171 0171 0171 0171 0172 0171 0172.
0172 0172 0172 0172 0172 0172 0172 0172 0172 0172 0172 0172
0172 0172 0172 0172 0172 0172 0172 0172 0172 0172 0172 0172.
0172 0172 0172 0172 0172 0172 0172 0172 0172 0172 0172 0172
0172 0172 0172 0172 0172 0173 0172 0173 0172 0173 0172 0173=
A=
SA=
BA
0208 0209 0207 0215 0213 0207 0209 0207 0209 0206 0219 0244
0224 0230 0253 0266 0256 0237 0227 0224 0242 0219 0217 0214 0301 1146 0202 0209.
0184 0181 0181 0182 0179 0166 0161 0156 0134 0135 0190 0264
0318 0370 0397 0407 0400 0429 0411 0355 0281 0258 0207 0202 0443 1219 0131 0556.
0193 0190 0199 0192 0179 0161 0153 0178 0154 0155 0208 0266
0328 0390 0395 0307 0293 0290 0218 0204 0212 0213 0206 0198 0420 1028 0149 0509.
0196 0189 0176 0178 0174 0173 0160 0178 0178 0174 0183 0182
0189 0199 0216 0228 0250 0285 0268 0278 0257 0216 0193 0187 0309 1409 0157 0245.
0184 0174 0170 0157 0161 0162 0164 0159 0155 0158 0187 0235
0285 0254 0208 0237 0220 0228 0217 0222 0210 0194 0179 0174 0288 0901 0146 0525.
0170 0167 0164 0143 0131 0126 0121 0118 0129 0123 0173 0256
0324 0376 0400 0432 0429 0430 0438 0422 0373 0296 0240 0209 0453 1425 0114 0419.
0185 0181 0176 0166 0155 0156 0146 0147 0139 0140 0189 0245
0321 0360 0349 0368 0359 0337 0277 0280 0248 0228 0215 0206 0392 1341 0135 0517.
0203 0204 0202 0199 0200 0197 0189 0182 0182 0181 0185 0204
0202 0255 0376 0390 0418 0410 0391 0287 0336 0275 0212 0181 0443 1344 0177 0419.
0174 0198 0200 0201 0163 0153 0147 0147 0144 0140 0190 0273
0322 0392 0385 0416 0435 0413 0409 0387 0356 0285 0234 0207 0439 1330 0136 0517.
0192 0197 0191 0182 0173 0171 0168 0186 0193 0174 0206 0265
0309 0357 0387 0368 0382 0350 0339 0340 0273 0250 0234 0214 0425 1126 0164 0318.
0209 0209 0213 0159 0154 0150 0149 0142 0143 0138 0144 0156
0201 0215 0298 0353 0388 0383 0380 0357 0294 0236 0176 0151 0398 1243 0137 0539.
0141 0136 0131 0123 0118 0120 0110 0109 0103 0104 0153 0218
0276 0342 0394 0452 0413 0343 0339 0262 0279 0230 0209 0182 0452 1200 0100 0518.
0185 0177 0156 0148 0150 0154 0138 0149 0143 0142 0174 0246
0261 0362 0416 0377 0370 0360 0353 0352 0341 0273 0232 0216 0441 1111 0136 0303.
0203 0195 0191 0186 0181 0174 0177 0169 0180 0179 0207 0275
0355 0403 0441 0456 0462 0432 0434 0327 0278 0264 0251 0243 0472 1310 0169 0334.
0244 0245 0241 0230 0228 0226 0226 0220 0225 0215 0218 0250
0310 0298 0320 0324 0436 0349 0331 0367 0304 0274 0236 0219 0462 1233 0212 0611.
0214 0207 0193 0198 0190 0191 0187 0186 0188 0184 0202 0259
0267 0313 0430 0384 0360 0353 0328 0380 0338 0262 0229 0206 0458 1221 0180 0544.
0213 0210 0204 0206 0201 0199 0196 0195 0193 0188 0225 0263
0283 0291 0282 0363 0358 0274 0237 0228 0216 0213 0208 0207 0388 1239 0184 0546.
0205 0204 0203 0199 0198 0197 0191 0195 0201 0194 0209 0229
0225 0324 0341 0338 0445 0446 0442 0429 0357 0292 0233 0201 0462 1414 0190 0305.
0190 0182 0176 0170 0167 0164 0159 0157 0153 0157 0202 0239
0307 0404 0444 0456 0453 0415 0446 0409 0314 0301 0247 0231 0475 1214 0149 0523.
0222 0211 0204 0198 0197 0185 0183 0179 0176 0181 0218 0271
0334 0390 0420 0370 0370 0415 0399 0365 0319 0266 0218 0188 0428 1103 0175 0521.
0169 0172 0158 0147 0143 0167 0177 0171 0175 0159 0205 0249
0315 0371 0417 0441 0433 0441 0435 0400 0321 0300 0252 0209 0453 1435 0142 0055.
0211 0197 0190 0199 0194 0186 0194 0191 0188 0191 0214 0247
0269 0287 0237 0216 0199 0220 0208 0214 0206 0197 0191 0192 0293 0951 0184 0150.
0190 0189 0186 0184 0185 0183 0180 0182 0179 0182 0191 0204
0195 0199 0221 0219 0223 0227 0270 0249 0234 0227 0198 0179 0282 1519 0178 0411.
0174 0176 0175 0173 0172 0169 0171 0169 0167 0169 0213 0279
0330 0349 0356 0436 0372 0341 0343 0319 0305 0271 0235 0217 0466 1134 0166 0515.
0210 0205 0194 0177 0174 0186 0186 0188 0187 0174 0220 0244
0287 0300 0394 0444 0367 0275 0224 0211 0203 0187 0175 0171 0449 1203 0170 0539.
0172 0173 0174 0176 0176 0178 0179 0180 0180 0182 0184 0192
0192 0211 0214 0218 0216 0236 0230 0261 0241 0223 0209 0206 0262 1539 0170 2036.
0204 0204 0205 0206 0205 0204 0203 0202 0202 0201 0208 0237
0345 0382 0415 0402 0364 0341 0333 0339 0306 0277 0261 0254 0445 1147 0200 0420.
0249 0245 0239 0231 0227 0223 0223 0220 0219 0222 0235 0251
0270 0273 0315 0329 0308 0285 0285 0261 0232 0229 0227 0225 0357 1218 0217 0509.
0221 0224 0221 0215 0210 0212 0211 0212 0211 0212 0214 0210
0209 0202 0201 0227 0273 0248 0243 0252 0242 0226 0209 0209 0296 1239 0197 1031.
0208 0207 0206 0204 0206 0204 0187 0192 0179 0182 0252 0312
0359 0400 0366 0417 0412 0371 0375 0340 0320 0293 0267 0240 0440 1154 0177 0505.
0218 0209 0206 0203 0192 0186 0186 0180 0181 0186 0237 0318
0406 0390 0424 0434 0417 0385 0390 0341 0321 0302 0277 0260 0470 1051 0176 0508=
=
??????
******
YF
19011










20150612=
JY
8888=
GK
01/
05/=
BZ
10/03/08;14;20

10/24/24
11/=
######
