57461 3042N 11118E 001331 001343 105 000 S14 11111999919199111991 0 2015 10
PC
0005 0010 0017 0016 0018 0017 0017 0018 0022 0035 0045 0055
0061 0064 0061 0054 0044 0036 0033 0033 0032 0033 0035 0042 0065 0929 9999 2001.
0049 0050 0050 0048 0046 0042 0037 0034 0032 0031 0033 0036
0037 0035 0029 0020 0010 0001 9994 9993 9992 9993 0000 0008 0051 2223 9990 1721.
0017 0018 0024 0026 0022 0018 0017 0019 0020 0025 0031 0039
0048 0051 0046 0041 0037 0032 0030 0031 0035 0041 0049 0057 0057 2000 0008 2001.
0064 0069 0070 0072 0072 0071 0069 0071 0074 0078 0082 0086
0090 0092 0089 0080 0070 0063 0059 0061 0064 0067 0072 0078 0092 0914 0057 2001.
0085 0088 0095 0092 0090 0086 0083 0081 0083 0083 0081 0085
0087 0086 0079 0069 0057 0047 0042 0042 0044 0045 0047 0049 0095 2256 0040 1522.
0049 0050 0046 0041 0034 0027 0021 0018 0017 0018 0018 0023
0026 0027 0022 0013 0003 9995 9987 9983 9984 9984 9985 9988 0050 2043 9983 1558.
9989 9991 9991 9986 9984 9981 9979 9978 9980 9983 9989 9997
0002 0003 0000 9995 9988 9983 9981 9982 9986 9988 9994 0002 0003 0908 9978 0357.
0011 0014 0015 0013 0009 0007 0005 0005 0001 0007 0014 0021
0026 0025 0019 0016 0012 0007 0005 0011 0015 0025 0034 0045 0045 2000 0001 0425.
0056 0060 0061 0057 0056 0049 0040 0036 0037 0040 0045 0050
0055 0054 0048 0040 0026 0016 0007 0004 0005 0006 0010 0015 0061 2216 0003 1607.
0017 0019 0018 0015 0012 0008 0008 0006 0011 0015 0020 0029
0036 0039 0037 0030 0020 0012 0010 0011 0017 0024 0035 0045 0045 1958 0006 0329.
0053 0058 0060 0062 0062 0060 0059 0061 0063 0065 0070 0077
0081 0081 0077 0069 0059 0048 0043 0040 0040 0045 0051 0062 0083 0919 0039 1650.
0069 0072 0076 0074 0073 0071 0071 0070 0069 0075 0079 0089
0094 0093 0087 0080 0073 0064 0056 0054 0055 0058 0066 0070 0095 0919 0053 1537.
0075 0080 0078 0078 0076 0073 0070 0069 0068 0072 0079 0083
0088 0088 0082 0075 0067 0058 0050 0047 0045 0050 0049 0057 0090 0831 0045 1549.
0059 0062 0061 0054 0050 0043 0044 0038 0038 0040 0044 0049
0051 0052 0047 0039 0029 0019 0012 0011 0011 0012 0017 0025 0063 2109 0011 1516.
0032 0035 0034 0030 0025 0020 0020 0018 0018 0022 0027 0033
0038 0038 0035 0029 0020 0012 0006 0003 0003 0007 0013 0022 0039 0906 0003 1524.
0031 0036 0037 0037 0035 0033 0033 0029 0027 0029 0032 0035
0041 0041 0038 0030 0019 0007 0001 9999 0001 0003 0008 0017 0043 0914 9999 1528.
0022 0027 0027 0025 0024 0021 0023 0022 0022 0026 0033 0040
0043 0042 0039 0029 0018 0008 0001 0000 0003 0005 0010 0017 0044 0930 0000 1501.
0023 0025 0025 0024 0021 0018 0014 0018 0018 0024 0031 0039
0043 0043 0037 0028 0021 0011 0007 0006 0005 0006 0011 0019 0044 0911 0005 1513.
0023 0025 0025 0020 0017 0012 0008 0007 0010 0014 0019 0024
0025 0021 0016 0008 9996 9987 9980 9975 9976 9977 9980 9985 0026 2158 9975 1543.
9989 9988 9987 9983 9983 9982 9983 9981 9982 9988 9993 9998
0001 0000 9993 9983 9972 9962 9954 9953 9956 9960 9966 9976 0002 0903 9952 1534.
9982 9985 9988 9987 9984 9983 9981 9982 9984 9989 9996 0003
0009 0012 0010 0003 9993 9984 9979 9978 9983 9988 9995 0005 0012 0938 9976 2001.
0013 0019 0021 0020 0019 0018 0017 0017 0020 0025 0033 0038
0042 0042 0036 0028 0015 0005 9997 9996 9997 0000 0009 0019 0044 0911 9995 1514.
0026 0030 0031 0028 0026 0024 0022 0020 0020 0024 0030 0032
0036 0038 0032 0022 0008 9997 9992 9990 9994 9998 0002 0009 0038 0928 9990 1529.
0018 0020 0019 0018 0014 0012 0011 0011 0010 0015 0023 0033
0036 0040 0035 0028 0020 0012 0009 0008 0011 0015 0021 0029 0040 0923 0008 1446.
0037 0042 0045 0043 0037 0034 0031 0027 0028 0030 0035 0039
0038 0037 0032 0020 0008 9999 9992 9993 9997 0001 0003 0010 0046 2317 9991 1510.
0015 0016 0016 0014 0011 0007 0006 0006 0005 0010 0015 0024
0032 0039 0033 0029 0026 0024 0027 0032 0046 0057 0067 0079 0079 2000 0004 0339.
0086 0086 0089 0087 0084 0081 0078 0077 0077 0076 0077 0080
0087 0089 0078 0067 0055 0041 0034 0033 0033 0036 0041 0048 0090 2301 0032 1532.
0054 0057 0064 0067 0061 0056 0051 0047 0048 0049 0052 0057
0061 0064 0060 0053 0047 0039 0034 0032 0034 0038 0042 0052 0068 2337 0031 1543.
0058 0064 0065 0064 0064 0061 0060 0057 0056 0059 0063 0071
0082 0087 0090 0087 0083 0076 0074 0075 0079 0082 0090 0098 0098 1958 0052 2001.
0104 0108 0110 0112 0109 0109 0108 0106 0106 0112 0119 0126
0131 0139 0133 0130 0123 0116 0114 0118 0121 0122 0129 0136 0139 0954 0099 2001.
0140 0146 0152 0152 0151 0149 0147 0144 0145 0143 0150 0161
0170 0175 0172 0171 0167 0162 0157 0156 0156 0160 0164 0169 0175 0949 0136 2001=
0172 0212 0191 0199
0199 0194 0158 0166
0175 0197 0189 0215
0228 0244 0220 0236
0244 0244 0205 0209
0185 0182 0153 0146
0139 0155 0139 0159
0164 0179 0163 0203
0206 0208 0173 0173
0166 0188 0169 0204
0218 0237 0205 0221
0229 0248 0222 0229
0231 0243 0216 0217
0201 0209 0176 0183
0177 0191 0168 0180
0189 0193 0163 0175
0177 0198 0164 0175
0174 0197 0167 0176
0167 0181 0142 0142
0138 0156 0118 0133
0139 0161 0140 0163
0175 0197 0162 0178
0181 0190 0154 0167
0169 0191 0169 0187
0191 0197 0155 0167
0163 0181 0183 0240
0242 0242 0201 0209
0217 0218 0200 0214
0223 0233 0238 0261
0272 0289 0278 0299
0311 0324 0325 0333=
TB
0229 0227 0227 0227 0224 0223 0221 0219 0216 0214 0216 0218
0221 0226 0240 0261 0272 0281 0284 0272 0257 0249 0233 0227 0288 1524 0212 0619.
0209 0196 0181 0174 0167 0160 0154 0151 0148 0142 0141 0168
0189 0209 0233 0245 0248 0256 0259 0255 0256 0248 0239 0227 0263 1443 0139 0619.
0213 0203 0196 0199 0196 0194 0195 0195 0195 0192 0192 0194
0204 0225 0231 0243 0248 0259 0255 0252 0244 0239 0231 0226 0260 1404 0190 0642.
0222 0220 0216 0212 0208 0206 0204 0203 0201 0200 0193 0203
0220 0235 0240 0251 0253 0255 0256 0254 0249 0238 0226 0218 0259 1511 0193 0658.
0213 0208 0191 0183 0183 0178 0175 0174 0169 0169 0170 0175
0181 0189 0200 0215 0230 0227 0218 0206 0192 0184 0177 0176 0236 1314 0168 0505.
0178 0180 0180 0181 0181 0181 0183 0184 0181 0180 0177 0176
0178 0180 0185 0193 0197 0196 0205 0205 0202 0202 0202 0201 0209 1535 0176 2001.
0200 0200 0199 0199 0198 0198 0197 0196 0194 0194 0196 0198
0208 0223 0235 0239 0243 0250 0244 0247 0249 0242 0231 0226 0256 1618 0193 0456.
0218 0209 0203 0198 0197 0192 0193 0190 0182 0181 0176 0187
0193 0216 0244 0259 0265 0265 0269 0262 0249 0235 0230 0224 0275 1442 0176 0655.
0214 0211 0209 0205 0199 0200 0191 0184 0182 0181 0177 0182
0200 0208 0215 0217 0225 0226 0226 0221 0217 0210 0206 0198 0231 1338 0176 0706.
0193 0187 0182 0178 0177 0173 0172 0169 0167 0164 0165 0171
0187 0201 0220 0234 0248 0257 0257 0252 0252 0243 0226 0206 0261 1452 0163 0606.
0192 0182 0176 0169 0166 0163 0160 0154 0149 0148 0145 0160
0188 0212 0236 0260 0272 0282 0284 0281 0276 0258 0237 0215 0289 1420 0143 0631.
0195 0184 0182 0174 0166 0163 0161 0156 0158 0155 0155 0172
0187 0213 0233 0248 0252 0262 0258 0256 0252 0239 0220 0203 0265 1530 0153 0623.
0188 0185 0179 0175 0174 0174 0171 0166 0164 0161 0159 0166
0176 0191 0197 0204 0230 0237 0233 0228 0225 0217 0205 0195 0238 1358 0158 0640.
0189 0185 0179 0173 0171 0164 0160 0155 0152 0149 0146 0162
0184 0209 0233 0251 0269 0277 0285 0279 0268 0254 0236 0224 0286 1444 0145 0630.
0205 0195 0189 0180 0178 0174 0169 0166 0164 0164 0161 0177
0201 0225 0249 0270 0281 0280 0287 0286 0277 0264 0244 0231 0288 1431 0158 0636.
0216 0209 0203 0197 0191 0187 0184 0179 0177 0170 0171 0185
0208 0226 0247 0269 0278 0285 0283 0280 0271 0256 0238 0227 0287 1424 0170 0553.
0213 0203 0198 0189 0186 0182 0174 0170 0169 0166 0167 0177
0194 0220 0244 0260 0272 0277 0281 0285 0273 0262 0247 0233 0288 1533 0165 0605.
0224 0218 0213 0210 0207 0203 0199 0195 0187 0181 0175 0187
0209 0236 0250 0269 0279 0283 0287 0285 0274 0258 0243 0232 0290 1533 0175 0657.
0226 0220 0217 0212 0211 0208 0207 0207 0203 0193 0188 0203
0215 0230 0240 0250 0266 0278 0274 0271 0264 0253 0234 0215 0278 1359 0188 0650.
0205 0192 0185 0180 0177 0171 0167 0163 0164 0162 0155 0169
0188 0212 0234 0259 0268 0276 0281 0279 0268 0254 0243 0226 0283 1425 0155 0654.
0211 0199 0192 0186 0178 0175 0167 0166 0165 0159 0159 0166
0186 0207 0236 0251 0262 0267 0270 0266 0260 0244 0224 0210 0271 1503 0157 0615.
0200 0189 0181 0177 0173 0166 0163 0161 0158 0157 0158 0160
0183 0213 0234 0251 0259 0263 0266 0259 0252 0240 0231 0215 0267 1515 0154 0720.
0206 0194 0186 0181 0176 0172 0172 0171 0169 0168 0170 0176
0190 0211 0222 0232 0241 0246 0246 0242 0237 0230 0222 0214 0249 1403 0167 0337.
0217 0212 0209 0205 0203 0202 0200 0199 0199 0198 0196 0200
0205 0210 0226 0234 0230 0233 0233 0231 0230 0224 0218 0214 0236 1153 0196 0656.
0212 0213 0210 0206 0201 0202 0200 0199 0199 0197 0196 0202
0218 0224 0231 0241 0246 0255 0256 0250 0247 0240 0234 0231 0257 1350 0195 0625.
0227 0224 0222 0220 0217 0215 0212 0209 0205 0199 0193 0189
0186 0180 0172 0167 0166 0166 0162 0158 0153 0141 0138 0138 0231 2001 0136 1824.
0137 0140 0142 0143 0143 0141 0141 0136 0134 0135 0134 0136
0146 0163 0180 0182 0190 0194 0191 0193 0190 0181 0177 0173 0200 1325 0131 0637.
0165 0165 0157 0143 0132 0134 0136 0137 0138 0139 0140 0140
0141 0143 0151 0150 0151 0155 0156 0159 0155 0150 0145 0140 0173 2001 0131 0115.
0137 0138 0135 0129 0129 0131 0131 0132 0131 0130 0129 0130
0131 0133 0134 0136 0138 0140 0142 0144 0144 0145 0142 0139 0146 1720 0128 0715.
0140 0140 0139 0139 0137 0136 0135 0136 0136 0136 0134 0141
0147 0151 0160 0168 0176 0176 0173 0170 0168 0161 0159 0157 0178 1311 0134 0653.
0153 0152 0150 0145 0142 0138 0138 0137 0137 0134 0133 0135
0140 0142 0147 0149 0150 0145 0146 0146 0138 0133 0130 0127 0157 2001 0127 1954=
IB
=
0167 0172 0174 0174 0178 0189 0193 0183 0193 0188 0140 0149
0187 0164 0152 0129 0091 0044 0040 0076 0063 0071 0082 0073.
0092 0086 0112 0131 0123 0124 0104 0105 0119 0119 0118 0125
0105 0098 0043 0093 0083 0102 0120 0117 0102 0103 0106 0121.
0130 0137 0144 0149 0135 0138 0147 0137 0141 0155 0155 0149
0156 0156 0133 0116 0117 0137 0130 0131 0130 0132 0154 0162.
0160 0149 0147 0148 0145 0149 0152 0147 0149 0154 0156 0155
0149 0125 0110 0094 0104 0109 0121 0101 0111 0108 0107 0115.
0119 0117 0128 0156 0134 0154 0162 0164 0147 0147 0148 0153
0157 0160 0156 0151 0151 0145 0144 0149 0166 0172 0169 0165.
0170 0165 0165 0171 0171 0173 0170 0171 0170 0174 0167 0171
0175 0177 0175 0180 0187 0183 0190 0192 0190 0192 0187 0186.
0187 0188 0192 0192 0191 0193 0187 0184 0184 0184 0193 0193
0196 0191 0194 0185 0187 0189 0188 0191 0186 0184 0195 0201.
0199 0190 0191 0185 0190 0187 0188 0182 0172 0176 0171 0182
0185 0178 0169 0175 0159 0161 0162 0137 0147 0150 0151 0132.
0128 0125 0129 0130 0134 0146 0142 0145 0149 0146 0157 0151
0150 0125 0126 0125 0133 0128 0131 0129 0133 0129 0131 0135.
0137 0144 0153 0152 0153 0156 0154 0151 0151 0153 0155 0161
0167 0159 0154 0157 0154 0107 0122 0117 0091 0099 0114 0126.
0122 0129 0129 0134 0143 0130 0138 0129 0133 0128 0130 0127
0134 0118 0129 0114 0100 0045 0053 0062 0064 0049 0060 0084.
0105 0108 0108 0110 0113 0115 0115 0116 0114 0117 0107 0115
0118 0105 0100 0099 0099 0091 0092 0098 0099 0095 0108 0120.
0121 0118 0126 0118 0123 0133 0124 0129 0126 0132 0128 0129
0127 0131 0141 0138 0126 0117 0114 0115 0119 0133 0139 0139.
0144 0144 0146 0140 0138 0139 0142 0140 0141 0133 0133 0147
0141 0150 0140 0130 0133 0109 0132 0131 0146 0145 0143 0148.
0146 0158 0158 0153 0158 0156 0151 0151 0151 0148 0148 0148
0153 0154 0138 0137 0140 0150 0149 0141 0147 0145 0151 0152.
0159 0159 0167 0162 0169 0167 0166 0159 0164 0152 0154 0167
0172 0164 0164 0150 0144 0151 0145 0146 0148 0153 0150 0158.
0152 0161 0166 0165 0160 0164 0156 0159 0159 0156 0156 0159
0159 0161 0167 0154 0142 0147 0144 0136 0133 0133 0148 0151.
0150 0152 0161 0160 0161 0165 0163 0167 0165 0164 0158 0163
0161 0161 0153 0150 0115 0105 0113 0116 0118 0123 0135 0125.
0142 0141 0144 0139 0138 0147 0146 0141 0147 0156 0155 0155
0146 0135 0120 0108 0061 0082 0102 0080 0079 0074 0090 0118.
0125 0118 0118 0127 0126 0128 0132 0132 0131 0127 0132 0138
0132 0141 0118 0109 0113 0103 0112 0092 0101 0108 0109 0117.
0130 0129 0132 0128 0131 0134 0132 0141 0136 0136 0137 0143
0137 0124 0138 0133 0133 0134 0126 0123 0098 0096 0115 0129.
0127 0131 0130 0130 0138 0139 0140 0130 0133 0134 0124 0135
0136 0132 0118 0123 0131 0109 0123 0113 0128 0117 0124 0134.
0131 0136 0137 0146 0141 0141 0147 0142 0145 0143 0141 0143
0143 0143 0143 0142 0133 0135 0129 0137 0130 0126 0133 0133.
0139 0146 0148 0159 0153 0146 0150 0163 0163 0164 0163 0158
0153 0142 0144 0149 0148 0148 0151 0152 0148 0155 0161 0164.
0164 0163 0164 0160 0159 0162 0162 0160 0171 0169 0170 0168
0172 0164 0164 0164 0163 0166 0162 0162 0169 0173 0174 0176.
0178 0180 0178 0178 0177 0177 0182 0181 0175 0169 0163 0152
0157 0149 0155 0154 0158 0160 0156 0152 0138 0116 0122 0125.
0126 0122 0121 0118 0123 0121 0130 0127 0123 0124 0116 0122
0117 0108 0104 0087 0086 0075 0078 0080 0074 0078 0077 0076.
0074 0082 0117 0125 0116 0120 0122 0123 0124 0126 0126 0131
0133 0127 0103 0108 0092 0111 0104 0096 0103 0114 0115 0102.
0099 0110 0110 0111 0113 0115 0117 0111 0112 0116 0120 0122
0123 0127 0128 0130 0130 0126 0121 0121 0119 0122 0131 0128.
0126 0124 0123 0126 0124 0122 0121 0118 0117 0117 0121 0123
0124 0117 0114 0104 0087 0071 0043 0087 0074 0073 0071 0075.
0088 0096 0094 0099 0114 0110 0104 0107 0114 0111 0095 0096
0117 0110 0107 0082 0041 0036 0046 0046 0052 0052 0047 0054=
EA
190 196 199 199 203 218 223 210 224 217 160 170
215 186 173 149 115 084 081 105 096 101 109 102.
116 112 133 151 143 144 126 127 140 139 138 145
127 121 083 117 110 125 140 137 125 125 127 141.
149 157 164 170 155 158 168 156 161 176 176 169
177 177 153 137 138 157 150 151 150 151 175 184.
182 169 168 169 165 170 172 167 169 175 177 176
169 145 131 118 126 130 141 123 132 130 129 136.
139 138 148 177 153 175 184 187 167 167 168 174
179 181 178 172 171 165 164 170 189 197 192 187.
194 188 188 195 195 197 193 195 193 198 190 195
200 202 200 206 216 210 219 222 220 222 215 214.
215 217 223 223 222 224 216 212 212 212 223 224
228 221 226 213 216 219 217 221 214 211 226 236.
232 220 221 212 220 216 217 209 196 201 195 209
213 204 192 200 180 183 184 156 167 171 171 152.
148 145 148 149 153 166 161 165 169 166 178 171
171 145 146 145 153 148 151 149 153 149 150 155.
157 164 173 173 174 178 175 171 171 173 176 183
190 181 174 178 175 129 142 138 115 121 134 146.
142 148 149 154 162 150 158 149 152 148 150 147
154 138 149 134 123 084 089 095 096 086 094 110.
127 129 130 131 134 135 135 136 135 137 128 135
138 127 123 122 122 116 116 121 122 119 129 140.
141 138 146 138 143 153 144 149 145 152 148 149
147 150 161 158 146 138 134 136 139 153 159 159.
164 164 166 160 158 158 162 160 161 152 153 167
161 170 160 150 152 130 152 150 166 165 163 168.
166 179 179 173 179 177 171 172 171 168 168 168
174 174 157 157 160 170 169 160 167 165 171 172.
181 180 190 184 192 190 188 180 186 172 175 189
196 186 187 170 164 171 165 166 169 174 171 179.
172 183 189 188 182 186 177 180 181 177 177 180
180 182 189 175 162 167 163 156 152 153 168 172.
171 172 182 181 183 188 186 190 188 187 180 185
183 183 174 170 135 127 134 136 139 143 155 145.
162 161 163 159 158 167 166 161 167 177 176 176
167 154 140 130 094 108 124 108 107 103 115 138.
145 138 138 146 146 148 152 152 151 147 151 158
152 161 138 130 134 126 133 116 123 130 131 137.
150 149 151 148 151 154 152 160 156 155 157 162
156 144 157 153 153 154 146 143 121 119 135 149.
147 151 149 150 158 159 159 150 152 153 144 154
156 152 138 143 150 130 143 134 147 137 144 154.
150 155 156 166 161 161 167 162 165 163 161 163
163 163 163 162 153 155 148 157 149 146 152 153.
158 166 168 181 174 166 171 186 186 187 185 180
174 162 164 170 169 169 172 172 169 176 183 186.
186 185 186 182 181 185 185 181 195 193 194 192
196 187 186 186 186 189 184 184 193 197 199 201.
204 206 203 203 202 202 209 208 200 193 186 172
178 169 177 175 179 181 177 172 158 137 142 145.
146 142 141 138 143 141 150 146 143 144 137 142
138 130 126 113 112 104 106 107 103 106 105 105.
103 109 137 145 136 140 142 143 143 146 145 150
153 147 125 130 117 132 126 119 125 135 135 125.
122 131 131 132 134 136 137 132 133 136 140 142
143 147 147 149 150 145 141 141 139 142 151 148.
145 144 143 146 144 142 141 139 137 137 141 143
144 137 134 126 113 101 083 112 103 102 101 103.
113 119 118 122 134 131 126 128 135 132 119 119
137 131 129 108 082 079 085 085 088 089 085 090=
UB
68 71 72 72 75 81 84 80 87 85 62 65
81 68 58 44 32 22 21 29 29 32 38 37 18 1509.
47 49 64 76 75 79 72 74 83 86 86 76
58 49 29 38 35 38 42 42 38 40 43 51 29 1100.
59 66 72 73 68 70 74 69 71 79 79 75
74 65 54 45 44 47 46 47 49 51 62 67 40 1234.
68 64 65 67 67 70 72 70 72 75 79 74
64 50 44 37 39 40 43 38 42 44 47 52 36 1148.
55 56 67 84 73 86 92 94 87 87 87 87
86 83 76 67 61 60 63 70 85 93 95 93 50 2001.
95 91 91 94 94 95 92 92 93 96 94 97
98 98 94 92 94 92 91 92 93 94 91 91 88 1513.
92 93 96 96 96 97 94 93 94 94 98 97
93 82 78 72 71 69 71 71 68 70 80 86 65 1621.
89 89 93 92 96 97 97 95 94 97 97 97
95 79 63 60 52 53 52 46 53 59 61 56 43 1541.
58 58 60 62 66 71 73 78 81 80 88 82
73 59 57 56 56 54 55 56 59 60 62 67 52 2009.
70 76 83 85 86 90 89 89 90 93 94 94
88 77 66 62 56 39 43 43 36 40 49 60 35 1402.
64 71 74 80 86 81 87 85 90 88 91 81
71 55 51 40 34 22 23 25 26 26 32 43 17 1326.
56 61 62 66 71 73 74 77 75 78 73 69
64 50 43 39 38 34 35 37 38 40 49 59 31 1426.
65 65 71 69 72 77 74 79 78 83 82 79
73 68 70 66 52 47 47 49 51 59 66 70 43 1426.
75 77 81 81 81 85 89 91 93 90 92 91
76 69 56 47 43 35 39 40 47 51 56 62 31 1433.
69 79 82 84 88 89 89 91 92 90 92 83
74 64 50 44 42 45 43 41 45 48 56 61 39 1608.
70 73 80 80 87 88 89 88 92 89 90 89
80 68 60 48 44 44 43 44 47 53 58 65 38 1333.
68 77 82 86 85 89 89 93 94 94 93 89
80 69 62 52 45 45 43 40 42 45 54 60 38 1515.
63 66 72 73 75 79 80 84 87 90 90 86
74 63 55 48 36 33 34 35 38 43 51 51 31 1308.
59 61 63 63 63 68 68 66 70 79 81 74
65 55 47 41 27 29 34 30 31 32 40 54 25 1326.
60 62 65 71 72 76 80 82 81 80 86 82
70 64 48 39 38 34 35 31 35 40 43 50 31 1430.
60 64 68 69 74 77 80 85 83 86 87 86
73 59 54 48 45 44 41 41 36 39 50 60 34 1714.
63 69 72 74 80 84 86 82 85 86 80 85
74 60 48 45 45 38 41 40 46 46 51 60 37 1355.
62 69 73 80 80 82 85 83 86 85 83 81
74 65 61 57 51 50 48 52 51 52 57 60 46 1453.
61 66 68 75 73 70 73 80 80 81 81 77
72 65 60 59 60 59 60 61 60 65 70 73 56 1137.
74 73 75 75 77 78 79 78 84 84 85 81
75 69 66 62 60 58 56 58 62 66 69 71 56 1356.
74 76 76 77 78 79 83 84 83 83 83 79
83 82 90 92 95 96 96 96 91 85 90 92 69 2002.
93 89 87 85 88 88 93 94 93 93 89 91
83 70 61 54 51 46 48 48 47 51 52 53 45 1404.
55 58 77 89 90 91 91 91 91 92 91 94
95 90 73 76 68 75 71 66 71 79 82 78 51 2001.
78 83 85 89 90 90 91 87 88 91 94 95
95 96 96 96 95 91 87 86 85 86 93 93 75 2003.
91 90 90 92 92 91 91 89 88 88 92 89
86 80 74 66 56 50 42 58 54 56 56 58 42 1500.
65 69 69 74 83 83 80 82 86 86 78 77
86 81 77 64 48 48 51 51 56 58 57 61 46 1542=
N=
H=
C=
V=
R6
0001 0000 0001
0000 0000 0000
0000 0000 0000
0000 0000 0000
0004 0008 0012
0095 0048 0143
0007 0000 0007
0000 0000 0000
0000 0000 0000
0000 0000 0000
0000 0000 0000
0000 0000 0000
0000 0000 0000
0000 0000 0000
0000 0000 0000
0000 0000 0000
0000 0000 0000
0000 0000 0000
0000 0000 0000
0000 0000 0000
0000 0000 0000
0000 0000 0000
0000 0000 0000
0000 0000 0000
0000 0000 0000
0000 0154 0154
0004 0000 0004
0032 0001 0033
0023 0062 0085
0002 0000 0002
0000 0000 0000=
0000 0000 0000 0000 0000 0000 0000 0000 0001 0000 0000 0000
0000 0000 0000 0000 0000 0000 0000 0000 0000 0000 0000 0000.
0000 0000 0000 0000 0000 0000 0000 0000 0000 0000 0000 0000
0000 0000 0000 0000 0000 0000 0000 0000 0000 0000 0000 0000.
0000 0000 0000 0000 0000 0000 0000 0000 0000 0000 0000 0000
0000 0000 0000 0000 0000 0000 0000 0000 0000 0000 0000 0000.
0000 0000 0000 0000 0000 0000 0000 0000 0000 0000 0000 0000
0000 0000 0000 0000 0000 0000 0000 0000 0000 0000 0000 0000.
0000 0000 0004 0000 0000 0000 0000 0000 0000 0000 0000 0000
0000 0000 0000 0000 0000 0000 0000 0000 0000 0000 0007 0001.
0000 0000 0000 0000 0000 0000 0000 0000 0013 0010 0037 0035
0021 0010 0004 0001 0004 0004 0003 0000 0000 0000 0000 0001.
0000 0000 0000 0000 0000 0000 0000 0000 0004 0002 0001 0000
0000 0000 0000 0000 0000 0000 0000 0000 0000 0000 0000 0000.
0000 0000 0000 0000 0000 0000 0000 0000 0000 0000 0000 0000
0000 0000 0000 0000 0000 0000 0000 0000 0000 0000 0000 0000.
0000 0000 0000 0000 0000 0000 0000 0000 0000 0000 0000 0000
0000 0000 0000 0000 0000 0000 0000 0000 0000 0000 0000 0000.
0000 0000 0000 0000 0000 0000 0000 0000 0000 0000 0000 0000
0000 0000 0000 0000 0000 0000 0000 0000 0000 0000 0000 0000.
0000 0000 0000 0000 0000 0000 0000 0000 0000 0000 0000 0000
0000 0000 0000 0000 0000 0000 0000 0000 0000 0000 0000 0000.
0000 0000 0000 0000 0000 0000 0000 0000 0000 0000 0000 0000
0000 0000 0000 0000 0000 0000 0000 0000 0000 0000 0000 0000.
0000 0000 0000 0000 0000 0000 0000 0000 0000 0000 0000 0000
0000 0000 0000 0000 0000 0000 0000 0000 0000 0000 0000 0000.
0000 0000 0000 0000 0000 0000 0000 0000 0000 0000 0000 0000
0000 0000 0000 0000 0000 0000 0000 0000 0000 0000 0000 0000.
0000 0000 0000 0000 0000 0000 0000 0000 0000 0000 0000 0000
0000 0000 0000 0000 0000 0000 0000 0000 0000 0000 0000 0000.
0000 0000 0000 0000 0000 0000 0000 0000 0000 0000 0000 0000
0000 0000 0000 0000 0000 0000 0000 0000 0000 0000 0000 0000.
0000 0000 0000 0000 0000 0000 0000 0000 0000 0000 0000 0000
0000 0000 0000 0000 0000 0000 0000 0000 0000 0000 0000 0000.
0000 0000 0000 0000 0000 0000 0000 0000 0000 0000 0000 0000
0000 0000 0000 0000 0000 0000 0000 0000 0000 0000 0000 0000.
0000 0000 0000 0000 0000 0000 0000 0000 0000 0000 0000 0000
0000 0000 0000 0000 0000 0000 0000 0000 0000 0000 0000 0000.
0000 0000 0000 0000 0000 0000 0000 0000 0000 0000 0000 0000
0000 0000 0000 0000 0000 0000 0000 0000 0000 0000 0000 0000.
0000 0000 0000 0000 0000 0000 0000 0000 0000 0000 0000 0000
0000 0000 0000 0000 0000 0000 0000 0000 0000 0000 0000 0000.
0000 0000 0000 0000 0000 0000 0000 0000 0000 0000 0000 0000
0000 0000 0000 0000 0000 0000 0000 0000 0000 0000 0000 0000.
0000 0000 0000 0000 0000 0000 0000 0000 0000 0000 0000 0000
0000 0000 0000 0000 0000 0000 0000 0000 0000 0000 0000 0000.
0000 0000 0000 0000 0000 0000 0000 0000 0000 0000 0000 0000
0000 0000 0000 0000 0000 0000 0000 0000 0000 0000 0000 0000.
0000 0000 0000 0000 0000 0000 0000 0000 0000 0000 0000 0000
0000 0000 0000 0000 0000 0000 0000 0000 0000 0000 0000 0000.
0000 0000 0000 0000 0000 0000 0000 0000 0000 0000 0000 0000
0000 0000 0000 0000 0000 0005 0017 0042 0045 0014 0019 0012.
0004 0000 0000 0000 0000 0000 0000 0000 0000 0000 0000 0000
0000 0000 0000 0000 0000 0000 0000 0000 0000 0000 0000 0000.
0000 0000 0002 0007 0017 0000 0000 0000 0000 0000 0002 0004
0001 0000 0000 0000 0000 0000 0000 0000 0000 0000 0000 0000.
0000 0000 0000 0003 0000 0000 0000 0000 0000 0000 0013 0007
0004 0030 0010 0006 0005 0000 0000 0000 0000 0000 0003 0004.
0001 0000 0000 0000 0000 0000 0000 0000 0000 0000 0001 0000
0000 0000 0000 0000 0000 0000 0000 0000 0000 0000 0000 0000.
0000 0000 0000 0000 0000 0000 0000 0000 0000 0000 0000 0000
0000 0000 0000 0000 0000 0000 0000 0000 0000 0000 0000 0000=
0000 ////////// 00000=
W=
LA
=
001 001 002 002 001 000 001 001 000 000 001 001
001 000 000 000 001 002 002 004 003 001 003 002 030.
002 001 003 001 001 002 002 001 002 002 000 001
001 001 002 000 000 002 003 002 001 001 002 001 034.
002 002 001 002 001 001 001 001 001 001 001 001
000 001 000 000 001 001 001 000 001 001 001 001 023.
001 001 001 001 001 001 001 001 000 002 000 001
000 000 001 000 005 000 003 002 000 004 002 001 029.
004 000 000 000 000 000 000 000 000 002 000 001
001 000 001 000 000 000 000 000 000 000 000 003 012.
000 002 000 001 000 000 002 000 000 001 002 003
001 000 000 000 000 000 000 000 000 000 000 002 014.
000 001 000 001 000 001 000 000 000 001 001 001
000 000 000 000 000 001 000 000 001 000 002 000 010.
002 000 001 001 000 002 001 000 000 002 000 001
000 000 000 001 000 002 000 003 001 002 001 001 021.
002 001 002 002 001 001 001 001 001 001 000 001
001 000 001 000 001 001 001 003 000 001 002 001 026.
002 001 000 002 001 001 000 002 000 001 001 001
000 000 001 000 000 001 001 001 002 000 001 002 021.
002 001 001 001 002 000 001 002 000 002 000 001
000 001 001 000 000 002 001 002 002 002 002 002 028.
002 001 001 001 002 001 001 001 001 001 002 000
001 000 000 001 001 000 003 002 002 000 001 002 027.
002 001 001 001 002 000 001 001 001 001 001 000
001 000 000 000 000 001 000 003 000 005 001 001 024.
002 000 001 001 002 000 001 001 001 000 001 000
000 001 000 000 001 000 002 001 002 001 001 001 020.
001 001 002 000 001 002 000 001 001 001 000 000
001 001 000 000 000 000 002 001 002 001 001 001 020.
002 001 001 001 001 001 001 001 000 001 002 000
000 001 000 000 001 000 002 002 001 001 001 002 023.
002 001 001 001 001 001 001 001 001 001 001 000
001 000 000 001 000 001 001 002 001 002 001 001 023.
001 002 001 000 002 000 002 002 000 000 002 000
000 000 000 000 000 002 001 001 001 000 001 002 020.
002 001 002 000 001 001 001 001 001 000 001 001
000 001 001 000 000 002 002 002 002 000 002 002 026.
001 002 001 000 002 002 002 000 001 000 002 000
001 001 000 000 001 001 000 002 002 001 003 000 025.
001 001 002 001 001 001 001 001 001 001 000 002
000 001 000 000 001 002 000 003 001 000 001 002 024.
003 000 001 000 001 002 001 000 001 002 000 000
001 001 000 000 000 002 002 001 000 002 001 002 023.
001 001 001 001 001 000 001 003 000 000 001 000
001 000 000 001 001 000 003 000 000 002 001 001 020.
001 002 000 000 001 002 000 001 001 001 000 001
000 001 000 000 000 000 000 001 001 000 001 001 015.
000 002 000 001 000 000 001 001 000 001 001 000
000 000 000 000 000 000 001 000 000 002 001 001 012.
000 000 001 001 001 000 001 001 001 000 001 001
002 001 000 000 000 000 002 003 004 002 003 003 028.
001 001 001 001 002 000 000 001 001 000 001 002
000 000 000 001 002 001 001 000 001 001 001 002 021.
001 000 001 001 001 002 001 000 000 002 000 001
000 001 000 000 000 001 001 000 000 000 002 000 015.
001 001 000 001 000 002 000 001 000 001 002 001
000 003 001 000 001 001 000 000 000 000 001 000 017.
002 000 000 000 001 001 000 000 001 000 000 001
000 000 000 000 000 001 000 000 000 000 001 001 009.
000 001 001 000 000 001 000 000 001 000 000 000
001 001 000 001 000 000 001 000 001 001 001 001 012=
Z=
G=
FN
186011 117006 085013 120006 122008 223012
271012 351003 209010 153016 160007 073007
359007 247009 176005 252011 245017 174025
187029 186023 176027 165010 090019 158012.
111009 179004 323010 317008 PPC002 025012
355008 009006 256009 258008 322003 PPC002
162007 326011 133017 073014 123009 179032
161016 055016 137016 125012 096010 253010.
335008 342009 321011 255007 256010 324012
037008 022011 356008 277010 272011 329009
236007 191013 240014 204010 232012 266015
288018 270009 305011 284009 226009 281012.
287007 266008 227007 234007 318006 PPC001
270009 265007 358005 303005 324005 280012
198011 079013 298006 039016 337017 168012
066017 125020 137019 115029 125018 144017.
164014 200009 154018 PPC000 133009 179005
028005 228011 283006 308010 246006 269008
337014 204010 211014 125009 220015 226018
193020 154027 112009 327007 345011 000008.
266003 268004 325006 267005 296008 320005
PPC000 210004 254008 161010 145007 153014
178012 151003 212008 PPC001 219005 224007
151006 151009 186010 158006 170007 196006.
170008 201008 PPC000 072004 056006 209004
278007 263009 265005 PPC000 PPC000 200005
200005 121010 171018 156018 136013 010010
153016 139021 100017 121008 154004 324008.
312005 020007 347008 335012 269008 263007
021006 338012 336007 350008 322012 265009
247013 226010 248006 167022 154011 172025
146014 105020 087034 000005 087012 067012.
015013 030008 358009 334010 358008 262007
271012 287005 343009 PPC000 330006 221009
103009 148012 119015 163018 201020 130030
136035 160032 140019 117015 118011 067005.
007007 336012 269005 332009 287005 142005
018010 003007 257005 011006 322006 PPC001
342011 356010 329006 101003 113014 169015
176021 155025 131019 121010 080011 020012.
333014 332015 353005 316007 318008 357008
310009 274014 343007 295004 264008 317008
276012 265013 089008 118010 184018 063018
092027 175024 145011 131022 085010 003014.
328014 344017 316009 267010 311007 289008
209003 018007 321007 PPC002 336009 006008
PPC002 338008 200011 159015 165018 128022
166022 171021 144024 108015 183012 355008.
351008 218010 015008 351006 311008 337010
293005 043004 036007 PPC001 333006 070010
349011 331008 211011 270009 237007 165019
136019 127025 130013 PPC001 058007 352011.
342011 315013 266008 332011 311018 012006
266005 234008 346009 277007 320006 345009
243011 308006 242009 024004 154017 132018
184023 129023 154025 103012 097009 332008.
328011 342007 288006 261004 326003 246006
340006 195008 324014 259008 PPC002 325008
327006 333009 316010 192020 155025 134020
164022 124011 125017 120019 071011 356003.
329011 323010 313005 200003 253007 262007
306010 258009 235008 237007 250006 339005
334007 309011 316013 076021 120021 145014
128023 128031 093014 084016 061007 335013.
334010 308005 353007 003006 PPC001 260005
244007 236005 PPC002 350006 005013 322011
PPC002 325007 331005 171010 169018 112013
129016 122018 152008 096010 224011 008008.
332015 003010 317006 237009 322006 255008
049005 233008 325008 355008 310006 332006
269010 303008 232014 004009 171016 234010
035013 172010 059012 064009 329010 284010.
346009 259004 312009 347010 214006 343005
013011 005007 352006 067005 283008 003006
307009 007008 286018 207013 128016 095012
101030 112012 091015 113010 106006 305005.
048007 295005 335007 305006 018005 283008
216007 PPC000 329020 002008 286010 PPC001
348012 301006 235014 159011 184024 140023
202023 129024 109013 133017 127011 120007.
336014 320011 348022 175007 266009 265005
315009 019005 240006 274006 202006 306003
004006 340010 106007 182014 164023 169023
152021 136027 120019 PPC002 240007 355011.
330011 342009 343011 236008 309006 274010
261009 308007 223006 194004 251011 309007
202006 257011 286013 104020 235016 193016
061014 138020 118019 116014 121017 069012.
PPC000 282011 223009 345006 355007 125004
253004 248009 288006 178005 236008 192009
350007 014010 140016 104012 164023 134008
188029 158021 124022 135008 078008 092005.
135011 360007 006009 298009 234006 224003
PPC000 PPC000 PPC000 242009 069006 PPC000
105015 113012 033010 042011 145004 093012
125018 105011 091011 279006 276005 254007.
275009 274016 271012 331008 316010 270005
249006 231006 325007 297005 315008 262007
079011 160016 074019 059019 116019 075021
169013 256008 322008 273014 265012 243007.
289011 272007 290006 253009 PPC000 046006
174015 150019 144028 131015 127024 145021
155025 170032 153020 164021 156021 166016
089028 140009 058034 049014 098013 158004.
267015 202011 126018 175021 078010 102012
078011 115011 129006 075011 090008 098023
173015 054015 228011 184015 149026 120018
116014 131014 154018 110015 154019 163013.
078008 120008 261010 280015 357004 PPC001
262010 237005 226009 322005 PPC000 205007
356008 004013 057010 029008 105009 346006
163014 122012 104012 123015 130024 118020.
111018 142016 109017 090017 124011 072010
103015 121012 110011 096011 112013 196007
259008 007009 219012 263008 201016 214005
248008 288007 277015 274008 264007 284018.
284012 293009 274014 245008 276007 267007
308004 262012 274013 280009 310009 233006
151005 223012 229008 020004 196006 025012
048011 174005 118005 PPC002 066006 022007.
094008 177011 139009 PPC000 023008 006006
PPC001 PPC000 266003 053008 209005 066008
247010 228010 110014 096010 033016 052016
067015 081011 160022 158015 153020 125014=
179013 119008 079011 113008 149008 212011
264012 053006 176006 146011 114008 039004
335006 254008 204012 320012 276012 152023
163025 177030 168023 181012 099017 149012.
112008 106003 326011 297007 250006 009009
005008 345007 245007 250006 310003 323004
065006 317010 158017 058014 148013 165023
157021 069023 115016 141011 111012 231007.
343007 335013 325011 271006 260010 303009
036005 002008 329008 255008 246009 308007
238003 248008 238013 186012 237012 271016
304015 270011 286012 276009 227009 287013.
278009 268008 249006 218007 301007 PPC002
271007 277008 352005 291005 314007 260009
219011 061017 007010 052013 357016 167014
139020 138025 124019 109022 120020 130021.
166015 192008 171022 099004 147014 199006
099006 225011 288008 316007 310008 254007
335012 240012 215013 250009 263012 202018
191022 161027 136009 316006 348011 355009.
298007 260004 321005 247003 280007 322004
234003 255003 236008 167008 132007 156014
177011 169006 199007 PPC002 219005 226008
207005 180009 181011 164006 152007 217006.
175008 217008 PPC002 077003 057005 201003
269006 267009 263006 PPC000 PPC001 210005
149005 145008 218017 158017 141014 117015
169017 153017 113017 120010 163006 240006.
346006 008008 342009 332010 271009 267005
359005 326010 335008 005008 323011 277010
241013 218010 180014 158014 190015 183022
168018 103027 099024 344008 106013 062015.
016011 026006 348007 327011 344011 215008
281009 327005 351007 PPC001 319006 206007
117009 159015 120020 129022 140023 134023
125026 150030 141019 127020 124013 068005.
360009 332011 242005 314008 282004 199004
015010 024007 312007 041006 316004 PPC002
351010 001009 343007 316007 135011 154020
179024 157024 127021 121012 079010 022012.
333010 349011 359007 305007 333008 352010
298010 273010 310008 296007 257008 332007
279010 257011 022009 193012 186021 088020
131020 172024 139015 135020 093010 002015.
338013 333018 306010 281008 299007 272007
209005 350008 324007 104004 343010 326006
221006 265008 178011 178021 172019 152023
144019 173030 147021 095014 189010 356008.
347009 215009 011008 344009 299007 312006
289004 007006 027008 202004 323006 038007
351009 014009 270008 207006 232007 152012
132019 116020 148015 PPC002 071008 340010.
333010 314010 240008 299008 322021 038006
PPC002 237008 358010 286007 309007 342010
253008 269010 215011 228008 177015 134018
178018 149022 152022 108009 090008 350008.
327011 356005 298008 PPC001 306004 306009
338009 179006 331010 253009 003004 316008
341008 295010 289011 131015 164018 155022
143020 145019 117020 114017 078009 353007.
332013 321009 311005 PPC001 259007 251007
289008 243008 237007 236006 266006 347007
338006 320011 285012 130012 123019 137017
151022 130024 109013 088013 065008 333014.
318010 292005 336006 014008 339005 291005
255006 249005 PPC001 002006 345016 325010
331006 247008 347006 112010 145019 117017
158022 103015 158013 101011 205010 357008.
329017 339013 323006 337006 282008 211007
012007 249008 344007 342008 339005 336009
271012 275004 256014 340010 160016 186013
084013 154011 088013 069010 324014 321011.
337007 292005 304007 348013 234005 337007
012012 032005 356006 036007 267008 352008
313011 007009 298015 217016 143016 177014
098015 109015 101013 117011 094006 320008.
025006 324010 337008 335009 010005 304008
239006 PPC000 341018 358008 284009 023003
359013 302008 252012 167014 153021 102017
192021 134021 111019 132020 144012 114009.
333012 322012 336016 187008 262007 251007
278008 148005 217008 281006 239008 300005
349008 339008 244008 158012 121016 171024
152020 127019 118017 139006 235006 352010.
329012 323008 343008 284009 303007 276010
268007 320007 199005 206003 254009 304009
240007 180008 258012 132014 184017 222017
134020 120026 099019 109017 122016 074011.
PPC002 293010 218009 002007 352007 099003
295005 238009 285008 207005 237006 200007
240006 016009 104011 112014 167015 156016
173026 178023 136021 139010 090009 089005.
121007 002008 359009 266009 220006 228005
262003 PPC002 151004 239008 055005 PPC002
097016 106012 052010 074012 143012 086013
101015 108013 086010 263008 258005 242009.
272009 281013 274010 299009 298007 267007
293007 273005 313005 314007 282009 242008
133008 123018 071018 057019 106019 077017
204009 213011 277007 262010 267012 238004.
281008 270008 284005 255006 165003 023004
169016 140020 128020 131018 132021 141022
155026 163029 125016 159020 163018 170014
119026 128019 067028 048022 086011 202006.
270013 149010 128018 155015 077012 113012
070011 098009 105007 087011 111010 098020
168017 126010 219012 172020 142018 126018
140020 159013 149016 096012 139016 152013.
071006 103010 260009 276019 342010 349007
288009 140006 222008 030004 340003 179007
338010 020012 046010 021006 119009 249006
157013 153011 119013 127018 125018 118022.
109019 135016 106019 110012 126013 089008
103013 121013 099014 119011 106011 171008
265010 317008 221012 285008 208015 243006
260009 279008 281009 256008 246009 280016.
271014 282011 294010 233009 296007 250008
295005 265010 268013 288010 292008 222007
091006 217013 209005 002007 107005 004009
047011 PPC002 086005 PPC001 043007 006007.
081008 159010 150010 PPC001 353009 002007
011005 PPC000 315003 067008 168005 041004
236008 199007 107015 114012 045016 060016
068018 061010 145019 160015 149016 129014=
043166 1542 056167 1533
025108 1148 043176 1358
021274 1413 030337 1349
033092 1821 049071 1815
032156 2245 045164 2242
015163 0754 019201 0749
022164 1329 032176 1325
038116 1538 058116 1535
033129 1429 049136 1421
029165 1550 039139 1543
028125 1729 043088 1721
031177 1558 041156 1553
025123 1532 037108 1609
026187 1523 036150 1624
032184 1441 043173 1440
029109 1608 042099 1522
022150 1306 035102 1431
018332 0324 028343 0320
024116 1542 033094 1459
026119 1624 038108 1621
026172 1422 041193 1425
027168 1452 041167 1444
026173 1500 038181 1500
020137 1219 035079 1234
022109 1256 039113 1438
037069 1707 058079 1703
023157 2237 035150 1300
025128 1935 033111 1805
029132 2113 038130 2110
019281 2045 024283 2044
027152 1647 036173 1635=
DB
0218 0215 0221 0221 0220 0219 0218 0220 0216 0210 0207 0226
0240 0258 0337 0450 0427 0383 0406 0343 0259 0224 0189 0182 0450 1200 0181 1949.
0177 0168 0162 0157 0151 0146 0142 0139 0133 0131 0142 0204
0312 0371 0404 0431 0407 0395 0346 0317 0283 0223 0202 0204 0431 1154 0129 0620.
0195 0184 0181 0194 0192 0190 0191 0190 0190 0189 0190 0199
0227 0314 0307 0350 0335 0404 0322 0279 0247 0229 0221 0216 0418 1357 0178 2236.
0213 0209 0206 0204 0200 0202 0199 0197 0195 0194 0184 0255
0325 0366 0320 0359 0331 0322 0353 0320 0265 0218 0208 0197 0408 1040 0180 0637.
0195 0189 0171 0187 0173 0182 0184 0181 0178 0179 0183 0198
0221 0277 0311 0365 0397 0328 0252 0213 0202 0202 0194 0194 0411 1311 0169 2257.
0194 0194 0193 0194 0191 0194 0194 0195 0188 0189 0188 0185
0194 0203 0218 0226 0234 0230 0249 0231 0220 0215 0211 0210 0253 1509 0182 0622.
0208 0208 0208 0206 0204 0205 0204 0202 0201 0201 0205 0216
0246 0302 0330 0328 0324 0349 0302 0295 0281 0236 0222 0224 0403 1113 0201 0419.
0220 0207 0200 0194 0188 0184 0190 0188 0175 0173 0174 0218
0275 0354 0401 0423 0400 0360 0330 0276 0269 0230 0218 0205 0440 1209 0166 0638.
0201 0205 0203 0200 0195 0198 0181 0179 0185 0177 0184 0197
0270 0296 0347 0339 0336 0351 0300 0257 0229 0201 0193 0192 0373 1255 0173 0416.
0188 0184 0180 0177 0176 0173 0171 0168 0164 0160 0164 0199
0228 0275 0328 0320 0342 0333 0323 0285 0270 0216 0199 0182 0376 1214 0156 0633.
0172 0165 0165 0158 0154 0149 0143 0136 0131 0127 0129 0186
0302 0371 0404 0426 0408 0421 0391 0352 0270 0207 0183 0173 0431 1153 0122 0628.
0166 0160 0163 0156 0147 0149 0144 0136 0143 0142 0149 0203
0248 0364 0372 0392 0400 0408 0337 0296 0256 0196 0178 0173 0419 1133 0136 0354.
0166 0162 0160 0162 0163 0168 0165 0150 0152 0143 0155 0176
0201 0246 0240 0291 0393 0330 0286 0251 0232 0199 0183 0175 0401 1255 0142 0605.
0173 0168 0160 0153 0153 0147 0137 0137 0135 0128 0137 0188
0299 0368 0401 0428 0412 0405 0392 0345 0268 0210 0191 0181 0437 1220 0127 0553.
0174 0167 0164 0154 0153 0151 0148 0141 0141 0137 0144 0199
0311 0375 0412 0424 0411 0404 0393 0349 0274 0223 0200 0189 0430 1152 0135 0541.
0186 0181 0172 0168 0164 0161 0156 0152 0148 0145 0155 0213
0272 0366 0402 0409 0404 0402 0365 0330 0264 0216 0195 0189 0420 1153 0144 0607.
0179 0169 0161 0160 0156 0151 0142 0138 0135 0136 0151 0195
0264 0356 0392 0408 0402 0382 0358 0335 0264 0219 0197 0206 0414 1214 0134 0501.
0202 0196 0195 0185 0185 0182 0177 0167 0157 0148 0147 0209
0296 0361 0392 0428 0405 0393 0382 0328 0260 0224 0213 0202 0441 1154 0143 0634.
0204 0202 0200 0192 0194 0194 0190 0190 0180 0170 0161 0230
0295 0336 0383 0330 0397 0402 0365 0319 0259 0198 0177 0170 0411 1140 0157 0636.
0164 0155 0152 0147 0144 0143 0137 0133 0138 0135 0140 0189
0270 0347 0379 0401 0388 0392 0373 0322 0258 0211 0185 0173 0416 1326 0131 0424.
0167 0162 0157 0149 0145 0141 0137 0134 0129 0125 0131 0189
0275 0342 0370 0393 0388 0381 0354 0303 0250 0186 0169 0165 0398 1245 0123 0618.
0156 0148 0144 0141 0137 0131 0129 0128 0122 0119 0126 0178
0274 0347 0387 0398 0397 0405 0370 0308 0246 0196 0189 0170 0408 1343 0118 0545.
0159 0157 0151 0151 0152 0138 0140 0157 0161 0160 0163 0188
0265 0320 0342 0368 0367 0365 0319 0274 0233 0202 0187 0194 0376 1224 0137 0158.
0198 0200 0195 0196 0195 0195 0193 0193 0191 0190 0191 0200
0225 0264 0327 0314 0269 0279 0252 0238 0221 0212 0208 0205 0343 1145 0188 0639.
0203 0202 0201 0194 0177 0191 0192 0191 0191 0190 0190 0209
0280 0311 0308 0348 0338 0322 0317 0268 0244 0229 0223 0220 0378 1247 0175 0108.
0216 0214 0213 0208 0207 0206 0201 0202 0200 0195 0190 0188
0186 0172 0170 0172 0171 0172 0165 0162 0152 0139 0142 0148 0220 2001 0135 1809.
0148 0147 0143 0143 0147 0146 0149 0140 0136 0136 0136 0156
0179 0254 0362 0339 0346 0342 0255 0235 0210 0171 0164 0160 0364 1059 0124 0628.
0158 0160 0158 0149 0148 0148 0152 0152 0152 0154 0152 0153
0159 0164 0204 0181 0177 0197 0199 0202 0174 0153 0149 0144 0214 1525 0143 0038.
0141 0142 0136 0138 0136 0138 0139 0137 0141 0138 0140 0142
0143 0151 0151 0161 0152 0160 0165 0157 0150 0149 0147 0143 0172 1121 0134 2303.
0143 0144 0145 0144 0143 0142 0142 0140 0139 0138 0138 0159
0167 0173 0202 0234 0245 0213 0187 0180 0168 0157 0154 0152 0247 1255 0136 0545.
0149 0148 0146 0147 0143 0143 0142 0143 0142 0139 0138 0147
0155 0158 0175 0189 0182 0166 0180 0170 0145 0132 0127 0125 0191 1229 0125 1915=
0246 0242 0240 0239 0238 0237 0236 0235 0234 0232 0229 0229
0234 0238 0257 0279 0300 0309 0301 0293 0275 0261 0248 0237.
0229 0222 0215 0209 0204 0198 0195 0191 0187 0183 0180 0184
0201 0224 0248 0271 0289 0298 0297 0284 0273 0259 0246 0238.
0233 0227 0221 0220 0219 0217 0216 0215 0214 0212 0211 0212
0215 0230 0242 0250 0259 0266 0271 0264 0255 0248 0242 0238.
0234 0231 0228 0226 0224 0222 0221 0219 0217 0216 0212 0213
0226 0240 0255 0266 0271 0273 0270 0270 0260 0248 0236 0229.
0224 0220 0217 0215 0213 0211 0210 0210 0208 0207 0206 0207
0213 0222 0235 0247 0266 0272 0262 0250 0241 0234 0229 0225.
0222 0220 0218 0216 0215 0214 0213 0213 0212 0210 0208 0206
0207 0209 0213 0219 0224 0226 0233 0235 0232 0228 0226 0224.
0222 0221 0219 0219 0217 0217 0216 0215 0214 0214 0214 0215
0223 0232 0246 0264 0264 0268 0268 0268 0266 0256 0248 0241.
0238 0233 0228 0223 0219 0214 0214 0212 0208 0204 0200 0202
0213 0232 0254 0275 0286 0292 0290 0277 0264 0254 0246 0238.
0231 0228 0226 0224 0221 0219 0216 0211 0208 0207 0204 0206
0212 0225 0235 0250 0262 0265 0266 0257 0246 0236 0228 0223.
0218 0215 0211 0208 0205 0203 0200 0198 0195 0193 0190 0193
0201 0213 0228 0242 0254 0263 0263 0256 0250 0240 0232 0223.
0216 0209 0204 0199 0194 0191 0186 0183 0178 0174 0170 0173
0188 0212 0238 0262 0280 0289 0289 0280 0264 0247 0233 0223.
0215 0208 0203 0200 0194 0190 0187 0183 0180 0179 0177 0180
0194 0214 0237 0260 0274 0282 0279 0271 0256 0242 0229 0220.
0213 0207 0202 0199 0197 0196 0195 0192 0188 0185 0183 0186
0192 0202 0209 0216 0234 0250 0248 0241 0232 0226 0219 0212.
0207 0203 0199 0194 0190 0187 0183 0179 0176 0173 0170 0174
0189 0211 0236 0261 0280 0290 0290 0280 0265 0250 0237 0228.
0220 0213 0208 0202 0197 0194 0190 0186 0183 0180 0178 0182
0197 0220 0245 0268 0284 0293 0293 0284 0270 0254 0242 0233.
0227 0220 0215 0210 0206 0202 0198 0195 0191 0188 0186 0191
0204 0224 0248 0270 0285 0292 0292 0283 0268 0255 0243 0234.
0226 0219 0213 0207 0203 0199 0194 0190 0186 0183 0181 0185
0199 0220 0243 0264 0281 0289 0288 0281 0266 0254 0242 0236.
0232 0227 0224 0220 0217 0214 0212 0207 0203 0197 0192 0194
0211 0225 0249 0269 0286 0290 0284 0279 0269 0257 0247 0240.
0235 0231 0228 0224 0221 0219 0217 0215 0213 0209 0203 0207
0219 0236 0249 0270 0283 0291 0290 0281 0265 0251 0238 0228.
0221 0214 0208 0203 0199 0195 0191 0187 0184 0183 0180 0183
0196 0216 0239 0261 0277 0288 0287 0277 0262 0246 0234 0226.
0219 0213 0207 0203 0198 0193 0189 0186 0183 0179 0176 0179
0193 0213 0235 0257 0273 0281 0279 0270 0256 0242 0229 0220.
0213 0206 0200 0195 0191 0187 0183 0180 0177 0173 0171 0174
0187 0209 0233 0257 0274 0283 0281 0272 0256 0241 0229 0221.
0214 0208 0202 0200 0195 0192 0188 0186 0188 0188 0188 0189
0199 0215 0233 0251 0265 0272 0270 0261 0249 0236 0227 0222.
0221 0219 0217 0216 0214 0213 0212 0211 0210 0209 0208 0208
0210 0219 0231 0245 0245 0241 0241 0236 0231 0227 0224 0221.
0219 0217 0215 0214 0211 0209 0209 0208 0207 0207 0206 0207
0215 0227 0237 0252 0266 0270 0267 0260 0253 0245 0239 0235.
0232 0230 0228 0226 0224 0222 0220 0218 0216 0214 0211 0209
0206 0205 0202 0201 0201 0201 0199 0193 0189 0185 0182 0181.
0180 0179 0178 0177 0176 0175 0175 0172 0170 0168 0166 0168
0176 0185 0203 0219 0237 0246 0241 0232 0222 0210 0202 0196.
0192 0190 0188 0186 0182 0180 0180 0179 0178 0177 0177 0176
0177 0179 0184 0188 0187 0187 0190 0193 0190 0186 0181 0177.
0174 0172 0170 0169 0168 0167 0167 0166 0166 0165 0164 0164
0164 0164 0166 0169 0171 0172 0173 0173 0172 0170 0168 0167.
0166 0165 0165 0164 0164 0163 0162 0162 0161 0160 0160 0161
0165 0169 0175 0183 0190 0193 0190 0187 0183 0180 0177 0174.
0172 0171 0169 0167 0166 0165 0164 0163 0163 0162 0160 0160
0162 0164 0166 0170 0173 0172 0171 0172 0168 0163 0159 0156=
0255 0252 0248 0246 0245 0243 0242 0241 0240 0239 0237 0235
0236 0238 0243 0253 0267 0279 0282 0282 0277 0269 0261 0253.
0245 0239 0234 0229 0223 0219 0215 0211 0207 0203 0200 0198
0202 0211 0224 0239 0254 0265 0272 0271 0268 0262 0255 0248.
0243 0239 0234 0230 0229 0227 0225 0224 0222 0221 0220 0219
0219 0224 0231 0237 0244 0248 0255 0256 0254 0250 0246 0243.
0240 0237 0235 0233 0231 0229 0228 0226 0225 0223 0222 0220
0223 0229 0237 0246 0253 0256 0258 0260 0258 0253 0246 0240.
0236 0232 0229 0226 0224 0222 0220 0219 0218 0216 0215 0214
0216 0219 0225 0232 0241 0252 0254 0250 0245 0241 0237 0233.
0230 0228 0226 0224 0222 0221 0220 0219 0219 0217 0216 0214
0213 0213 0215 0217 0221 0223 0226 0230 0230 0230 0228 0227.
0225 0224 0223 0223 0222 0221 0220 0220 0219 0218 0218 0218
0220 0224 0230 0240 0247 0251 0255 0256 0257 0255 0250 0246.
0243 0240 0236 0233 0229 0225 0223 0221 0219 0216 0213 0211
0213 0220 0230 0244 0256 0264 0268 0268 0263 0257 0252 0246.
0241 0237 0234 0232 0229 0227 0225 0222 0219 0217 0215 0214
0215 0219 0225 0233 0241 0247 0252 0252 0248 0243 0237 0232.
0229 0226 0222 0219 0217 0214 0212 0210 0208 0206 0203 0202
0204 0209 0215 0225 0233 0241 0246 0248 0246 0243 0238 0233.
0227 0222 0218 0214 0210 0206 0203 0199 0196 0192 0189 0187
0189 0198 0212 0227 0242 0254 0261 0262 0259 0252 0243 0235.
0229 0223 0218 0214 0210 0206 0203 0199 0196 0194 0192 0191
0194 0202 0214 0228 0241 0251 0257 0257 0253 0246 0239 0232.
0226 0221 0216 0212 0210 0207 0206 0204 0201 0199 0196 0195
0197 0200 0205 0209 0216 0228 0234 0235 0232 0229 0225 0221.
0217 0213 0210 0207 0203 0200 0197 0194 0191 0189 0186 0185
0188 0197 0210 0225 0241 0253 0260 0261 0258 0251 0244 0237.
0231 0225 0220 0216 0211 0208 0204 0201 0198 0195 0192 0191
0195 0204 0217 0232 0247 0258 0264 0266 0262 0256 0248 0241.
0236 0231 0226 0222 0218 0215 0211 0208 0205 0202 0199 0199
0202 0210 0222 0237 0250 0260 0266 0266 0262 0256 0249 0242.
0236 0231 0226 0221 0217 0213 0209 0205 0202 0198 0196 0195
0198 0206 0219 0233 0246 0257 0262 0264 0260 0255 0248 0242.
0238 0234 0231 0228 0225 0222 0220 0217 0214 0210 0206 0204
0207 0214 0225 0238 0252 0262 0264 0265 0262 0257 0251 0246.
0241 0237 0234 0231 0229 0226 0224 0222 0221 0218 0215 0213
0216 0223 0232 0243 0253 0262 0267 0268 0262 0256 0248 0240.
0234 0228 0223 0219 0214 0210 0207 0204 0200 0198 0196 0194
0197 0205 0216 0231 0244 0255 0261 0262 0258 0251 0243 0236.
0230 0225 0221 0217 0212 0209 0205 0202 0198 0195 0192 0191
0194 0201 0213 0227 0240 0250 0256 0256 0253 0246 0238 0231.
0225 0220 0215 0210 0206 0202 0199 0196 0193 0190 0187 0186
0188 0197 0210 0225 0239 0249 0256 0256 0252 0245 0237 0231.
0225 0220 0215 0212 0208 0205 0202 0199 0198 0197 0197 0196
0199 0205 0215 0226 0237 0246 0251 0250 0246 0241 0234 0229.
0226 0224 0223 0221 0219 0218 0217 0216 0215 0214 0213 0213
0212 0215 0220 0228 0234 0234 0235 0234 0232 0229 0227 0225.
0223 0222 0220 0219 0217 0215 0214 0213 0212 0212 0211 0211
0212 0217 0224 0232 0241 0248 0252 0252 0249 0245 0241 0238.
0235 0233 0231 0229 0228 0226 0225 0223 0221 0220 0218 0216
0214 0212 0211 0209 0208 0207 0207 0203 0200 0198 0194 0192.
0191 0190 0189 0188 0187 0186 0185 0184 0182 0180 0179 0178
0179 0183 0191 0200 0212 0222 0227 0226 0222 0217 0212 0207.
0203 0200 0197 0195 0193 0191 0189 0188 0187 0186 0185 0184
0184 0184 0185 0188 0189 0190 0191 0192 0193 0192 0189 0187.
0184 0182 0180 0179 0178 0177 0176 0175 0175 0174 0173 0172
0172 0171 0172 0173 0174 0175 0176 0177 0177 0176 0175 0174.
0173 0172 0172 0171 0171 0170 0170 0169 0169 0168 0167 0167
0168 0170 0173 0177 0182 0186 0188 0187 0186 0184 0182 0181.
0179 0178 0176 0175 0174 0173 0172 0171 0170 0169 0169 0168
0168 0168 0169 0171 0173 0174 0174 0174 0174 0172 0169 0167=
0261 0258 0255 0253 0251 0250 0248 0247 0246 0245 0244 0242
0242 0242 0243 0246 0253 0261 0267 0270 0271 0268 0265 0260.
0256 0251 0247 0243 0238 0235 0231 0227 0224 0221 0218 0215
0214 0216 0221 0229 0238 0246 0254 0258 0259 0259 0256 0253.
0249 0246 0243 0240 0237 0236 0234 0233 0231 0230 0229 0228
0227 0227 0230 0234 0238 0241 0246 0249 0250 0249 0248 0246.
0244 0242 0241 0239 0237 0236 0235 0233 0232 0231 0230 0228
0228 0229 0233 0238 0243 0247 0250 0252 0253 0252 0250 0246.
0243 0240 0238 0235 0233 0231 0229 0228 0227 0226 0224 0223
0223 0223 0225 0229 0234 0240 0245 0246 0245 0243 0241 0239.
0236 0235 0233 0231 0230 0229 0228 0227 0226 0225 0224 0222
0221 0220 0220 0221 0223 0224 0226 0228 0230 0230 0230 0230.
0229 0229 0228 0227 0227 0226 0225 0225 0224 0224 0223 0223
0223 0224 0227 0231 0237 0241 0244 0247 0249 0250 0249 0247.
0245 0243 0241 0239 0236 0234 0231 0229 0228 0226 0224 0221
0220 0222 0226 0232 0240 0247 0252 0256 0256 0255 0253 0250.
0247 0243 0241 0238 0237 0235 0233 0231 0229 0227 0225 0223
0222 0223 0225 0229 0233 0238 0242 0245 0245 0244 0241 0239.
0236 0233 0231 0229 0226 0224 0222 0220 0219 0217 0215 0213
0212 0213 0216 0220 0225 0231 0236 0239 0241 0241 0239 0237.
0234 0231 0228 0224 0221 0219 0216 0213 0210 0208 0205 0202
0201 0203 0208 0215 0225 0234 0241 0246 0249 0248 0245 0241.
0236 0233 0229 0225 0222 0219 0216 0213 0210 0208 0206 0204
0203 0205 0210 0217 0225 0233 0240 0244 0245 0244 0241 0238.
0234 0230 0226 0223 0220 0218 0216 0215 0213 0211 0209 0207
0206 0206 0208 0210 0214 0219 0225 0228 0229 0229 0228 0226.
0223 0221 0219 0216 0214 0211 0209 0207 0204 0202 0200 0198
0197 0199 0204 0212 0222 0231 0239 0244 0246 0246 0243 0240.
0236 0232 0229 0225 0222 0219 0216 0213 0211 0208 0206 0204
0203 0205 0211 0218 0228 0236 0244 0249 0251 0250 0247 0244.
0240 0237 0234 0230 0227 0224 0222 0219 0217 0214 0212 0210
0209 0211 0216 0223 0232 0240 0247 0251 0252 0251 0249 0245.
0241 0238 0234 0231 0227 0224 0221 0218 0215 0212 0210 0208
0207 0209 0214 0221 0229 0237 0244 0249 0250 0250 0247 0244.
0241 0239 0236 0234 0232 0229 0227 0226 0223 0221 0218 0215
0214 0216 0220 0226 0234 0243 0248 0252 0253 0252 0250 0247.
0244 0242 0239 0237 0235 0233 0231 0229 0228 0226 0224 0222
0221 0223 0227 0232 0239 0245 0251 0255 0255 0253 0250 0246.
0242 0238 0234 0230 0227 0223 0220 0217 0214 0212 0210 0208
0207 0208 0213 0220 0228 0236 0243 0248 0249 0248 0245 0241.
0237 0234 0230 0227 0224 0221 0218 0215 0212 0209 0207 0204
0203 0205 0210 0217 0225 0233 0239 0243 0245 0244 0241 0237.
0233 0229 0225 0222 0218 0215 0212 0209 0207 0204 0202 0200
0199 0201 0206 0213 0222 0230 0237 0242 0244 0242 0239 0235.
0232 0228 0225 0222 0219 0216 0213 0211 0209 0207 0206 0206
0206 0207 0211 0217 0224 0230 0236 0239 0240 0239 0236 0233.
0231 0229 0227 0226 0225 0223 0222 0221 0220 0220 0219 0218
0218 0218 0219 0223 0227 0230 0231 0232 0232 0231 0230 0228.
0227 0226 0225 0223 0222 0221 0220 0219 0218 0217 0217 0216
0216 0217 0221 0224 0230 0235 0240 0242 0243 0242 0241 0239.
0237 0236 0234 0233 0231 0230 0229 0228 0227 0225 0224 0223
0221 0220 0218 0217 0216 0215 0214 0213 0210 0208 0206 0204.
0202 0201 0199 0198 0197 0196 0195 0194 0193 0192 0190 0189
0188 0189 0192 0196 0203 0210 0216 0219 0220 0219 0216 0213.
0210 0208 0206 0204 0202 0200 0199 0197 0196 0195 0194 0193
0192 0192 0192 0193 0194 0194 0195 0196 0197 0197 0196 0195.
0193 0192 0190 0189 0188 0186 0185 0185 0184 0183 0183 0182
0181 0180 0180 0180 0180 0181 0182 0182 0183 0183 0182 0182.
0181 0180 0180 0179 0179 0178 0178 0177 0177 0176 0176 0175
0175 0176 0177 0179 0181 0184 0187 0188 0188 0188 0187 0186.
0185 0184 0183 0182 0181 0181 0180 0179 0178 0178 0177 0176
0176 0175 0176 0176 0177 0178 0179 0179 0179 0179 0178 0176=
0259 0258 0256 0254 0252 0251 0250 0249 0247 0246 0246 0245
0244 0243 0243 0244 0246 0250 0254 0258 0260 0261 0260 0259.
0256 0254 0251 0248 0245 0242 0239 0236 0234 0231 0228 0226
0224 0223 0224 0226 0230 0235 0240 0245 0248 0250 0250 0249.
0248 0246 0245 0243 0241 0239 0238 0236 0235 0234 0233 0232
0231 0230 0230 0232 0234 0236 0239 0241 0243 0244 0244 0244.
0243 0242 0241 0240 0239 0238 0237 0236 0235 0234 0232 0232
0230 0230 0231 0233 0236 0239 0241 0243 0245 0246 0246 0245.
0244 0242 0240 0238 0236 0235 0233 0232 0231 0230 0229 0227
0227 0226 0226 0228 0230 0233 0236 0239 0240 0240 0239 0238.
0237 0236 0235 0233 0232 0231 0230 0229 0228 0228 0227 0226
0225 0224 0223 0223 0223 0224 0225 0226 0227 0228 0229 0229.
0229 0229 0228 0228 0227 0227 0226 0226 0226 0225 0225 0224
0224 0224 0225 0227 0230 0233 0235 0238 0240 0241 0242 0242.
0242 0241 0240 0239 0237 0235 0234 0232 0231 0229 0228 0226
0225 0224 0225 0227 0231 0235 0239 0243 0246 0247 0247 0246.
0245 0243 0241 0239 0238 0236 0235 0234 0232 0231 0229 0228
0226 0226 0226 0227 0229 0231 0234 0237 0239 0239 0239 0238.
0236 0235 0233 0232 0230 0229 0227 0225 0224 0222 0221 0219
0218 0217 0218 0219 0221 0224 0228 0231 0233 0234 0235 0234.
0234 0232 0230 0228 0226 0224 0222 0220 0218 0216 0214 0211
0209 0209 0209 0212 0216 0222 0227 0232 0236 0238 0238 0237.
0235 0234 0231 0229 0227 0224 0222 0220 0218 0215 0214 0212
0210 0210 0211 0213 0217 0222 0227 0231 0234 0235 0236 0235.
0233 0231 0229 0227 0225 0223 0221 0220 0218 0216 0215 0213
0212 0211 0211 0212 0213 0215 0218 0221 0223 0224 0225 0224.
0224 0222 0221 0219 0218 0216 0215 0213 0211 0209 0207 0206
0204 0204 0205 0208 0212 0218 0223 0229 0232 0234 0235 0235.
0233 0231 0230 0227 0225 0223 0221 0219 0217 0215 0213 0211
0209 0209 0210 0213 0217 0223 0228 0233 0237 0239 0239 0238.
0237 0235 0234 0231 0229 0227 0225 0223 0221 0219 0218 0216
0214 0214 0215 0218 0222 0227 0232 0236 0239 0241 0241 0240.
0239 0237 0235 0233 0230 0228 0226 0223 0221 0219 0217 0215
0213 0212 0214 0216 0220 0225 0230 0235 0238 0240 0240 0239.
0238 0237 0235 0234 0232 0231 0229 0228 0226 0224 0223 0221
0219 0218 0219 0221 0225 0230 0235 0238 0241 0243 0243 0242.
0241 0240 0238 0236 0235 0233 0232 0231 0230 0228 0227 0225
0224 0224 0225 0227 0230 0234 0238 0242 0244 0245 0245 0243.
0241 0239 0236 0234 0231 0228 0226 0224 0221 0219 0217 0215
0213 0213 0214 0216 0220 0225 0230 0235 0238 0239 0239 0238.
0236 0234 0232 0230 0227 0225 0223 0221 0218 0216 0214 0212
0210 0210 0211 0213 0217 0222 0227 0231 0234 0236 0235 0234.
0232 0230 0228 0225 0223 0221 0218 0216 0214 0211 0209 0208
0206 0205 0207 0209 0214 0219 0224 0229 0232 0234 0234 0232.
0231 0229 0227 0224 0222 0220 0218 0216 0214 0213 0211 0210
0210 0209 0210 0213 0216 0220 0225 0228 0231 0232 0232 0231.
0229 0228 0227 0226 0225 0224 0223 0222 0221 0221 0220 0219
0219 0218 0219 0220 0222 0224 0226 0227 0227 0228 0227 0227.
0226 0225 0224 0224 0223 0222 0221 0220 0219 0219 0218 0218
0217 0217 0218 0220 0223 0226 0230 0232 0234 0235 0235 0235.
0234 0233 0232 0231 0230 0229 0229 0228 0227 0226 0225 0224
0223 0222 0221 0220 0219 0218 0217 0216 0215 0213 0212 0210.
0208 0207 0206 0205 0203 0202 0201 0200 0199 0198 0197 0196
0195 0195 0195 0196 0199 0203 0207 0211 0213 0214 0214 0213.
0212 0210 0209 0207 0206 0205 0203 0202 0201 0200 0199 0198
0197 0197 0196 0196 0196 0197 0197 0197 0198 0198 0198 0198.
0197 0196 0195 0194 0193 0192 0191 0190 0189 0189 0188 0187
0187 0186 0185 0185 0185 0185 0185 0185 0185 0186 0185 0185.
0185 0184 0184 0184 0183 0183 0182 0182 0181 0181 0181 0180
0180 0180 0180 0181 0182 0183 0185 0187 0187 0188 0188 0188.
0187 0187 0186 0185 0185 0184 0184 0183 0182 0182 0181 0180
0180 0180 0179 0179 0180 0180 0181 0181 0181 0181 0181 0180=
0242 0242 0242 0242 0242 0242 0242 0242 0242 0242 0241 0241
0241 0241 0241 0241 0241 0240 0240 0240 0241 0241 0241 0241.
0241 0241 0241 0241 0241 0240 0240 0240 0239 0239 0238 0238
0237 0236 0236 0235 0235 0234 0234 0234 0234 0234 0234 0234.
0234 0234 0234 0234 0234 0234 0234 0234 0234 0233 0233 0233
0233 0233 0232 0232 0232 0232 0232 0232 0232 0232 0232 0232.
0233 0233 0233 0233 0233 0233 0233 0233 0233 0233 0233 0233
0232 0232 0232 0232 0232 0232 0232 0232 0232 0232 0232 0232.
0233 0233 0233 0232 0232 0232 0232 0232 0232 0231 0231 0231
0231 0231 0230 0230 0230 0230 0230 0230 0230 0230 0230 0230.
0230 0230 0230 0230 0230 0230 0230 0230 0230 0230 0230 0229
0229 0229 0229 0228 0228 0228 0228 0228 0228 0228 0227 0227.
0227 0227 0227 0228 0227 0228 0228 0227 0227 0227 0227 0227
0227 0227 0227 0227 0227 0227 0227 0227 0227 0228 0228 0228.
0228 0229 0229 0229 0229 0229 0229 0229 0229 0229 0229 0229
0229 0228 0228 0228 0228 0228 0228 0228 0228 0229 0229 0229.
0229 0229 0230 0230 0230 0230 0230 0230 0230 0230 0230 0229
0229 0229 0229 0229 0228 0228 0228 0228 0228 0228 0228 0228.
0228 0228 0228 0228 0228 0228 0228 0227 0227 0227 0227 0226
0226 0226 0225 0225 0225 0225 0225 0225 0225 0225 0225 0225.
0225 0225 0225 0225 0225 0225 0225 0225 0224 0224 0224 0223
0223 0223 0222 0222 0222 0221 0221 0221 0221 0222 0222 0222.
0222 0222 0222 0222 0222 0222 0222 0222 0222 0222 0221 0221
0220 0220 0220 0219 0219 0219 0219 0219 0219 0219 0219 0220.
0220 0220 0220 0220 0220 0220 0220 0220 0219 0219 0219 0219
0219 0218 0218 0218 0218 0217 0217 0217 0217 0217 0217 0217.
0217 0217 0217 0217 0217 0217 0217 0217 0217 0217 0216 0216
0216 0216 0215 0215 0215 0215 0215 0215 0215 0215 0216 0216.
0216 0217 0217 0217 0217 0217 0217 0217 0217 0217 0217 0216
0216 0216 0216 0215 0215 0215 0215 0215 0216 0216 0216 0217.
0217 0217 0217 0218 0218 0218 0218 0218 0218 0218 0218 0217
0217 0217 0217 0217 0217 0216 0217 0217 0217 0217 0218 0218.
0218 0218 0219 0219 0219 0219 0219 0219 0219 0218 0218 0218
0218 0217 0217 0217 0217 0217 0217 0217 0217 0217 0218 0218.
0218 0218 0218 0219 0219 0219 0219 0219 0219 0219 0219 0219
0219 0218 0218 0218 0218 0218 0218 0218 0219 0219 0219 0219.
0220 0220 0220 0220 0220 0220 0221 0221 0220 0220 0220 0220
0220 0220 0220 0220 0220 0220 0220 0220 0220 0220 0221 0221.
0221 0221 0221 0221 0221 0221 0221 0221 0220 0220 0220 0219
0219 0219 0218 0218 0218 0217 0217 0217 0218 0218 0218 0218.
0218 0218 0218 0218 0218 0218 0218 0218 0218 0218 0217 0217
0217 0216 0216 0216 0215 0215 0215 0215 0215 0216 0216 0216.
0216 0216 0216 0216 0216 0216 0216 0216 0216 0215 0215 0215
0214 0214 0214 0213 0213 0213 0213 0213 0213 0213 0214 0214.
0214 0214 0214 0214 0214 0214 0214 0214 0214 0214 0213 0213
0213 0213 0213 0212 0212 0212 0212 0212 0213 0213 0213 0213.
0213 0214 0214 0214 0214 0214 0214 0214 0214 0214 0214 0214
0214 0214 0214 0214 0214 0214 0214 0214 0214 0214 0214 0215.
0215 0215 0215 0215 0215 0215 0215 0215 0215 0215 0215 0215
0215 0215 0215 0215 0215 0215 0215 0215 0216 0216 0216 0216.
0216 0217 0217 0217 0217 0217 0218 0218 0218 0218 0218 0218
0218 0218 0218 0217 0217 0217 0217 0217 0217 0216 0216 0216.
0215 0215 0215 0214 0214 0214 0213 0213 0212 0212 0212 0211
0211 0210 0210 0210 0209 0209 0209 0209 0209 0209 0209 0209.
0209 0209 0209 0209 0209 0208 0208 0208 0208 0208 0208 0207
0207 0207 0207 0206 0206 0206 0206 0206 0205 0205 0205 0205.
0205 0205 0204 0204 0204 0204 0204 0203 0203 0203 0203 0202
0202 0202 0201 0201 0201 0201 0200 0200 0200 0200 0199 0199.
0199 0199 0199 0199 0199 0198 0198 0198 0198 0198 0198 0198
0197 0197 0197 0197 0197 0196 0196 0196 0196 0196 0196 0196.
0196 0196 0196 0196 0196 0196 0196 0196 0196 0196 0195 0195
0195 0195 0195 0194 0194 0194 0194 0194 0194 0194 0194 0193=
KB
0237 0237 0237 0237 0237 0237 0237 0237 0237 0237 0238 0238
0238 0238 0238 0238 0238 0238 0238 0238 0238 0238 0238 0238.
0238 0238 0238 0238 0238 0238 0238 0238 0238 0238 0238 0238
0238 0238 0238 0238 0238 0238 0238 0238 0238 0237 0237 0237.
0237 0237 0237 0237 0237 0237 0237 0237 0237 0236 0236 0236
0236 0236 0236 0236 0236 0236 0236 0236 0236 0236 0236 0235.
0235 0235 0235 0235 0235 0235 0235 0235 0235 0235 0235 0235
0235 0235 0235 0235 0235 0235 0235 0234 0234 0234 0234 0234.
0234 0234 0234 0234 0234 0234 0234 0234 0234 0234 0234 0234
0234 0234 0234 0234 0234 0234 0234 0234 0233 0233 0233 0233.
0233 0233 0233 0233 0233 0233 0233 0233 0233 0233 0233 0233
0233 0233 0233 0233 0233 0233 0232 0232 0232 0232 0232 0232.
0232 0232 0232 0232 0232 0232 0232 0232 0232 0231 0231 0231
0231 0231 0231 0231 0231 0231 0231 0231 0231 0231 0231 0231.
0231 0231 0231 0231 0231 0231 0231 0231 0231 0231 0231 0231
0231 0231 0231 0231 0231 0231 0231 0231 0231 0231 0231 0231.
0231 0231 0230 0230 0230 0230 0230 0230 0230 0230 0231 0230
0230 0231 0231 0231 0231 0231 0231 0230 0231 0230 0230 0230.
0230 0230 0230 0230 0230 0230 0230 0230 0230 0230 0230 0230
0230 0230 0230 0230 0230 0230 0230 0230 0230 0230 0230 0229.
0229 0229 0229 0229 0229 0229 0229 0229 0229 0229 0229 0229
0229 0229 0229 0229 0229 0229 0228 0228 0228 0228 0228 0228.
0228 0228 0228 0228 0228 0227 0227 0227 0227 0227 0227 0227
0227 0227 0227 0227 0227 0227 0227 0227 0227 0227 0226 0226.
0226 0226 0226 0226 0226 0226 0226 0226 0226 0226 0225 0225
0225 0225 0225 0225 0225 0225 0225 0225 0225 0225 0225 0225.
0224 0224 0224 0224 0224 0224 0224 0224 0224 0224 0224 0224
0224 0224 0224 0224 0223 0223 0223 0223 0223 0223 0223 0223.
0223 0223 0223 0223 0223 0223 0222 0222 0222 0222 0222 0222
0222 0222 0222 0222 0222 0222 0222 0222 0222 0222 0222 0222.
0222 0222 0222 0222 0222 0222 0222 0222 0222 0222 0222 0222
0222 0222 0222 0222 0222 0222 0222 0222 0222 0221 0221 0221.
0221 0221 0221 0221 0221 0221 0221 0221 0221 0221 0221 0221
0221 0221 0221 0222 0221 0221 0221 0221 0221 0221 0221 0221.
0221 0221 0221 0221 0221 0221 0221 0221 0221 0221 0221 0221
0221 0221 0221 0221 0221 0221 0221 0221 0221 0221 0221 0221.
0221 0221 0221 0221 0221 0221 0221 0221 0221 0221 0221 0221
0221 0221 0221 0221 0221 0221 0221 0221 0221 0221 0221 0221.
0221 0221 0221 0221 0221 0221 0221 0221 0222 0222 0222 0221
0222 0222 0222 0222 0221 0221 0221 0221 0221 0221 0221 0221.
0221 0221 0221 0221 0221 0221 0221 0221 0221 0221 0221 0221
0221 0221 0221 0221 0221 0221 0221 0221 0221 0221 0220 0220.
0220 0220 0220 0220 0220 0220 0220 0220 0220 0220 0220 0220
0220 0220 0220 0220 0220 0220 0220 0219 0220 0219 0219 0219.
0219 0219 0219 0219 0219 0219 0219 0219 0219 0219 0219 0219
0219 0219 0219 0218 0219 0219 0219 0218 0218 0218 0218 0218.
0218 0218 0218 0218 0218 0218 0218 0218 0218 0218 0218 0218
0218 0218 0218 0218 0218 0218 0218 0218 0218 0218 0218 0218.
0218 0218 0218 0218 0218 0218 0218 0218 0218 0218 0218 0218
0218 0218 0218 0218 0218 0218 0218 0218 0218 0218 0218 0218.
0218 0218 0218 0218 0218 0218 0218 0218 0218 0218 0218 0218
0218 0218 0218 0218 0218 0218 0218 0218 0218 0218 0218 0218.
0218 0218 0218 0218 0218 0218 0218 0218 0218 0218 0218 0218
0218 0218 0218 0218 0218 0218 0218 0218 0218 0218 0218 0217.
0217 0217 0217 0217 0217 0217 0217 0217 0217 0217 0217 0216
0216 0216 0216 0216 0216 0216 0216 0216 0216 0215 0215 0215.
0215 0215 0215 0215 0215 0215 0215 0214 0214 0214 0214 0214
0214 0214 0214 0214 0214 0214 0213 0213 0213 0213 0213 0213.
0213 0213 0212 0212 0212 0212 0212 0212 0212 0212 0212 0211
0211 0211 0211 0211 0211 0211 0210 0210 0210 0210 0210 0210.
0210 0210 0210 0209 0209 0209 0209 0209 0209 0209 0209 0209
0209 0208 0208 0208 0208 0208 0208 0208 0208 0208 0208 0207=
0234 0234 0234 0234 0234 0234 0234 0234 0234 0234 0234 0234
0234 0234 0234 0234 0234 0234 0234 0234 0234 0234 0234 0234.
0234 0234 0234 0234 0234 0234 0234 0234 0234 0234 0234 0234
0234 0234 0234 0234 0234 0234 0234 0234 0234 0234 0234 0234.
0234 0234 0234 0234 0234 0234 0234 0234 0234 0234 0234 0234
0234 0234 0234 0234 0234 0234 0234 0234 0234 0234 0234 0234.
0234 0234 0234 0233 0234 0234 0234 0234 0233 0233 0233 0233
0234 0234 0234 0233 0233 0233 0233 0233 0233 0233 0233 0233.
0233 0233 0233 0233 0233 0233 0233 0233 0233 0233 0233 0233
0233 0233 0233 0233 0233 0233 0233 0233 0233 0233 0233 0233.
0233 0233 0233 0233 0233 0233 0233 0233 0233 0233 0233 0233
0233 0233 0233 0233 0233 0233 0233 0233 0233 0233 0233 0233.
0233 0233 0233 0233 0233 0233 0233 0233 0233 0233 0233 0233
0233 0233 0233 0233 0233 0233 0233 0233 0233 0232 0232 0232.
0232 0233 0232 0232 0232 0232 0232 0232 0232 0232 0232 0232
0232 0232 0232 0232 0232 0232 0232 0232 0232 0232 0232 0232.
0232 0232 0232 0232 0232 0232 0232 0232 0232 0232 0232 0232
0232 0232 0232 0232 0232 0232 0232 0232 0232 0232 0232 0232.
0232 0232 0232 0232 0232 0232 0232 0232 0232 0232 0232 0232
0231 0232 0231 0232 0232 0231 0231 0231 0231 0231 0231 0231.
0231 0231 0231 0231 0231 0231 0231 0231 0231 0231 0231 0231
0231 0231 0231 0231 0231 0231 0231 0231 0231 0231 0231 0231.
0231 0231 0231 0231 0231 0231 0231 0231 0231 0231 0231 0231
0231 0231 0231 0231 0231 0231 0231 0231 0231 0231 0231 0231.
0231 0230 0230 0230 0230 0230 0230 0230 0230 0230 0230 0230
0230 0230 0230 0230 0230 0230 0230 0230 0230 0230 0230 0230.
0230 0230 0230 0230 0230 0230 0230 0230 0230 0230 0230 0230
0230 0230 0230 0230 0230 0230 0230 0230 0230 0230 0230 0230.
0230 0229 0229 0230 0229 0230 0229 0229 0229 0229 0229 0229
0229 0229 0229 0229 0229 0229 0229 0229 0229 0229 0229 0229.
0229 0229 0229 0229 0229 0229 0229 0229 0229 0229 0229 0229
0229 0229 0229 0229 0229 0229 0229 0229 0229 0229 0228 0228.
0228 0228 0228 0228 0228 0228 0228 0228 0228 0228 0228 0228
0228 0228 0228 0228 0228 0228 0228 0228 0228 0228 0228 0228.
0228 0228 0228 0228 0228 0228 0228 0228 0228 0228 0228 0228
0228 0228 0228 0228 0228 0227 0228 0227 0227 0227 0227 0227.
0227 0227 0227 0227 0227 0227 0227 0227 0227 0227 0227 0227
0227 0227 0227 0227 0227 0227 0227 0227 0227 0227 0227 0227.
0227 0227 0227 0227 0227 0227 0227 0227 0227 0227 0227 0226
0227 0227 0227 0226 0226 0226 0226 0226 0226 0226 0226 0226.
0226 0226 0226 0226 0226 0226 0226 0226 0226 0226 0226 0226
0226 0226 0226 0226 0226 0226 0226 0226 0226 0226 0226 0226.
0226 0226 0226 0226 0226 0226 0226 0226 0226 0226 0226 0226
0226 0226 0226 0226 0226 0226 0226 0226 0226 0226 0226 0226.
0226 0225 0225 0225 0226 0226 0225 0225 0225 0225 0225 0225
0225 0225 0225 0225 0225 0225 0225 0225 0225 0225 0225 0225.
0225 0225 0225 0225 0225 0225 0225 0225 0225 0225 0225 0225
0225 0225 0225 0225 0225 0225 0225 0225 0225 0225 0225 0225.
0225 0225 0225 0225 0225 0225 0225 0225 0225 0225 0225 0225
0225 0224 0224 0225 0225 0224 0225 0224 0224 0224 0224 0224.
0224 0224 0224 0224 0224 0224 0224 0224 0224 0224 0224 0224
0224 0224 0224 0224 0224 0224 0224 0224 0224 0224 0224 0224.
0224 0224 0224 0224 0224 0224 0224 0224 0224 0224 0224 0224
0224 0224 0224 0224 0224 0224 0224 0223 0224 0224 0223 0223.
0223 0223 0223 0223 0223 0223 0223 0223 0223 0223 0223 0223
0223 0223 0223 0223 0223 0223 0223 0223 0223 0223 0223 0223.
0223 0223 0223 0223 0223 0223 0223 0223 0223 0223 0223 0223
0223 0223 0223 0223 0223 0223 0223 0223 0223 0223 0223 0223.
0223 0223 0223 0223 0223 0223 0223 0223 0223 0223 0223 0223
0222 0222 0222 0222 0222 0222 0222 0222 0222 0222 0222 0222.
0222 0222 0222 0222 0222 0222 0222 0222 0222 0222 0222 0222
0222 0222 0222 0222 0222 0222 0222 0222 0222 0222 0222 0222=
0216 0216 0217 0216 0216 0217 0217 0217 0217 0217 0217 0217
0217 0217 0217 0217 0217 0217 0217 0217 0217 0217 0217 0217.
0216 0216 0216 0217 0217 0217 0216 0217 0216 0216 0216 0217
0216 0217 0217 0217 0217 0217 0217 0217 0217 0217 0217 0217.
0217 0217 0217 0217 0217 0217 0217 0217 0217 0217 0217 0217
0217 0217 0217 0217 0217 0217 0217 0217 0217 0217 0217 0217.
0217 0217 0217 0217 0217 0217 0217 0217 0217 0217 0217 0217
0217 0217 0217 0217 0217 0217 0217 0217 0217 0217 0217 0217.
0217 0217 0217 0217 0217 0217 0217 0217 0217 0217 0217 0217
0217 0217 0217 0217 0217 0217 0217 0217 0217 0217 0217 0217.
0217 0217 0217 0217 0217 0217 0217 0217 0217 0217 0217 0217
0217 0217 0217 0217 0217 0217 0217 0217 0217 0217 0217 0217.
0217 0217 0217 0217 0217 0217 0217 0217 0217 0217 0217 0217
0217 0217 0217 0217 0217 0217 0217 0217 0217 0217 0217 0217.
0217 0217 0217 0217 0217 0217 0217 0217 0217 0217 0217 0217
0217 0217 0217 0217 0217 0217 0217 0217 0217 0217 0217 0217.
0217 0217 0217 0217 0217 0217 0217 0217 0217 0217 0217 0217
0217 0217 0217 0217 0217 0217 0217 0217 0217 0217 0217 0217.
0217 0217 0217 0217 0217 0217 0217 0217 0217 0217 0217 0217
0217 0217 0217 0217 0217 0217 0217 0217 0217 0217 0217 0217.
0217 0217 0217 0217 0217 0217 0217 0217 0217 0217 0217 0217
0217 0217 0217 0217 0217 0217 0217 0217 0217 0217 0217 0217.
0217 0217 0217 0217 0217 0217 0217 0217 0217 0217 0217 0217
0217 0217 0217 0217 0217 0217 0217 0217 0217 0217 0217 0217.
0217 0217 0217 0217 0217 0217 0217 0217 0217 0217 0217 0217
0217 0217 0217 0217 0217 0217 0217 0217 0217 0217 0217 0217.
0217 0217 0217 0217 0217 0217 0217 0217 0217 0217 0217 0217
0217 0217 0217 0217 0217 0217 0217 0217 0217 0217 0217 0217.
0217 0217 0217 0217 0217 0217 0217 0217 0217 0217 0217 0217
0217 0217 0217 0217 0217 0217 0217 0217 0217 0217 0217 0217.
0217 0217 0217 0217 0217 0217 0217 0217 0217 0217 0217 0217
0217 0217 0217 0217 0217 0217 0217 0217 0217 0217 0217 0217.
0217 0217 0217 0217 0217 0217 0217 0217 0217 0217 0217 0217
0217 0217 0217 0217 0217 0217 0217 0217 0217 0217 0217 0217.
0217 0217 0217 0217 0217 0217 0217 0217 0217 0217 0217 0217
0217 0217 0217 0217 0217 0217 0217 0217 0217 0217 0217 0217.
0217 0217 0217 0217 0217 0217 0217 0217 0217 0217 0217 0217
0217 0217 0217 0217 0217 0217 0217 0217 0217 0217 0217 0217.
0217 0217 0217 0217 0217 0217 0217 0217 0217 0217 0217 0217
0217 0217 0217 0217 0217 0217 0217 0217 0217 0217 0217 0217.
0217 0217 0217 0217 0217 0217 0217 0217 0217 0217 0217 0217
0217 0217 0217 0217 0217 0217 0217 0217 0217 0217 0217 0217.
0217 0217 0217 0217 0217 0217 0217 0217 0217 0217 0217 0217
0217 0217 0217 0217 0217 0217 0217 0217 0217 0217 0217 0217.
0217 0217 0217 0217 0217 0217 0217 0217 0217 0217 0217 0217
0217 0217 0217 0217 0217 0217 0217 0217 0217 0217 0217 0217.
0217 0217 0217 0217 0217 0217 0217 0217 0217 0217 0217 0217
0217 0217 0217 0217 0217 0217 0217 0217 0217 0217 0217 0217.
0217 0217 0217 0217 0217 0217 0217 0217 0217 0217 0217 0217
0217 0217 0217 0217 0217 0217 0217 0217 0217 0217 0217 0217.
0217 0217 0217 0217 0217 0217 0217 0217 0217 0217 0217 0217
0217 0217 0217 0217 0217 0217 0217 0216 0217 0217 0216 0217.
0216 0217 0217 0217 0217 0216 0216 0216 0217 0217 0217 0217
0217 0217 0217 0217 0217 0217 0217 0217 0217 0217 0217 0216.
0216 0217 0216 0217 0216 0216 0216 0217 0217 0217 0217 0217
0217 0217 0216 0216 0216 0216 0216 0216 0216 0216 0217 0216.
0216 0216 0216 0216 0216 0216 0216 0216 0216 0216 0216 0216
0216 0216 0216 0216 0216 0216 0216 0216 0216 0216 0216 0216.
0216 0216 0216 0216 0216 0216 0216 0216 0216 0216 0216 0216
0216 0216 0216 0216 0216 0216 0216 0216 0216 0216 0216 0216.
0216 0216 0216 0216 0216 0216 0216 0216 0216 0216 0216 0216
0216 0216 0216 0216 0216 0216 0216 0216 0216 0216 0216 0216=
A=
SA=
BA
0208 0199 0210 0210 0211 0208 0210 0209 0207 0204 0193 0217
0229 0232 0295 0414 0449 0367 0346 0290 0247 0210 0173 0156 0449 1253 0156 1959.
0147 0137 0126 0117 0116 0118 0116 0109 0103 0101 0112 0166
0208 0287 0371 0427 0437 0365 0317 0273 0249 0210 0182 0183 0440 1246 0099 0617.
0174 0166 0157 0181 0182 0179 0182 0179 0178 0178 0178 0191
0213 0269 0275 0310 0304 0350 0299 0259 0232 0216 0210 0206 0353 1358 0154 2232.
0203 0197 0193 0191 0188 0190 0190 0186 0185 0182 0166 0213
0242 0305 0295 0336 0307 0305 0308 0274 0240 0210 0198 0190 0352 1125 0163 0638.
0187 0179 0168 0176 0173 0175 0179 0178 0173 0170 0174 0192
0203 0230 0244 0278 0326 0283 0233 0207 0201 0192 0186 0186 0341 1311 0167 2259.
0184 0184 0182 0183 0185 0185 0186 0186 0181 0184 0183 0180
0189 0198 0208 0218 0219 0217 0237 0216 0208 0203 0200 0200 0240 1513 0175 0627.
0199 0198 0198 0196 0194 0194 0195 0195 0194 0194 0198 0210
0231 0260 0271 0279 0276 0290 0260 0254 0244 0219 0197 0205 0303 1150 0192 1925.
0204 0185 0181 0171 0164 0159 0177 0179 0154 0155 0153 0198
0224 0266 0322 0365 0366 0320 0295 0252 0244 0212 0203 0188 0372 1209 0143 0638.
0180 0187 0187 0183 0176 0182 0160 0155 0167 0155 0169 0183
0223 0253 0294 0306 0322 0310 0274 0241 0218 0195 0181 0169 0343 1255 0150 0410.
0168 0162 0157 0155 0155 0149 0155 0148 0142 0140 0144 0184
0208 0239 0279 0283 0309 0299 0287 0253 0240 0203 0185 0163 0331 1218 0132 0629.
0144 0143 0142 0130 0130 0127 0119 0108 0105 0104 0098 0153
0197 0266 0321 0378 0410 0359 0311 0265 0233 0194 0167 0145 0415 1241 0095 0636.
0133 0139 0138 0127 0120 0120 0116 0106 0118 0119 0127 0169
0203 0272 0297 0359 0395 0353 0283 0252 0229 0184 0156 0148 0402 1245 0106 0400.
0140 0134 0132 0141 0143 0151 0149 0134 0138 0122 0133 0166
0186 0215 0217 0250 0339 0292 0261 0234 0215 0189 0170 0159 0344 1302 0119 0606.
0159 0152 0141 0134 0145 0128 0120 0115 0118 0112 0119 0159
0198 0256 0311 0365 0397 0351 0313 0275 0244 0201 0177 0161 0400 1243 0110 0554.
0152 0147 0144 0136 0131 0134 0128 0120 0124 0118 0126 0169
0206 0263 0317 0371 0391 0352 0313 0280 0247 0212 0189 0172 0396 1247 0117 0537.
0169 0164 0155 0148 0146 0144 0141 0137 0130 0127 0138 0186
0218 0266 0317 0362 0382 0348 0304 0274 0242 0207 0183 0174 0384 1238 0127 0541.
0162 0153 0146 0144 0140 0136 0127 0120 0118 0117 0139 0171
0206 0257 0309 0353 0374 0330 0295 0272 0239 0209 0186 0192 0378 1231 0116 0511.
0190 0184 0184 0173 0174 0170 0169 0154 0144 0135 0129 0177
0217 0258 0309 0365 0374 0324 0306 0278 0239 0213 0199 0188 0387 1225 0129 0641.
0191 0190 0190 0182 0182 0183 0181 0181 0171 0159 0150 0200
0230 0271 0297 0302 0372 0332 0301 0261 0230 0191 0174 0151 0374 1246 0150 0648.
0145 0141 0135 0131 0127 0127 0120 0118 0131 0125 0126 0162
0193 0247 0299 0352 0364 0328 0301 0265 0232 0198 0177 0163 0371 1254 0116 0422.
0152 0148 0144 0137 0131 0126 0122 0119 0115 0111 0115 0159
0193 0239 0292 0342 0358 0325 0293 0260 0225 0185 0164 0150 0364 1246 0110 0618.
0144 0132 0128 0127 0123 0117 0114 0114 0108 0105 0109 0152
0194 0240 0299 0347 0365 0334 0291 0255 0223 0188 0176 0162 0372 1250 0105 0541.
0148 0145 0136 0140 0137 0126 0126 0144 0154 0152 0158 0174
0204 0244 0284 0318 0335 0315 0281 0246 0219 0194 0178 0182 0335 1255 0124 0222.
0189 0188 0184 0187 0187 0186 0186 0184 0184 0184 0183 0189
0200 0227 0269 0280 0248 0249 0237 0221 0211 0202 0199 0195 0292 1145 0182 2001.
0193 0192 0191 0187 0170 0185 0184 0184 0185 0184 0183 0195
0226 0259 0268 0302 0309 0297 0281 0248 0231 0217 0212 0209 0331 1247 0169 0106.
0205 0205 0203 0200 0199 0199 0194 0194 0192 0188 0182 0182
0180 0174 0174 0173 0172 0173 0165 0159 0150 0135 0141 0143 0209 2001 0133 1808.
0142 0144 0145 0142 0143 0142 0143 0129 0123 0132 0136 0151
0162 0200 0238 0250 0276 0253 0215 0203 0184 0158 0153 0149 0279 1317 0121 0448.
0143 0146 0148 0142 0136 0140 0144 0144 0141 0144 0143 0149
0149 0154 0177 0162 0163 0170 0171 0168 0158 0142 0142 0138 0181 1527 0132 0039.
0135 0138 0135 0137 0135 0136 0137 0135 0136 0135 0136 0139
0140 0143 0148 0154 0150 0154 0154 0149 0142 0141 0141 0139 0162 1125 0132 2119.
0139 0139 0138 0138 0137 0136 0133 0134 0133 0130 0132 0150
0156 0158 0171 0185 0193 0174 0155 0158 0151 0146 0138 0139 0195 1258 0130 0545.
0140 0139 0136 0135 0135 0133 0130 0132 0131 0131 0127 0137
0145 0149 0160 0162 0153 0143 0149 0149 0132 0122 0122 0118 0164 1202 0116 1832=
=
??????
******
YF
19011










20151105=
JY
8888=
GK
01/
05/=
BZ
10/03/08;14;20

10/24/24
11/=
######
