57461 3042N 11118E 001331 001343 105 000 S14 11111999919199111991 0 2014 08
PC
9881 9887 9891 9889 9888 9887 9884 9885 9886 9888 9889 9891
9891 9889 9886 9883 9878 9872 9864 9859 9860 9862 9865 9873 9892 0824 9859 1542.
9877 9882 9886 9886 9886 9884 9885 9887 9885 9888 9892 9895
9896 9895 9890 9882 9875 9868 9860 9856 9854 9854 9857 9863 9896 0851 9852 1715.
9869 9876 9878 9878 9876 9871 9869 9868 9867 9867 9869 9870
9871 9870 9868 9863 9856 9849 9840 9836 9836 9835 9840 9851 9879 0013 9833 1725.
9860 9867 9868 9867 9864 9860 9857 9857 9858 9862 9866 9871
9875 9876 9874 9868 9861 9852 9847 9839 9840 9841 9847 9853 9876 0957 9839 1546.
9863 9870 9872 9871 9868 9865 9860 9863 9868 9872 9879 9883
9886 9886 9882 9876 9867 9856 9849 9844 9842 9845 9855 9866 9887 0937 9841 1718.
9875 9879 9881 9880 9878 9876 9875 9878 9875 9877 9883 9888
9885 9888 9886 9882 9875 9866 9860 9855 9856 9856 9868 9878 9889 0737 9853 1745.
9881 9889 9893 9893 9897 9892 9890 9887 9885 9885 9888 9894
9900 9905 9907 9904 9902 9898 9894 9895 9896 9902 9903 9911 9911 1958 9877 2001.
9918 9921 9924 9921 9917 9917 9914 9914 9915 9914 9915 9918
9920 9922 9923 9919 9915 9907 9904 9901 9901 9901 9903 9907 9925 2236 9900 1641.
9916 9924 9927 9920 9917 9914 9911 9907 9901 9905 9909 9913
9914 9915 9919 9917 9915 9912 9909 9908 9907 9905 9908 9915 9928 2224 9901 0453.
9917 9920 9916 9916 9915 9914 9915 9915 9913 9916 9917 9921
9926 9927 9926 9919 9912 9904 9899 9892 9888 9886 9886 9894 9927 0947 9885 1819.
9903 9909 9912 9910 9905 9899 9897 9900 9901 9907 9915 9921
9926 9929 9928 9927 9920 9918 9913 9907 9906 9907 9909 9911 9931 1016 9894 2001.
9915 9918 9916 9915 9914 9910 9907 9908 9906 9910 9916 9922
9926 9926 9928 9926 9921 9919 9918 9917 9918 9917 9924 9929 9929 1027 9906 0450.
9933 9937 9935 9933 9930 9927 9923 9921 9919 9919 9921 9926
9928 9930 9929 9923 9917 9913 9909 9908 9910 9911 9914 9923 9937 2145 9908 1520.
9930 9935 9936 9936 9933 9931 9930 9931 9931 9933 9937 9942
9944 9944 9941 9940 9935 9932 9931 9929 9929 9929 9933 9936 9945 0837 9923 2001.
9942 9947 9949 9950 9950 9949 9949 9949 9949 9952 9955 9956
9958 9956 9953 9946 9942 9937 9931 9926 9925 9924 9926 9928 9958 0858 9923 1805.
9933 9935 9935 9935 9932 9927 9924 9922 9924 9928 9929 9930
9931 9930 9930 9925 9918 9915 9910 9907 9907 9906 9908 9913 9936 2205 9905 1719.
9918 9921 9921 9921 9917 9913 9912 9909 9910 9911 9916 9921
9926 9929 9929 9925 9920 9918 9917 9917 9922 9925 9929 9932 9933 1940 9909 0350.
9936 9941 9942 9945 9947 9945 9945 9947 9949 9949 9951 9953
9957 9961 9962 9959 9955 9951 9950 9949 9950 9952 9956 9961 9965 1042 9932 2001.
9967 9969 9970 9971 9969 9965 9966 9967 9966 9968 9974 9979
9980 9980 9977 9971 9964 9955 9948 9944 9944 9951 9951 9955 9980 0819 9943 1631.
9960 9965 9964 9960 9957 9953 9954 9954 9953 9957 9961 9967
9970 9971 9968 9961 9951 9944 9936 9931 9929 9930 9931 9938 9971 0912 9928 1707.
9946 9951 9950 9947 9942 9938 9935 9934 9933 9937 9941 9946
9948 9947 9943 9936 9929 9922 9919 9917 9918 9919 9921 9928 9951 2141 9917 1527.
9935 9938 9939 9939 9938 9934 9931 9930 9928 9930 9936 9940
9942 9941 9938 9930 9923 9916 9910 9906 9905 9907 9909 9913 9943 0917 9904 1649.
9920 9925 9926 9926 9922 9919 9916 9910 9912 9914 9914 9915
9919 9918 9917 9915 9911 9909 9900 9900 9907 9910 9912 9918 9927 2218 9899 1522.
9927 9929 9926 9926 9922 9919 9915 9915 9916 9918 9924 9926
9931 9932 9929 9925 9919 9917 9914 9914 9919 9925 9925 9937 9938 1959 9913 1511.
9947 9954 9953 9953 9954 9953 9952 9951 9949 9954 9961 9964
9967 9969 9967 9961 9957 9953 9948 9945 9945 9947 9951 9959 9969 0931 9938 2001.
9966 9971 9972 9975 9972 9972 9970 9966 9963 9964 9968 9973
9980 9985 9985 9985 9983 9980 9976 9972 9969 9967 9968 9972 9986 1103 9959 2001.
9980 9984 9981 9980 9977 9974 9970 9966 9970 9971 9976 9982
9985 9988 9989 9988 9984 9981 9976 9975 9973 9974 9979 9981 9989 0950 9965 0345.
9983 9991 9995 9996 9992 9986 9983 9983 9984 9986 9990 9990
9996 0001 0001 9999 9996 9994 9992 9985 9985 9981 9982 9989 0001 0938 9980 2010.
0000 0001 9999 0000 9996 9993 9990 9989 9988 9988 9991 9999
0002 0003 9998 9993 9990 9985 9981 9976 9972 9972 9972 9981 0003 0906 9970 1724.
9989 9995 9994 9991 9987 9981 9975 9973 9971 9969 9973 9974
9974 9974 9966 9958 9950 9941 9932 9930 9927 9924 9926 9928 9996 2203 9924 1738.
9932 9932 9928 9923 9916 9912 9906 9908 9906 9913 9920 9931
9939 9950 9956 9956 9953 9952 9947 9945 9944 9947 9956 9961 9961 1957 9905 0304=
0037 0041 0022 0023
0035 0046 0018 0014
0021 0021 9998 0001
0009 0021 0001 0003
0014 0033 0005 0016
0025 0038 0016 0030
0043 0047 0052 0065
0071 0073 0061 0061
0068 0067 0066 0070
0068 0076 0058 0048
0053 0076 0072 0066
0065 0078 0075 0086
0084 0082 0067 0078
0085 0096 0085 0090
0102 0110 0090 0081
0079 0083 0067 0066
0065 0074 0071 0086
0099 0108 0105 0116
0120 0134 0108 0110
0106 0122 0097 0092
0091 0100 0075 0081
0086 0093 0068 0065
0070 0067 0062 0072
0073 0081 0069 0091
0105 0118 0105 0112
0125 0127 0135 0127
0129 0138 0137 0137
0142 0146 0150 0145
0149 0155 0140 0136
0136 0129 0095 0082
0065 0085 0107 0116=
TB
0322 0316 0313 0304 0292 0287 0281 0274 0273 0273 0273 0284
0300 0313 0326 0327 0338 0335 0338 0342 0343 0333 0327 0316 0349 1551 0271 0429.
0315 0299 0284 0281 0273 0270 0265 0264 0259 0256 0261 0274
0291 0315 0335 0332 0343 0354 0358 0333 0334 0331 0324 0316 0362 1503 0256 0544.
0309 0296 0289 0282 0276 0273 0268 0265 0264 0258 0265 0279
0301 0318 0331 0343 0346 0362 0362 0360 0352 0345 0336 0326 0364 1455 0257 0602.
0320 0313 0309 0301 0289 0284 0279 0276 0272 0270 0276 0286
0305 0329 0333 0351 0361 0361 0364 0365 0360 0352 0344 0332 0371 1523 0270 0552.
0328 0324 0316 0304 0299 0291 0289 0284 0284 0279 0283 0296
0310 0329 0340 0355 0362 0369 0372 0369 0369 0356 0342 0328 0376 1451 0279 0552.
0318 0314 0310 0310 0307 0304 0293 0287 0283 0279 0280 0281
0287 0286 0289 0303 0311 0325 0335 0323 0326 0328 0290 0278 0342 1436 0277 0632.
0283 0281 0263 0254 0244 0248 0248 0248 0245 0245 0244 0247
0248 0246 0242 0247 0241 0244 0244 0244 0242 0244 0239 0237 0283 2039 0236 1934.
0237 0236 0234 0231 0229 0228 0227 0226 0224 0221 0223 0225
0230 0236 0247 0246 0252 0263 0255 0257 0255 0253 0252 0249 0267 1410 0221 0547.
0246 0241 0234 0228 0226 0227 0228 0226 0225 0226 0227 0231
0236 0242 0244 0245 0247 0247 0249 0249 0245 0240 0236 0231 0250 1442 0224 0447.
0229 0227 0225 0224 0223 0221 0216 0211 0208 0210 0213 0218
0221 0225 0236 0243 0250 0252 0253 0260 0261 0259 0256 0252 0265 1620 0207 0438.
0251 0249 0248 0244 0243 0243 0238 0227 0221 0222 0218 0216
0213 0219 0231 0238 0238 0235 0234 0235 0236 0235 0233 0229 0252 2001 0212 0831.
0228 0226 0222 0218 0217 0217 0210 0204 0198 0196 0193 0192
0190 0189 0192 0193 0191 0194 0193 0193 0195 0199 0201 0202 0229 2001 0188 0923.
0200 0202 0201 0201 0199 0201 0197 0196 0195 0194 0196 0203
0219 0224 0234 0255 0277 0285 0280 0280 0280 0276 0271 0262 0288 1416 0193 0601.
0249 0240 0235 0232 0229 0224 0219 0218 0213 0208 0217 0235
0260 0274 0299 0310 0314 0315 0315 0303 0303 0297 0290 0281 0320 1351 0207 0608.
0271 0263 0253 0244 0238 0235 0229 0225 0224 0223 0225 0237
0254 0270 0287 0301 0314 0319 0316 0321 0315 0303 0294 0286 0325 1513 0223 0558.
0280 0278 0272 0263 0257 0256 0252 0251 0246 0244 0243 0246
0258 0268 0284 0293 0304 0300 0298 0291 0287 0283 0278 0273 0307 1330 0242 0644.
0269 0266 0263 0260 0259 0254 0252 0251 0251 0250 0250 0250
0249 0256 0267 0280 0285 0287 0280 0259 0248 0242 0242 0242 0293 1248 0240 1833.
0241 0236 0235 0232 0231 0232 0231 0230 0231 0228 0227 0229
0231 0240 0249 0264 0270 0271 0272 0271 0277 0270 0264 0257 0281 1619 0226 0633.
0247 0241 0238 0231 0227 0223 0220 0216 0214 0212 0216 0231
0254 0273 0295 0297 0307 0317 0321 0310 0298 0264 0247 0235 0323 1525 0212 0511.
0236 0234 0229 0226 0224 0220 0218 0214 0210 0209 0213 0229
0249 0275 0292 0300 0311 0314 0325 0320 0315 0301 0291 0284 0325 1459 0209 0508.
0275 0260 0250 0243 0238 0233 0228 0224 0223 0220 0223 0234
0250 0267 0289 0300 0306 0312 0305 0307 0302 0297 0289 0282 0313 1330 0219 0637.
0277 0269 0262 0252 0250 0245 0244 0241 0239 0237 0239 0246
0259 0278 0291 0301 0308 0321 0322 0321 0321 0315 0307 0299 0327 1644 0236 0615.
0293 0286 0284 0280 0273 0266 0264 0263 0261 0262 0260 0263
0267 0268 0271 0274 0269 0257 0244 0229 0231 0223 0222 0222 0299 2001 0222 1900.
0221 0223 0225 0226 0226 0227 0225 0224 0224 0221 0222 0234
0259 0284 0302 0319 0327 0334 0338 0317 0308 0297 0287 0275 0344 1442 0221 2005.
0275 0273 0269 0264 0260 0257 0256 0253 0248 0247 0249 0256
0272 0294 0303 0313 0316 0316 0308 0297 0303 0297 0285 0279 0318 1304 0247 0516.
0277 0272 0267 0262 0257 0254 0253 0252 0248 0248 0250 0252
0255 0259 0263 0252 0255 0249 0250 0251 0254 0252 0250 0248 0279 2001 0247 1425.
0247 0245 0235 0231 0224 0224 0225 0221 0219 0211 0210 0213
0219 0217 0221 0225 0225 0224 0227 0223 0220 0220 0221 0220 0249 2021 0210 0621.
0220 0220 0220 0219 0219 0219 0218 0216 0213 0213 0214 0217
0218 0220 0224 0229 0226 0227 0228 0231 0230 0230 0228 0227 0234 1610 0211 0508.
0226 0225 0224 0223 0222 0222 0220 0217 0216 0217 0218 0224
0232 0236 0253 0268 0266 0267 0267 0265 0259 0259 0255 0253 0278 1235 0216 0423.
0251 0243 0243 0239 0238 0237 0235 0234 0233 0231 0231 0238
0245 0248 0253 0263 0276 0280 0277 0272 0275 0275 0269 0267 0285 1341 0230 0617.
0267 0265 0261 0259 0254 0254 0254 0252 0250 0252 0250 0248
0251 0251 0231 0225 0229 0231 0231 0235 0236 0234 0233 0230 0268 2038 0225 1154=
IB
=
0232 0229 0223 0223 0234 0234 0241 0236 0238 0231 0231 0233
0239 0226 0227 0219 0226 0216 0209 0209 0199 0205 0209 0212.
0211 0226 0214 0221 0227 0228 0219 0220 0228 0227 0218 0221
0216 0222 0210 0207 0199 0193 0201 0211 0225 0225 0216 0220.
0217 0226 0226 0222 0225 0229 0226 0232 0225 0231 0230 0231
0225 0225 0222 0220 0206 0209 0209 0211 0225 0232 0236 0233.
0233 0231 0233 0240 0240 0240 0233 0238 0243 0243 0240 0244
0246 0252 0239 0238 0237 0233 0222 0223 0243 0245 0237 0247.
0246 0247 0250 0250 0250 0244 0247 0252 0252 0245 0253 0251
0254 0257 0248 0244 0244 0226 0236 0234 0234 0252 0259 0259.
0252 0248 0254 0251 0251 0250 0248 0249 0253 0245 0250 0249
0251 0254 0255 0251 0250 0258 0255 0256 0257 0261 0225 0244.
0247 0239 0249 0245 0232 0241 0236 0241 0236 0236 0234 0231
0223 0227 0215 0214 0218 0225 0217 0213 0215 0209 0200 0202.
0200 0199 0193 0199 0199 0192 0193 0192 0194 0191 0189 0187
0185 0197 0202 0199 0193 0189 0199 0194 0196 0194 0196 0191.
0190 0192 0196 0200 0201 0208 0207 0209 0206 0203 0202 0206
0207 0209 0203 0208 0210 0204 0202 0184 0184 0180 0185 0178.
0182 0176 0178 0186 0187 0187 0184 0194 0193 0191 0190 0197
0198 0197 0197 0192 0194 0193 0206 0206 0200 0200 0206 0202.
0206 0214 0219 0219 0220 0206 0213 0210 0189 0186 0188 0193
0196 0195 0191 0180 0178 0186 0183 0190 0189 0190 0182 0193.
0198 0198 0197 0197 0191 0189 0188 0185 0188 0186 0176 0177
0175 0176 0175 0183 0183 0182 0178 0180 0187 0187 0181 0185.
0185 0187 0184 0179 0182 0184 0175 0181 0183 0172 0170 0181
0193 0171 0178 0184 0167 0177 0172 0172 0175 0169 0173 0178.
0193 0189 0186 0189 0191 0199 0198 0195 0192 0193 0189 0186
0199 0195 0199 0184 0177 0174 0188 0190 0193 0182 0190 0193.
0189 0197 0203 0203 0197 0206 0204 0202 0201 0197 0204 0202
0202 0213 0204 0206 0213 0195 0199 0197 0195 0203 0211 0214.
0220 0218 0222 0219 0222 0223 0223 0218 0217 0221 0229 0223
0225 0226 0224 0218 0212 0191 0215 0213 0222 0225 0225 0235.
0227 0233 0228 0235 0238 0231 0231 0228 0233 0229 0229 0227
0216 0219 0228 0222 0215 0220 0220 0202 0190 0193 0193 0186.
0198 0201 0204 0203 0204 0202 0193 0198 0191 0203 0206 0201
0199 0195 0202 0198 0199 0212 0213 0212 0208 0206 0207 0205.
0212 0212 0215 0214 0206 0208 0201 0197 0202 0202 0206 0208
0204 0199 0195 0175 0184 0176 0172 0180 0195 0223 0224 0208.
0215 0215 0210 0200 0199 0206 0199 0193 0193 0196 0196 0191
0193 0190 0180 0175 0188 0173 0179 0171 0185 0179 0185 0193.
0198 0203 0205 0202 0203 0203 0205 0201 0198 0197 0200 0203
0207 0198 0201 0206 0199 0205 0201 0209 0207 0206 0222 0222.
0222 0225 0223 0219 0225 0216 0221 0222 0222 0220 0216 0219
0211 0221 0223 0225 0219 0216 0188 0204 0200 0208 0223 0226.
0228 0226 0222 0222 0229 0229 0229 0230 0224 0221 0223 0226
0219 0222 0227 0224 0234 0234 0230 0208 0223 0213 0210 0212.
0202 0206 0215 0209 0216 0217 0215 0209 0210 0207 0215 0226
0216 0207 0202 0195 0192 0195 0187 0203 0207 0232 0236 0241.
0235 0240 0238 0235 0235 0232 0233 0234 0232 0229 0224 0227
0224 0221 0214 0212 0209 0223 0232 0211 0208 0200 0208 0214.
0220 0219 0217 0221 0220 0217 0216 0225 0225 0225 0221 0223
0222 0239 0222 0213 0210 0210 0205 0201 0213 0209 0211 0211.
0200 0196 0208 0202 0210 0212 0213 0209 0205 0197 0202 0205
0205 0203 0204 0210 0210 0203 0212 0202 0210 0212 0211 0210.
0210 0205 0206 0205 0205 0211 0210 0209 0201 0206 0207 0210
0211 0212 0209 0208 0203 0197 0209 0206 0205 0205 0205 0204.
0201 0204 0199 0200 0207 0208 0203 0207 0201 0209 0204 0214
0213 0215 0218 0209 0202 0205 0215 0208 0216 0216 0214 0210.
0210 0218 0216 0222 0222 0221 0223 0218 0223 0223 0217 0228
0228 0223 0224 0224 0230 0229 0231 0226 0235 0235 0234 0228.
0236 0232 0240 0239 0238 0240 0235 0238 0232 0240 0240 0225
0206 0197 0201 0202 0210 0212 0217 0219 0220 0211 0208 0209=
EA
284 279 270 269 288 287 300 292 294 283 283 286
297 274 275 262 274 259 247 247 233 240 247 251.
250 274 255 266 276 278 263 265 277 276 260 266
258 268 248 244 233 224 235 251 273 273 258 265.
259 274 275 268 273 279 275 284 272 282 280 282
273 273 268 265 242 246 246 250 273 284 291 285.
285 283 286 299 299 298 286 295 303 303 299 305
310 320 297 294 293 287 267 269 303 307 294 310.
308 311 316 317 316 306 311 321 321 308 323 319
323 330 314 306 306 275 292 287 287 320 334 333.
320 313 323 319 318 317 314 315 323 308 317 316
319 325 327 319 316 333 326 329 330 338 272 306.
312 297 315 308 284 300 291 300 292 292 287 283
269 275 257 255 261 272 260 254 257 247 234 237.
234 233 224 232 232 222 223 222 225 221 218 215
213 230 236 232 224 219 232 224 228 226 228 220.
220 222 227 233 236 245 244 247 242 238 237 243
245 248 238 246 249 240 236 211 212 206 213 203.
209 201 204 214 215 215 211 225 223 221 220 230
231 229 230 222 225 224 242 242 233 234 243 237.
242 255 263 263 264 243 253 248 218 214 217 224
228 226 220 206 203 214 210 220 218 220 209 223.
230 230 230 230 221 218 216 213 217 214 201 202
200 201 200 210 210 209 204 206 215 216 207 213.
213 215 212 205 209 212 200 207 211 196 194 207
223 195 204 212 189 202 197 197 200 192 197 204.
224 218 214 219 221 233 231 227 223 223 218 214
232 226 232 211 202 199 217 220 224 209 220 224.
219 229 239 238 230 243 240 237 236 229 240 237
237 253 240 243 253 227 232 230 226 237 250 254.
265 261 267 263 267 269 269 261 260 266 279 269
272 275 271 261 252 221 256 254 268 273 273 290.
276 286 277 289 294 282 282 277 287 279 279 276
258 263 277 268 257 264 265 237 219 223 223 214.
231 236 240 239 240 236 223 230 220 239 243 234
232 227 236 231 232 251 252 251 245 242 244 241.
252 252 256 254 243 245 235 230 237 237 242 246
240 232 227 200 212 201 196 207 226 268 271 246.
256 256 248 233 233 243 232 224 224 227 228 221
224 220 207 199 217 198 205 195 213 205 214 224.
231 239 241 237 239 237 241 236 231 230 234 239
244 231 235 242 233 241 236 247 245 242 267 268.
267 273 269 263 272 258 266 267 267 264 258 263
251 265 270 273 262 258 216 239 234 245 269 274.
277 274 267 268 279 279 279 280 270 265 269 274
263 268 276 270 287 287 281 246 268 253 249 251.
237 242 256 247 258 259 256 246 249 245 257 273
257 244 236 227 223 226 216 238 244 284 291 301.
290 297 294 289 289 284 286 287 285 280 271 276
270 266 255 251 246 270 284 250 246 234 245 255.
264 263 259 265 264 259 258 272 272 272 266 269
268 297 267 253 248 249 241 236 253 247 250 250.
233 227 246 237 249 252 253 247 242 230 236 241
242 239 239 248 248 238 251 237 248 251 250 248.
248 240 243 242 242 250 248 248 235 243 245 249
251 251 246 246 238 229 247 243 242 242 241 240.
236 240 233 234 243 246 238 244 235 247 240 255
253 256 261 247 237 242 256 246 257 257 254 248.
248 261 258 267 268 267 269 262 269 268 260 277
277 269 271 270 281 280 282 274 290 290 287 277.
291 284 297 297 295 298 289 295 285 298 298 272
242 229 235 237 248 251 260 263 265 250 246 247=
UB
59 60 59 62 71 73 79 80 81 78 78 74
70 60 56 53 52 50 47 46 43 47 50 54 41 1629.
54 65 66 70 76 78 76 77 83 84 77 73
64 58 48 48 43 39 40 49 53 54 53 57 38 1528.
58 66 69 70 74 77 78 82 79 85 81 75
64 58 53 49 44 41 41 42 48 52 56 58 40 1457.
60 62 64 70 75 77 76 80 84 85 81 78
71 64 58 52 49 48 44 44 51 54 54 61 42 1536.
62 64 68 73 75 76 78 83 83 82 84 77
72 66 59 53 51 44 46 46 46 55 62 67 42 1422.
68 68 72 71 72 73 77 80 84 82 84 83
81 83 82 74 70 68 63 68 67 68 68 82 60 1441.
81 78 92 95 93 96 93 96 95 95 94 91
86 89 85 82 87 89 85 83 85 81 79 81 74 2158.
80 80 78 82 83 80 81 81 83 83 81 79
76 79 76 75 70 64 71 68 70 70 71 70 62 1406.
71 74 79 84 86 89 88 90 89 87 86 86
84 82 78 80 80 77 75 67 69 69 73 72 66 1551.
75 73 75 79 80 81 82 90 91 89 87 88
87 84 79 73 71 70 75 72 69 70 74 74 65 1633.
76 81 84 86 87 80 86 90 82 80 83 87
90 86 78 70 69 74 73 76 75 76 73 80 64 1306.
83 84 86 88 85 84 87 89 94 94 90 91
91 92 90 94 95 93 91 92 95 93 88 90 78 2003.
91 91 90 87 90 90 87 91 93 87 85 87
85 72 71 65 51 52 52 52 53 52 55 60 48 1612.
71 73 74 77 79 86 88 87 88 91 84 74
69 62 55 47 44 43 47 51 52 50 55 59 42 1352.
61 67 74 78 78 84 86 87 87 85 88 81
73 71 61 57 55 48 50 48 49 55 61 65 42 1517.
70 70 74 77 81 82 84 82 84 87 92 87
82 78 70 64 58 52 61 63 68 71 73 80 52 1325.
78 82 81 86 88 87 88 87 90 88 88 87
82 80 79 71 66 67 70 71 70 74 74 71 58 1430.
77 81 83 84 85 83 79 82 78 86 88 84
82 76 75 67 65 70 70 70 66 68 71 73 64 1254.
81 84 87 90 88 91 89 89 93 94 94 87
74 64 55 48 48 43 41 46 54 78 87 85 39 1456.
88 89 89 85 86 92 89 88 90 92 90 79
71 60 51 47 48 43 42 41 46 48 53 58 37 1344.
63 71 76 78 81 83 87 87 86 87 87 83
77 66 59 57 53 53 54 56 57 58 67 70 48 1332.
72 77 79 82 86 84 87 89 90 90 87 85
75 71 67 64 59 54 45 50 49 53 61 65 43 1451.
68 70 69 71 77 80 81 82 80 78 80 80
75 76 77 74 81 87 92 88 95 94 93 94 63 2004.
89 90 94 90 94 94 94 91 92 92 96 95
77 63 55 48 45 44 41 51 55 68 74 82 37 1515.
79 82 83 84 86 86 87 89 91 90 86 84
75 65 59 55 53 58 64 60 57 56 63 68 51 1251.
71 73 74 78 80 80 80 85 87 87 84 84
82 89 78 79 76 79 76 74 78 77 79 80 66 2004.
75 74 85 84 92 93 93 93 92 92 95 95
92 92 90 91 91 88 91 88 94 95 94 94 73 2029.
94 91 92 92 92 95 95 96 93 96 96 96
96 95 91 88 87 83 89 86 86 86 87 87 82 1354.
86 88 86 87 91 92 90 94 91 95 92 94
89 88 81 70 68 69 73 71 77 77 78 77 61 1238.
78 86 85 90 91 91 93 91 94 95 92 94
90 86 84 79 76 74 76 76 79 79 81 79 69 1334.
83 82 88 89 91 92 89 92 90 93 94 87
76 72 83 87 89 89 92 91 91 87 86 88 69 0955=
N=
H=
C=
V=
R6
0000 0000 0000
0000 0000 0000
0000 0000 0000
0000 0000 0000
0000 0000 0000
0000 0000 0000
1624 0002 1626
0000 0000 0000
0000 0000 0000
0000 0000 0000
0009 0001 0010
0128 0213 0341
0005 0000 0005
0000 0000 0000
0000 0000 0000
0001 0000 0001
0000 0000 0000
0000 0000 0000
0000 0029 0029
0000 0000 0000
0000 0000 0000
0000 0000 0000
0000 0238 0238
0000 0000 0000
0000 0000 0000
0000 0000 0000
0103 0028 0131
0012 0001 0013
0000 0000 0000
0001 0000 0001
0000 0032 0032=
0000 0000 0000 0000 0000 0000 0000 0000 0000 0000 0000 0000
0000 0000 0000 0000 0000 0000 0000 0000 0000 0000 0000 0000.
0000 0000 0000 0000 0000 0000 0000 0000 0000 0000 0000 0000
0000 0000 0000 0000 0000 0000 0000 0000 0000 0000 0000 0000.
0000 0000 0000 0000 0000 0000 0000 0000 0000 0000 0000 0000
0000 0000 0000 0000 0000 0000 0000 0000 0000 0000 0000 0000.
0000 0000 0000 0000 0000 0000 0000 0000 0000 0000 0000 0000
0000 0000 0000 0000 0000 0000 0000 0000 0000 0000 0000 0000.
0000 0000 0000 0000 0000 0000 0000 0000 0000 0000 0000 0000
0000 0000 0000 0000 0000 0000 0000 0000 0000 0000 0000 0000.
0000 0000 0000 0000 0000 0000 0000 0000 0000 0000 0000 0000
0000 0000 0000 0000 0000 0000 0000 0000 0000 0000 0000 0000.
0000 0000 0193 0419 0680 0200 0088 0037 0007 0000 0000 0000
0000 0000 0002 0000 0000 0000 0000 0000 0000 0000 0000 0000.
0000 0000 0000 0000 0000 0000 0000 0000 0000 0000 0000 0000
0000 0000 0000 0000 0000 0000 0000 0000 0000 0000 0000 0000.
0000 0000 0000 0000 0000 0000 0000 0000 0000 0000 0000 0000
0000 0000 0000 0000 0000 0000 0000 0000 0000 0000 0000 0000.
0000 0000 0000 0000 0000 0000 0000 0000 0000 0000 0000 0000
0000 0000 0000 0000 0000 0000 0000 0000 0000 0000 0000 0000.
0000 0000 0000 0000 0000 0000 0000 0007 0001 0000 0000 0001
0001 0000 0000 0000 0000 0000 0000 0000 0000 0000 0000 0000.
0000 0000 0000 0000 0000 0000 0013 0009 0021 0014 0022 0049
0029 0055 0011 0028 0041 0006 0021 0012 0010 0000 0000 0000.
0000 0000 0000 0000 0000 0000 0001 0002 0000 0000 0000 0002
0000 0000 0000 0000 0000 0000 0000 0000 0000 0000 0000 0000.
0000 0000 0000 0000 0000 0000 0000 0000 0000 0000 0000 0000
0000 0000 0000 0000 0000 0000 0000 0000 0000 0000 0000 0000.
0000 0000 0000 0000 0000 0000 0000 0000 0000 0000 0000 0000
0000 0000 0000 0000 0000 0000 0000 0000 0000 0000 0000 0000.
0000 0000 0000 0000 0000 0000 0000 0000 0000 0000 0001 0000
0000 0000 0000 0000 0000 0000 0000 0000 0000 0000 0000 0000.
0000 0000 0000 0000 0000 0000 0000 0000 0000 0000 0000 0000
0000 0000 0000 0000 0000 0000 0000 0000 0000 0000 0000 0000.
0000 0000 0000 0000 0000 0000 0000 0000 0000 0000 0000 0000
0000 0000 0000 0000 0000 0000 0000 0000 0000 0000 0000 0000.
0000 0000 0000 0000 0000 0000 0000 0000 0000 0000 0000 0000
0000 0000 0000 0000 0000 0000 0000 0000 0000 0028 0001 0000.
0000 0000 0000 0000 0000 0000 0000 0000 0000 0000 0000 0000
0000 0000 0000 0000 0000 0000 0000 0000 0000 0000 0000 0000.
0000 0000 0000 0000 0000 0000 0000 0000 0000 0000 0000 0000
0000 0000 0000 0000 0000 0000 0000 0000 0000 0000 0000 0000.
0000 0000 0000 0000 0000 0000 0000 0000 0000 0000 0000 0000
0000 0000 0000 0000 0000 0000 0000 0000 0000 0000 0000 0000.
0000 0000 0000 0000 0000 0000 0000 0000 0000 0000 0000 0000
0000 0000 0000 0000 0001 0025 0023 0026 0131 0023 0008 0001.
0000 0000 0000 0000 0000 0000 0000 0000 0000 0000 0000 0000
0000 0000 0000 0000 0000 0000 0000 0000 0000 0000 0000 0000.
0000 0000 0000 0000 0000 0000 0000 0000 0000 0000 0000 0000
0000 0000 0000 0000 0000 0000 0000 0000 0000 0000 0000 0000.
0000 0000 0000 0000 0000 0000 0000 0000 0000 0000 0000 0000
0000 0000 0000 0000 0000 0000 0000 0000 0000 0000 0000 0000.
0000 0000 0000 0000 0016 0000 0001 0021 0012 0018 0016 0019
0012 0001 0000 0004 0004 0001 0003 0000 0000 0003 0000 0000.
0000 0000 0001 0002 0000 0000 0000 0003 0005 0001 0000 0000
0000 0001 0000 0000 0000 0000 0000 0000 0000 0000 0000 0000.
0000 0000 0000 0000 0000 0000 0000 0000 0000 0000 0000 0000
0000 0000 0000 0000 0000 0000 0000 0000 0000 0000 0000 0000.
0000 0000 0000 0000 0000 0000 0000 0001 0000 0000 0000 0000
0000 0000 0000 0000 0000 0000 0000 0000 0000 0000 0000 0000.
0000 0000 0000 0000 0000 0000 0000 0000 0000 0000 0000 0000
0000 0000 0000 0011 0005 0006 0008 0000 0000 0000 0000 0002=
0000 ////////// 00000=
W=
LA
=
004 003 000 002 002 000 003 000 002 000 002 000
001 001 002 002 002 005 002 004 003 005 002 002 049.
000 003 002 002 000 002 001 001 001 001 001 000
001 001 002 004 003 005 005 004 001 004 004 002 050.
002 002 002 001 002 000 002 001 002 000 001 000
001 003 003 004 003 002 003 005 004 004 003 004 054.
002 001 002 003 000 002 001 001 001 002 000 001
000 002 003 001 003 001 005 005 005 003 004 003 051.
001 002 001 003 001 001 001 002 001 000 001 000
001 000 002 003 003 001 005 004 006 003 005 003 050.
002 003 001 001 002 001 002 002 001 002 001 001
001 001 000 001 000 000 003 001 003 000 005 000 034.
001 003 019 030 030 030 030 030 012 002 001 002
002 001 002 001 001 000 000 001 001 001 001 001 202.
003 001 001 001 001 001 002 002 001 001 001 002
001 000 001 001 000 001 001 001 001 001 001 002 028.
001 001 002 000 001 001 001 000 000 000 001 001
000 000 001 000 000 001 000 001 002 001 002 001 018.
001 001 002 000 001 001 001 000 001 000 001 001
000 001 001 000 000 001 001 000 002 000 000 000 016.
001 000 001 001 000 000 000 001 002 002 000 002
000 001 001 001 001 001 001 000 001 001 000 001 019.
001 000 000 000 000 001 004 001 003 002 002 006
030 030 021 024 030 012 016 014 012 006 001 001 217.
000 001 000 001 000 000 001 001 001 000 000 001
000 001 000 001 001 002 001 003 002 001 002 001 021.
001 001 001 000 001 001 000 001 000 002 000 001
000 002 000 003 003 004 004 004 004 003 002 002 040.
001 002 000 001 001 001 001 001 001 001 000 001
000 000 002 002 002 003 003 004 003 003 002 003 038.
002 000 001 001 001 001 001 000 000 001 000 001
000 001 000 001 000 003 001 003 001 002 000 002 023.
001 001 001 001 001 000 001 000 000 001 000 001
001 001 001 000 002 002 001 002 001 001 001 002 023.
001 001 001 001 000 001 002 000 001 000 000 000
001 001 001 001 001 002 000 002 001 002 002 001 023.
000 001 001 000 000 001 001 001 000 001 001 001
000 001 002 002 002 003 002 005 004 010 000 002 041.
001 001 002 001 001 001 001 000 002 000 001 001
001 000 001 002 001 002 003 002 002 005 004 002 037.
000 001 001 001 002 001 001 001 001 001 000 001
001 001 002 001 002 003 002 006 001 004 002 001 037.
001 001 001 001 001 001 000 002 000 001 000 000
002 000 002 000 002 003 002 003 003 003 002 002 033.
001 000 001 002 000 001 001 001 000 000 001 001
001 000 001 001 000 006 001 000 010 001 002 001 033.
000 001 001 000 001 000 001 000 001 000 001 000
001 000 001 000 001 002 002 002 003 002 003 000 023.
001 001 001 001 000 001 001 001 000 001 001 000
001 000 002 000 002 002 003 003 003 002 002 002 031.
001 001 001 002 000 001 000 002 000 000 001 000
000 000 001 003 001 001 001 001 001 000 001 000 019.
002 001 001 000 004 000 001 007 000 000 006 000
001 000 000 003 000 000 002 000 000 003 000 000 031.
000 001 000 000 000 000 000 000 000 000 000 000
000 000 001 000 000 000 000 000 000 000 000 001 003.
000 001 001 000 000 001 000 000 000 001 000 000
001 000 001 000 002 001 001 002 000 001 001 001 015.
000 001 001 000 000 001 000 000 001 000 000 000
000 001 000 000 001 001 000 001 001 001 000 000 010.
001 000 000 001 000 000 000 000 001 000 001 000
001 001 000 000 001 001 003 000 000 000 001 000 012=
Z=
G=
FN
128022 169014 167007 267005 353009 323008
337010 005009 324007 337011 240008 243009
313014 176021 145016 172025 181019 172035
128015 152021 159017 166031 177019 215014.
197009 331012 002008 326010 263004 353013
020009 034008 283009 310009 266015 355004
006010 095007 298009 222021 210026 290020
226021 104029 105028 149016 190014 061011.
345004 012013 004011 356012 349004 350008
003013 326007 245006 229011 330005 351006
066007 189012 205016 209027 113018 146028
131020 190026 192034 175032 139026 128024.
163023 318003 086006 338012 317015 317010
335012 PPC002 PPC000 321009 358008 314014
291010 171012 128021 129014 136023 187022
186029 181031 138027 114017 136027 162026.
146015 088012 026007 342011 339010 351008
323010 256005 328010 082006 347010 053016
319013 188011 004014 116022 158021 216022
166028 187028 140022 156029 131028 134033.
121025 119017 106007 111016 094009 095018
258019 275013 273010 251011 271017 280012
274017 320015 206012 337007 120015 348013
005009 224013 257015 264010 105018 180013.
331012 257021 265029 190027 177033 133018
119023 099008 PPC002 123011 189010 154023
144026 158032 130025 135024 124013 013008
208005 259008 188015 175009 171019 141012.
137016 127017 137012 129020 150016 145019
148020 155025 153016 159019 154017 191018
154014 202009 091015 139014 148012 246004
170019 140015 145014 120013 122015 118014.
130019 215006 256018 275015 277015 269016
268007 317006 PPC000 328007 255006 PPC000
PPC000 221004 152008 250005 156012 142008
183012 119021 160020 115016 119010 158018.
192013 151009 131010 097010 128017 139020
129013 078014 107008 139011 106004 209007
333009 185008 358010 297010 221011 230012
209009 217014 159009 207005 263006 254008.
203007 177006 273005 325007 011008 111011
012010 013008 018014 035006 317010 276019
288015 263014 288012 317005 008014 295011
281019 266011 292009 300011 290012 287012.
266016 213008 218007 337007 299007 327008
294006 285017 271024 282021 268021 281016
291019 278016 279025 270023 279022 265022
279024 281027 276015 320007 276014 233009.
289009 283010 282019 274014 302007 266014
283012 276009 266007 339013 286004 282005
192013 277011 258011 191016 112015 245015
192019 124016 166023 141015 109009 086005.
335010 341008 333010 PPC000 291004 323008
002006 275008 282005 352004 016010 355012
256010 352011 072009 131016 101023 139017
154031 135028 131023 132025 160019 136009.
080008 246013 294006 267011 258006 338012
286011 PPC000 PPC000 PPC000 226004 247011
281011 206011 228014 150018 198012 186022
166023 149025 136016 162021 143014 155020.
157008 128007 246006 311010 303007 PPC001
326010 226006 317008 263003 227006 342009
PPC002 355011 075009 174012 152017 125016
084017 131028 120019 129019 105015 144015.
127020 137015 128014 041003 066012 302005
317004 207005 039007 328004 PPC000 073023
094022 176017 096010 191015 170024 145014
167026 266022 249018 232012 279011 074005.
276005 268004 224010 306007 273009 205014
263007 237007 271005 316011 210010 282004
262013 248012 210018 203013 192017 151020
177018 187019 127026 129025 161013 155015.
PPC001 051008 357008 348008 248008 248010
266007 244003 316006 293008 314005 274009
296008 195015 222010 136007 197020 179025
191024 154027 152033 031013 343017 346016.
359009 029010 353007 336011 341011 340012
020006 356006 335006 258009 294006 354009
331003 266012 212009 200022 145024 164022
179019 202016 123021 155029 133017 147017.
168008 337009 023011 065006 335010 344006
289009 317009 312013 PPC000 334008 323008
270004 226011 143015 144018 127026 154032
164024 189016 139027 113018 138013 121017.
124014 059010 098003 329011 334008 245007
234005 324006 352008 347010 337008 334011
356008 208017 244014 149010 159024 167027
193017 187023 183023 184019 123018 124015.
118016 086013 073013 359010 022004 338012
PPC002 PPC002 025006 074010 023006 176011
182013 156010 162012 208006 306005 008008
055012 030014 061011 000005 165009 337004.
091006 197006 PPC000 107004 PPC000 221007
PPC000 343004 210009 257004 301007 246008
281014 282015 316018 239017 211024 220016
332016 146030 137020 123019 118025 092013.
097010 087011 338014 257009 PPC002 261007
272008 PPC000 329009 335009 333004 344007
212014 223008 282014 095012 097025 182036
155040 150027 172021 131024 090021 124013.
088014 353004 333007 310009 321008 261006
333006 275005 323010 023007 300008 001005
100010 112017 094041 138040 099019 154016
131011 176008 PPC000 028004 183012 159011.
144018 110008 176012 257014 293006 335007
215009 289011 360008 052011 060007 107003
183006 155014 005006 312006 187010 189011
178007 157008 320011 049003 244008 237010.
270009 295008 227008 261009 312003 341004
254007 PPC000 157005 169010 142010 069006
212007 160007 161013 160013 139021 143011
194008 237009 156008 177007 175011 127018.
111016 159013 PPC000 312005 277007 276008
PPC002 270013 352004 351006 PPC001 280008
190005 191004 190011 177015 179017 176018
120012 143014 143015 134007 160011 155009.
121023 210012 327006 329007 352005 PPC000
220004 PPC002 257005 327006 195007 PPC001
277007 062013 051010 120018 146014 155013
116015 159009 019008 330009 277008 256008.
286009 PPC000 272006 258006 346007 335008
223007 076004 157007 162008 158022 122013
106015 061016 029012 360009 282003 356005
PPC002 165007 147013 101010 132010 154007=
128022 145019 128010 224004 007011 280009
357011 011009 357010 323008 245008 241010
278012 180016 175015 156022 173028 174035
116019 166021 121022 174025 164018 213014.
179012 302009 350010 004007 291007 333011
011007 026008 310011 283009 292011 327007
344008 145009 109013 239019 223024 287017
174020 095040 103035 129018 190017 062012.
003004 003010 001010 001009 353008 011008
005011 324007 225007 224009 355004 331009
011009 230010 168019 185025 101024 154024
165021 186023 187031 175024 130026 137028.
150025 049012 068011 036010 329013 320007
354009 315008 267004 307006 345008 320013
299008 162012 131012 338012 175023 197026
161027 175028 153025 132022 131026 155021.
153019 114011 020005 339012 329011 352010
322010 228006 322009 017007 336009 023011
346013 178008 029014 174018 150023 198024
176026 188027 150027 156027 128035 124027.
109027 132018 062007 108017 085012 108017
274015 271014 241010 250011 260014 269011
271011 297012 236008 335010 090015 051016
332011 227014 274013 233011 092032 188011.
332009 243015 237024 184034 165037 140017
121021 090013 097008 111010 187014 153019
139022 142027 134024 137023 151021 001008
124010 252009 200015 167009 175022 166011.
151018 127015 140013 136015 139018 138018
150018 137019 146020 159020 143016 173016
148012 209012 129010 172016 111012 231006
170019 149017 142016 125014 106014 105017.
143017 139011 256017 276011 277012 271012
284006 298007 025003 291006 261006 PPC000
PPC000 163006 162008 209004 184008 185007
156012 106018 171013 101022 108011 153018.
180018 131011 128012 123011 134016 150019
134017 081013 124011 129009 102004 245009
303007 244009 354007 287013 221010 254013
214008 160007 216008 172006 251005 309005.
206006 196005 257005 303006 010007 103009
016009 002011 022019 020006 334006 280014
288015 263013 291009 341009 359012 304012
282020 271014 287010 295011 280009 272009.
267015 227009 256008 347006 324008 323007
282010 282016 278018 285018 283020 277020
290017 271021 276023 274019 269023 269018
273025 280024 282016 289013 277014 233008.
289009 276010 279017 265013 299009 269013
280013 286007 260010 322011 301006 301008
211012 287011 240011 219012 165014 217014
182018 155018 171022 152017 115009 100008.
341011 003008 325006 PPC000 278003 307008
331006 301007 274005 PPC001 358013 350013
293007 333012 307010 174014 154023 141022
152025 156032 161023 136026 154019 105005.
075010 235010 340007 252010 292003 327011
280010 PPC002 PPC000 PPC000 210005 293006
272009 200009 238012 147016 119013 168020
170020 151023 133016 155020 153016 155023.
164013 124008 177007 327009 327007 PPC002
328009 212006 323008 253007 309008 349010
063007 339008 063009 131011 192009 122012
096021 129023 135020 130019 112014 128016.
124020 128018 139014 099005 065011 261006
323006 224005 334004 262003 PPC002 094012
107018 152017 137016 178014 138021 161017
174020 267021 245019 249015 268010 058005.
232008 283004 226009 305007 253008 251011
276007 242007 264007 311010 227006 278008
267010 275011 207012 197012 198016 158017
178019 166020 142023 135024 155013 150014.
197004 069009 343007 330006 257007 260008
279006 268003 261008 299007 320006 285007
293009 213011 236010 049010 177021 173018
206018 140026 160026 036011 354014 353011.
009007 011010 011008 343014 342009 342011
015006 356007 009004 262007 317010 346009
302006 239008 236008 189022 166020 185020
176011 178015 129021 162029 135023 137014.
156005 355008 024007 003004 347007 349006
288007 305008 291007 314003 338008 309007
262004 259011 176013 103018 165023 142028
168029 169028 141026 105019 115015 115015.
119013 072010 096003 328012 323007 273003
266006 311006 013005 342009 351008 349007
355009 279011 254011 153018 175019 165022
176018 178019 163017 185016 124018 120017.
107018 075013 067011 008010 028008 344010
310005 029005 029006 075010 010006 216006
210009 146011 178010 199006 249006 001010
052017 030017 034012 042008 175008 335004.
082010 121003 PPC000 122007 PPC002 187003
PPC000 315003 255006 298006 306005 301010
272012 266014 291020 256019 219018 209019
269015 131028 129022 129021 100021 076011.
087012 085012 193008 253007 322005 254008
226009 PPC002 348011 351007 337003 340011
211011 282009 269015 078014 116016 180033
158034 153035 163019 131017 113016 129015.
126013 040003 342008 273007 285004 275004
007005 285006 327010 025006 274007 000006
107011 119018 100036 117034 117021 141020
156008 126009 PPC002 022004 186005 152010.
146020 106010 178013 251009 273008 320006
220007 301006 007007 038008 039007 071005
212004 155012 046007 326008 179010 181010
174008 156010 320011 001006 241006 250008.
255007 292007 229007 249008 PPC002 PPC001
257006 337003 126007 159012 182010 156008
214006 162009 159014 141013 120014 134014
189008 194011 150009 152008 173012 137016.
112014 148013 PPC000 314003 242004 274006
238006 272007 358004 316004 266004 270008
180005 201006 213009 193013 175017 160017
149014 148013 150014 144010 156013 166006.
151017 197008 346004 341006 347005 PPC001
212006 PPC002 248003 303007 228006 PPC001
271007 039009 076012 100019 139014 149014
122013 158010 035006 342006 279009 264009.
286012 PPC000 279008 257009 327009 323007
258006 160003 193006 159008 156022 132018
105015 065018 046012 353010 330004 325005
019007 117009 154012 104011 150014 131007=
035173 1338 054170 1334
044100 1557 057094 1552
033142 1253 048145 1245
032119 1720 045193 1245
040122 1949 058167 1804
037107 1836 059088 1842
038164 0054 054181 0049
024159 0552 032147 0544
022105 1755 033071 1754
021168 2030 031164 2030
024029 0450 037048 0414
029271 1211 042210 1210
023174 1643 036156 1635
035163 1512 053159 1509
031186 1531 042190 1531
024118 1511 036111 1531
026153 1304 040215 1518
027144 1753 035162 1637
036165 1618 051147 1611
030137 1726 043130 1757
037179 1432 050190 1425
027161 1331 036176 1325
021046 1505 039071 1515
033137 1644 048150 1640
036158 1501 050150 1500
038108 1103 055113 1114
023127 2116 030108 2113
018138 1246 025122 1951
026179 1422 034176 1445
020158 2109 033150 2102
025148 0714 034139 0714=
DB
0309 0308 0304 0289 0281 0275 0270 0264 0268 0274 0291 0354
0413 0454 0481 0480 0506 0483 0459 0446 0415 0364 0330 0308 0530 1246 0261 0434.
0292 0282 0273 0274 0265 0260 0254 0252 0249 0247 0274 0337
0402 0470 0535 0505 0556 0567 0538 0425 0435 0390 0339 0312 0571 1357 0246 0538.
0301 0292 0284 0277 0271 0267 0263 0258 0254 0253 0285 0358
0426 0488 0533 0560 0559 0572 0550 0510 0449 0404 0349 0324 0582 1324 0251 0547.
0314 0304 0297 0292 0284 0278 0274 0269 0264 0263 0295 0359
0432 0495 0488 0570 0575 0575 0538 0515 0461 0401 0352 0331 0581 1310 0262 0532.
0322 0313 0307 0298 0295 0287 0282 0278 0277 0276 0301 0355
0429 0491 0499 0556 0573 0564 0542 0495 0456 0400 0355 0331 0579 1256 0274 0523.
0320 0313 0310 0306 0305 0299 0299 0296 0291 0284 0301 0315
0320 0314 0314 0381 0421 0466 0449 0403 0402 0405 0327 0280 0524 1431 0275 1928.
0296 0290 0262 0255 0246 0248 0247 0247 0247 0249 0252 0257
0259 0255 0262 0263 0258 0265 0265 0262 0258 0255 0246 0242 0296 2046 0241 1931.
0237 0235 0235 0233 0231 0228 0227 0225 0225 0223 0226 0233
0249 0266 0286 0283 0295 0309 0287 0281 0266 0257 0248 0243 0315 1420 0223 0531.
0239 0238 0235 0233 0233 0231 0233 0232 0233 0233 0234 0240
0249 0261 0263 0261 0263 0259 0260 0252 0248 0239 0234 0228 0268 1013 0228 1955.
0225 0224 0223 0223 0222 0220 0219 0218 0218 0219 0221 0228
0233 0243 0264 0282 0298 0295 0282 0301 0291 0273 0260 0253 0309 1240 0217 0402.
0250 0247 0246 0244 0242 0240 0237 0233 0222 0224 0224 0225
0227 0238 0269 0260 0257 0249 0247 0254 0253 0247 0235 0227 0270 1104 0220 0512.
0224 0226 0223 0222 0220 0219 0216 0211 0208 0205 0203 0202
0203 0208 0214 0214 0222 0222 0223 0216 0218 0216 0210 0208 0227 2001 0200 0743.
0205 0205 0202 0202 0201 0201 0200 0199 0199 0197 0201 0221
0271 0261 0289 0338 0394 0381 0332 0327 0309 0284 0262 0244 0400 1309 0197 0555.
0240 0235 0231 0229 0226 0223 0216 0215 0206 0200 0211 0258
0309 0344 0380 0402 0402 0398 0374 0331 0324 0300 0268 0259 0408 1314 0200 0556.
0251 0247 0242 0236 0231 0226 0223 0218 0215 0217 0226 0266
0294 0345 0390 0417 0426 0446 0396 0405 0341 0299 0277 0267 0450 1434 0215 0434.
0262 0259 0256 0253 0250 0248 0246 0244 0241 0241 0246 0256
0288 0322 0354 0409 0425 0375 0359 0325 0304 0283 0269 0263 0427 1304 0240 0517.
0258 0256 0253 0253 0252 0250 0249 0248 0249 0247 0251 0256
0261 0307 0347 0385 0386 0354 0304 0294 0259 0261 0249 0244 0425 1247 0244 1955.
0238 0233 0232 0230 0229 0228 0227 0228 0227 0223 0228 0237
0248 0274 0313 0360 0374 0363 0328 0314 0338 0293 0258 0242 0389 1334 0223 0536.
0233 0228 0223 0217 0214 0209 0205 0202 0200 0197 0217 0272
0343 0411 0458 0388 0455 0495 0479 0385 0339 0292 0262 0245 0504 1353 0197 0544.
0236 0231 0226 0219 0214 0210 0206 0202 0199 0195 0212 0265
0324 0380 0419 0438 0451 0469 0467 0423 0386 0316 0280 0262 0477 1416 0195 0555.
0252 0244 0236 0230 0225 0220 0217 0213 0210 0206 0226 0261
0309 0371 0438 0460 0491 0488 0404 0433 0372 0315 0287 0273 0505 1330 0206 0600.
0264 0258 0250 0247 0242 0237 0236 0232 0230 0233 0240 0277
0328 0404 0432 0452 0447 0474 0415 0409 0381 0344 0299 0289 0505 1320 0230 0448.
0283 0279 0275 0270 0268 0264 0262 0260 0258 0255 0261 0274
0285 0299 0309 0299 0278 0272 0259 0245 0244 0239 0236 0236 0328 1111 0233 1620.
0234 0234 0233 0232 0234 0234 0232 0229 0224 0219 0227 0268
0319 0367 0398 0418 0439 0421 0410 0336 0315 0292 0278 0270 0452 1314 0218 0601.
0266 0265 0262 0258 0255 0252 0252 0251 0246 0245 0251 0270
0321 0408 0399 0409 0412 0418 0405 0371 0355 0298 0274 0264 0451 1314 0244 0515.
0261 0261 0257 0256 0254 0251 0251 0251 0247 0246 0253 0258
0262 0276 0309 0278 0282 0279 0278 0273 0265 0259 0250 0246 0309 1058 0246 0507.
0239 0238 0234 0234 0232 0232 0233 0228 0229 0224 0223 0227
0236 0236 0248 0255 0255 0250 0254 0242 0241 0239 0235 0232 0258 1315 0223 0539.
0231 0229 0228 0227 0228 0227 0226 0226 0223 0223 0225 0228
0232 0237 0247 0254 0248 0249 0255 0269 0255 0247 0235 0230 0270 1557 0222 0538.
0228 0226 0227 0227 0226 0225 0225 0221 0221 0221 0226 0243
0254 0254 0310 0393 0337 0330 0314 0302 0287 0274 0259 0254 0404 1234 0220 0509.
0248 0245 0245 0243 0242 0240 0238 0239 0238 0232 0237 0253
0273 0269 0286 0326 0362 0341 0320 0294 0287 0281 0269 0265 0386 1310 0231 0601.
0261 0261 0259 0256 0251 0252 0251 0250 0247 0250 0252 0257
0251 0253 0240 0242 0247 0248 0250 0258 0260 0248 0240 0236 0265 2001 0235 1952=
0336 0329 0324 0318 0313 0307 0303 0299 0294 0293 0293 0297
0310 0327 0348 0354 0364 0373 0375 0378 0372 0363 0351 0339.
0328 0320 0312 0307 0302 0298 0293 0289 0286 0283 0281 0286
0300 0320 0345 0367 0376 0393 0402 0402 0389 0378 0364 0349.
0338 0329 0321 0315 0309 0304 0300 0296 0292 0289 0287 0293
0308 0330 0355 0377 0394 0405 0412 0411 0403 0390 0374 0359.
0348 0339 0331 0325 0320 0314 0310 0305 0301 0298 0297 0302
0316 0337 0361 0375 0396 0410 0415 0414 0407 0394 0379 0364.
0353 0345 0338 0332 0326 0321 0317 0312 0309 0306 0304 0309
0322 0341 0363 0378 0397 0410 0417 0415 0406 0395 0380 0366.
0355 0346 0340 0334 0330 0326 0323 0320 0316 0313 0311 0312
0315 0316 0318 0325 0333 0346 0363 0364 0360 0358 0352 0338.
0328 0321 0313 0284 0270 0261 0259 0258 0258 0259 0259 0262
0264 0264 0265 0267 0267 0269 0270 0270 0269 0268 0265 0261.
0258 0256 0253 0252 0250 0248 0247 0245 0244 0242 0241 0242
0245 0252 0260 0267 0272 0280 0283 0280 0276 0272 0266 0262.
0258 0255 0253 0251 0249 0248 0247 0246 0246 0245 0245 0246
0248 0252 0257 0258 0260 0259 0260 0260 0257 0254 0250 0247.
0244 0241 0240 0239 0238 0237 0235 0234 0233 0233 0233 0234
0236 0239 0245 0254 0266 0272 0271 0274 0279 0276 0271 0265.
0261 0259 0256 0255 0253 0252 0250 0248 0245 0241 0240 0239
0238 0239 0243 0250 0251 0251 0251 0250 0252 0252 0249 0245.
0241 0239 0238 0237 0235 0234 0233 0231 0228 0225 0223 0220
0219 0218 0220 0222 0223 0226 0227 0226 0226 0225 0224 0222.
0220 0218 0217 0216 0215 0214 0214 0213 0212 0212 0211 0214
0223 0236 0243 0261 0284 0301 0304 0299 0296 0287 0277 0267.
0260 0254 0249 0246 0243 0240 0237 0234 0231 0226 0223 0230
0248 0270 0292 0312 0324 0331 0328 0323 0314 0304 0292 0282.
0275 0269 0264 0259 0255 0250 0247 0243 0240 0237 0237 0240
0255 0266 0289 0312 0324 0336 0337 0336 0329 0315 0301 0291.
0283 0278 0274 0272 0268 0265 0263 0261 0259 0257 0256 0258
0263 0269 0283 0299 0309 0318 0315 0312 0303 0295 0287 0281.
0276 0272 0269 0267 0265 0264 0262 0261 0260 0259 0258 0259
0260 0265 0278 0290 0305 0311 0303 0294 0287 0280 0273 0267.
0263 0259 0255 0252 0250 0248 0247 0246 0245 0243 0242 0243
0246 0252 0260 0272 0286 0294 0298 0293 0295 0293 0283 0273.
0265 0259 0253 0249 0245 0241 0238 0234 0232 0229 0228 0235
0251 0273 0299 0315 0326 0343 0349 0350 0333 0321 0305 0289.
0277 0269 0262 0257 0251 0246 0242 0238 0234 0231 0229 0235
0251 0273 0293 0313 0328 0341 0349 0349 0341 0329 0313 0299.
0289 0281 0273 0267 0262 0257 0253 0249 0245 0242 0240 0246
0255 0273 0295 0319 0337 0351 0352 0347 0342 0331 0316 0304.
0295 0288 0282 0276 0272 0268 0264 0261 0258 0256 0255 0257
0267 0284 0306 0323 0336 0347 0349 0346 0344 0335 0323 0311.
0303 0297 0292 0289 0285 0282 0279 0277 0275 0273 0271 0272
0274 0277 0280 0285 0283 0281 0277 0272 0260 0257 0256 0254.
0252 0251 0249 0248 0247 0247 0246 0245 0243 0240 0238 0243
0258 0279 0300 0316 0328 0338 0342 0335 0321 0308 0299 0291.
0285 0281 0278 0275 0272 0269 0267 0265 0263 0260 0259 0263
0273 0289 0308 0321 0324 0329 0326 0324 0320 0312 0301 0291.
0284 0280 0277 0274 0272 0269 0267 0266 0264 0262 0261 0263
0265 0266 0272 0274 0273 0271 0271 0271 0271 0268 0265 0262.
0259 0255 0253 0252 0250 0248 0248 0247 0245 0243 0241 0239
0240 0242 0245 0249 0251 0253 0254 0254 0251 0249 0248 0246.
0244 0243 0241 0240 0239 0239 0238 0238 0237 0236 0235 0235
0236 0238 0240 0245 0249 0249 0250 0251 0255 0253 0250 0246.
0243 0240 0239 0238 0237 0236 0235 0235 0233 0232 0232 0234
0243 0246 0257 0272 0294 0291 0289 0288 0283 0278 0272 0266.
0262 0258 0256 0254 0253 0251 0250 0248 0248 0246 0244 0247
0253 0259 0261 0268 0283 0296 0294 0290 0285 0282 0278 0273.
0270 0268 0266 0264 0262 0260 0259 0258 0257 0256 0256 0256
0257 0256 0254 0252 0252 0253 0254 0255 0258 0257 0254 0250=
0341 0334 0330 0325 0321 0317 0313 0309 0306 0303 0301 0300
0303 0309 0319 0328 0334 0342 0347 0350 0352 0351 0346 0340.
0334 0328 0322 0317 0313 0309 0305 0301 0298 0295 0292 0292
0294 0301 0313 0327 0338 0348 0359 0366 0365 0362 0357 0350.
0342 0336 0329 0324 0319 0315 0311 0307 0304 0301 0298 0297
0300 0308 0319 0333 0347 0358 0367 0373 0375 0372 0366 0359.
0351 0344 0338 0332 0328 0323 0319 0315 0312 0309 0306 0305
0308 0315 0327 0338 0350 0362 0372 0377 0378 0376 0370 0363.
0355 0348 0343 0338 0333 0329 0325 0321 0318 0315 0312 0311
0314 0320 0331 0342 0353 0365 0374 0379 0380 0377 0372 0365.
0357 0350 0345 0340 0336 0332 0329 0326 0323 0320 0318 0316
0316 0316 0317 0317 0321 0327 0334 0342 0343 0343 0343 0339.
0332 0327 0323 0305 0288 0276 0270 0267 0267 0267 0267 0268
0269 0270 0271 0271 0272 0272 0273 0274 0274 0274 0273 0271.
0269 0267 0265 0264 0262 0261 0259 0258 0256 0255 0254 0253
0253 0254 0258 0262 0266 0270 0274 0276 0275 0274 0272 0270.
0267 0265 0263 0261 0259 0258 0256 0255 0255 0254 0253 0253
0253 0254 0256 0258 0259 0260 0261 0261 0261 0260 0258 0256.
0254 0252 0250 0249 0248 0247 0246 0244 0244 0243 0242 0242
0242 0243 0245 0248 0253 0259 0263 0265 0268 0270 0269 0267.
0265 0263 0261 0260 0259 0257 0256 0255 0254 0251 0249 0248
0247 0246 0246 0249 0251 0252 0252 0252 0253 0253 0253 0252.
0249 0247 0246 0245 0244 0242 0241 0240 0239 0237 0235 0232
0231 0229 0228 0228 0228 0229 0230 0230 0230 0230 0230 0229.
0228 0227 0226 0225 0224 0223 0223 0222 0221 0221 0220 0220
0222 0227 0232 0239 0249 0263 0273 0276 0278 0277 0274 0270.
0265 0261 0257 0254 0251 0249 0247 0244 0242 0239 0236 0235
0239 0247 0259 0272 0284 0293 0299 0301 0300 0297 0292 0286.
0281 0276 0272 0269 0265 0262 0259 0256 0253 0250 0248 0247
0250 0255 0263 0275 0288 0297 0305 0309 0310 0308 0302 0295.
0290 0285 0281 0278 0276 0273 0271 0269 0267 0265 0263 0263
0263 0265 0269 0276 0285 0292 0297 0298 0297 0294 0290 0286.
0282 0279 0276 0273 0272 0270 0268 0267 0266 0265 0264 0263
0263 0264 0267 0273 0281 0288 0291 0290 0287 0283 0279 0275.
0272 0269 0266 0263 0260 0259 0257 0255 0254 0253 0251 0250
0251 0252 0255 0259 0267 0274 0279 0282 0282 0284 0282 0278.
0273 0269 0265 0261 0258 0255 0252 0249 0246 0244 0241 0241
0245 0253 0265 0279 0289 0300 0310 0317 0317 0313 0306 0298.
0290 0283 0277 0272 0267 0263 0258 0255 0252 0248 0245 0244
0247 0255 0265 0278 0290 0301 0311 0317 0320 0317 0312 0304.
0297 0291 0285 0280 0275 0271 0267 0263 0260 0257 0254 0253
0255 0260 0269 0282 0296 0308 0317 0320 0322 0320 0315 0308.
0301 0296 0291 0286 0282 0279 0275 0272 0269 0267 0265 0264
0265 0270 0280 0291 0302 0311 0319 0321 0323 0322 0319 0312.
0307 0302 0298 0294 0291 0288 0286 0283 0281 0279 0278 0276
0276 0277 0278 0280 0281 0281 0280 0277 0272 0268 0265 0264.
0262 0260 0259 0257 0256 0255 0255 0253 0252 0251 0249 0248
0251 0259 0270 0281 0292 0301 0308 0312 0310 0305 0300 0295.
0290 0286 0283 0281 0278 0276 0274 0272 0270 0268 0266 0266
0267 0273 0282 0292 0298 0304 0307 0308 0308 0307 0303 0297.
0292 0288 0285 0282 0279 0277 0275 0273 0272 0270 0268 0268
0268 0268 0270 0272 0272 0272 0272 0272 0272 0271 0270 0268.
0266 0264 0262 0260 0258 0257 0256 0255 0254 0252 0250 0249
0248 0248 0248 0250 0251 0253 0254 0255 0254 0253 0253 0251.
0250 0249 0248 0247 0246 0245 0245 0244 0243 0242 0242 0241
0241 0241 0242 0244 0246 0248 0249 0250 0251 0252 0252 0250.
0248 0247 0245 0244 0243 0242 0242 0241 0240 0239 0238 0238
0240 0243 0246 0252 0263 0270 0273 0275 0275 0273 0271 0268.
0266 0263 0261 0259 0257 0256 0255 0254 0252 0251 0250 0249
0251 0253 0256 0258 0263 0272 0277 0279 0278 0277 0275 0273.
0271 0269 0268 0266 0265 0263 0262 0261 0260 0259 0258 0258
0258 0258 0258 0256 0255 0255 0255 0255 0256 0257 0256 0255=
0339 0335 0331 0328 0325 0321 0318 0315 0312 0310 0307 0306
0305 0307 0311 0316 0321 0326 0331 0335 0338 0339 0339 0336.
0333 0329 0325 0322 0318 0315 0312 0309 0306 0303 0301 0299
0298 0300 0304 0311 0320 0327 0335 0342 0346 0347 0347 0344.
0340 0336 0332 0328 0324 0320 0317 0314 0311 0308 0305 0303
0303 0305 0310 0317 0326 0334 0342 0349 0353 0355 0355 0352.
0348 0343 0339 0335 0331 0328 0324 0321 0318 0315 0313 0311
0310 0312 0316 0323 0330 0339 0347 0353 0357 0359 0359 0356.
0352 0348 0343 0340 0336 0333 0330 0326 0323 0321 0318 0316
0316 0317 0321 0328 0335 0343 0350 0356 0360 0362 0361 0358.
0354 0350 0346 0342 0339 0335 0333 0330 0327 0325 0323 0321
0319 0319 0318 0318 0319 0321 0325 0330 0333 0335 0335 0335.
0332 0329 0326 0316 0301 0288 0281 0277 0276 0276 0276 0276
0276 0277 0277 0277 0278 0278 0278 0279 0279 0279 0279 0278.
0277 0275 0274 0273 0271 0270 0269 0268 0266 0265 0264 0263
0262 0262 0263 0264 0267 0269 0272 0274 0275 0275 0275 0274.
0273 0271 0269 0268 0267 0265 0264 0263 0262 0261 0261 0260
0260 0260 0260 0261 0262 0263 0263 0264 0264 0264 0263 0262.
0261 0259 0258 0257 0256 0255 0254 0253 0252 0251 0250 0250
0249 0249 0250 0251 0253 0256 0259 0262 0264 0266 0267 0267.
0266 0266 0265 0264 0263 0262 0261 0260 0259 0258 0256 0255
0254 0253 0252 0253 0254 0255 0255 0255 0255 0256 0256 0256.
0255 0254 0252 0251 0250 0249 0249 0248 0247 0245 0244 0242
0240 0238 0237 0236 0235 0235 0235 0235 0235 0235 0235 0235.
0234 0234 0233 0232 0232 0231 0230 0230 0229 0229 0228 0227
0228 0229 0232 0235 0240 0248 0255 0261 0265 0267 0268 0267.
0265 0263 0261 0258 0256 0254 0253 0251 0249 0247 0245 0243
0243 0245 0250 0257 0265 0273 0279 0284 0287 0287 0286 0284.
0281 0279 0276 0273 0271 0268 0265 0263 0261 0258 0256 0255
0254 0256 0259 0264 0272 0279 0286 0291 0295 0297 0296 0293.
0290 0287 0284 0282 0280 0277 0276 0274 0272 0270 0269 0268
0267 0267 0268 0271 0276 0280 0285 0288 0290 0289 0288 0286.
0284 0282 0280 0278 0276 0274 0273 0272 0271 0269 0268 0268
0267 0267 0267 0270 0273 0278 0282 0284 0284 0282 0281 0278.
0276 0274 0272 0269 0267 0266 0264 0262 0261 0260 0259 0257
0257 0257 0257 0259 0262 0266 0270 0274 0276 0278 0278 0278.
0275 0273 0270 0268 0265 0263 0260 0258 0256 0254 0252 0250
0250 0252 0257 0264 0272 0280 0288 0295 0300 0301 0299 0296.
0292 0287 0283 0279 0275 0272 0268 0265 0262 0259 0257 0254
0254 0256 0260 0266 0274 0281 0289 0296 0301 0303 0303 0301.
0297 0293 0289 0286 0282 0279 0275 0272 0269 0267 0264 0262
0261 0262 0265 0271 0279 0287 0296 0302 0305 0307 0306 0304.
0301 0297 0293 0290 0287 0284 0282 0279 0276 0274 0272 0271
0270 0271 0274 0279 0286 0293 0300 0305 0308 0310 0310 0308.
0305 0302 0299 0296 0294 0292 0289 0287 0286 0284 0282 0281
0280 0279 0279 0280 0281 0281 0281 0280 0278 0275 0272 0270.
0269 0267 0266 0265 0263 0262 0261 0260 0259 0258 0257 0256
0255 0258 0262 0269 0276 0283 0289 0295 0298 0298 0296 0294.
0291 0288 0286 0284 0282 0280 0278 0277 0275 0273 0272 0271
0270 0272 0275 0280 0286 0290 0294 0297 0298 0299 0299 0297.
0294 0291 0288 0286 0284 0282 0280 0278 0277 0275 0274 0273
0272 0272 0272 0273 0273 0274 0274 0273 0273 0273 0273 0272.
0270 0269 0268 0266 0265 0263 0262 0261 0260 0259 0258 0256
0255 0254 0254 0254 0255 0256 0256 0257 0257 0257 0256 0256.
0255 0254 0254 0253 0252 0251 0250 0250 0249 0249 0248 0247
0247 0247 0247 0247 0248 0249 0250 0251 0251 0253 0253 0253.
0252 0251 0250 0249 0248 0247 0247 0246 0246 0245 0244 0244
0244 0245 0246 0249 0253 0259 0263 0266 0268 0269 0268 0267.
0266 0265 0263 0262 0261 0259 0258 0257 0257 0256 0255 0254
0254 0254 0256 0257 0259 0263 0267 0271 0272 0272 0272 0272.
0271 0270 0269 0268 0267 0266 0265 0264 0263 0262 0262 0261
0261 0260 0260 0259 0259 0258 0258 0258 0258 0258 0258 0258=
0329 0328 0326 0323 0321 0319 0317 0315 0312 0310 0308 0307
0305 0305 0306 0308 0310 0313 0317 0320 0323 0325 0326 0326.
0325 0323 0321 0319 0317 0314 0312 0310 0307 0305 0303 0301
0300 0299 0300 0303 0306 0311 0316 0321 0326 0329 0331 0331.
0330 0328 0326 0324 0321 0319 0316 0314 0312 0309 0307 0305
0303 0303 0304 0307 0311 0316 0322 0327 0332 0335 0337 0338.
0337 0335 0333 0330 0328 0325 0323 0320 0318 0316 0313 0311
0310 0309 0310 0313 0316 0321 0327 0332 0336 0340 0342 0342.
0341 0339 0337 0335 0332 0330 0327 0325 0323 0321 0318 0316
0315 0314 0315 0318 0321 0325 0331 0336 0340 0343 0344 0345.
0343 0342 0339 0337 0335 0332 0330 0328 0326 0324 0322 0320
0319 0317 0317 0316 0316 0316 0317 0320 0322 0324 0325 0326.
0326 0324 0323 0319 0308 0297 0289 0285 0283 0282 0281 0281
0281 0281 0281 0281 0281 0281 0281 0281 0281 0281 0281 0280.
0280 0279 0278 0277 0276 0275 0274 0273 0271 0270 0269 0268
0267 0266 0266 0266 0267 0268 0270 0271 0273 0273 0274 0274.
0273 0272 0271 0271 0270 0269 0268 0266 0266 0265 0264 0264
0263 0263 0262 0262 0263 0263 0264 0264 0264 0264 0264 0264.
0263 0262 0261 0260 0259 0259 0258 0257 0256 0255 0254 0254
0253 0253 0253 0253 0253 0255 0256 0258 0260 0261 0263 0263.
0264 0264 0263 0263 0262 0262 0261 0261 0260 0260 0259 0258
0257 0256 0255 0255 0255 0255 0255 0255 0256 0256 0256 0256.
0255 0255 0254 0254 0253 0252 0251 0251 0250 0249 0248 0247
0245 0243 0242 0241 0239 0238 0238 0238 0238 0238 0238 0237.
0237 0237 0236 0236 0235 0235 0234 0234 0233 0233 0232 0232
0231 0231 0232 0234 0236 0239 0244 0248 0253 0255 0258 0259.
0259 0259 0258 0257 0256 0254 0253 0252 0251 0249 0248 0247
0246 0245 0247 0249 0253 0258 0263 0268 0271 0274 0275 0275.
0275 0274 0272 0271 0269 0268 0266 0264 0262 0261 0259 0258
0256 0256 0256 0258 0262 0266 0270 0275 0279 0282 0283 0284.
0283 0282 0280 0279 0277 0276 0275 0273 0272 0271 0269 0268
0267 0267 0266 0267 0269 0271 0274 0277 0279 0280 0281 0280.
0280 0279 0277 0276 0275 0274 0273 0272 0271 0270 0269 0268
0267 0267 0266 0267 0268 0270 0273 0275 0276 0277 0276 0275.
0274 0273 0272 0270 0269 0267 0266 0265 0263 0262 0261 0260
0259 0258 0258 0258 0259 0261 0263 0266 0268 0270 0271 0272.
0272 0271 0269 0268 0266 0265 0263 0261 0259 0258 0256 0254
0253 0253 0254 0257 0261 0266 0271 0276 0281 0285 0286 0286.
0285 0283 0281 0279 0276 0274 0271 0269 0266 0264 0262 0260
0258 0257 0258 0260 0264 0268 0273 0278 0283 0287 0289 0290.
0289 0287 0286 0284 0281 0279 0277 0274 0272 0270 0268 0266
0264 0263 0264 0266 0269 0273 0279 0284 0288 0291 0293 0293.
0293 0291 0289 0288 0285 0283 0282 0279 0278 0276 0274 0272
0271 0271 0271 0273 0276 0280 0284 0288 0292 0294 0296 0297.
0296 0295 0294 0292 0291 0289 0287 0286 0285 0283 0282 0281
0279 0279 0278 0278 0278 0278 0278 0278 0277 0276 0274 0272.
0271 0270 0268 0267 0266 0265 0264 0263 0262 0261 0260 0259
0258 0258 0259 0262 0265 0270 0274 0279 0283 0285 0286 0286.
0285 0284 0282 0281 0280 0279 0277 0276 0275 0274 0272 0271
0270 0270 0271 0273 0276 0279 0282 0285 0287 0289 0289 0289.
0289 0287 0286 0284 0283 0281 0280 0279 0277 0276 0275 0274
0273 0272 0272 0271 0272 0272 0272 0272 0272 0271 0271 0271.
0270 0269 0268 0267 0266 0265 0264 0263 0263 0262 0261 0260
0259 0257 0257 0256 0256 0256 0256 0257 0257 0257 0257 0256.
0256 0255 0255 0254 0254 0253 0252 0252 0251 0251 0250 0249
0249 0249 0248 0248 0248 0249 0249 0250 0250 0251 0251 0252.
0252 0251 0251 0250 0249 0249 0248 0248 0247 0247 0246 0246
0245 0245 0246 0246 0248 0251 0254 0257 0259 0261 0262 0262.
0262 0261 0261 0260 0259 0258 0258 0257 0256 0256 0255 0254
0254 0253 0254 0254 0255 0257 0259 0262 0264 0265 0266 0266.
0266 0266 0265 0265 0264 0264 0263 0262 0262 0261 0261 0260
0260 0259 0259 0259 0258 0258 0257 0257 0257 0257 0257 0257=
0277 0278 0278 0278 0278 0278 0278 0278 0278 0278 0277 0277
0277 0277 0277 0277 0277 0277 0276 0276 0277 0277 0277 0277.
0277 0277 0277 0277 0277 0277 0277 0277 0277 0277 0276 0276
0276 0276 0275 0275 0275 0275 0275 0275 0275 0275 0276 0276.
0276 0276 0277 0277 0277 0277 0277 0276 0276 0276 0276 0276
0276 0275 0275 0275 0275 0275 0275 0275 0275 0276 0276 0276.
0277 0277 0277 0277 0277 0278 0278 0278 0277 0277 0277 0277
0277 0277 0277 0276 0276 0276 0277 0277 0277 0277 0278 0278.
0278 0279 0279 0279 0279 0279 0279 0279 0279 0279 0279 0279
0279 0279 0279 0279 0279 0279 0279 0279 0279 0279 0280 0280.
0281 0281 0281 0281 0281 0281 0282 0282 0282 0281 0281 0281
0281 0281 0281 0281 0281 0281 0281 0280 0281 0281 0281 0281.
0281 0281 0281 0283 0280 0278 0276 0276 0275 0275 0275 0274
0274 0273 0273 0273 0272 0272 0272 0272 0271 0271 0271 0271.
0270 0270 0270 0270 0270 0269 0269 0269 0269 0268 0268 0268
0268 0267 0267 0267 0266 0266 0266 0266 0266 0266 0266 0266.
0265 0265 0265 0265 0265 0265 0265 0265 0265 0264 0264 0264
0264 0264 0264 0263 0263 0263 0263 0263 0263 0263 0263 0262.
0262 0262 0262 0262 0262 0262 0261 0261 0261 0261 0261 0260
0260 0260 0260 0259 0259 0259 0259 0259 0259 0259 0259 0259.
0259 0259 0259 0259 0259 0259 0259 0259 0259 0259 0259 0259
0258 0258 0258 0258 0258 0258 0258 0258 0258 0257 0257 0257.
0257 0257 0257 0257 0257 0257 0257 0256 0256 0256 0256 0255
0255 0255 0254 0254 0254 0253 0253 0252 0252 0252 0252 0252.
0251 0251 0251 0251 0251 0250 0250 0250 0250 0249 0249 0249
0249 0249 0248 0248 0248 0248 0248 0248 0248 0248 0248 0249.
0249 0249 0249 0249 0249 0249 0250 0250 0249 0249 0249 0249
0249 0249 0249 0249 0249 0249 0249 0249 0250 0250 0250 0251.
0251 0251 0252 0252 0252 0252 0252 0252 0252 0252 0252 0252
0252 0252 0252 0252 0252 0252 0252 0252 0252 0252 0253 0253.
0254 0254 0254 0255 0255 0255 0255 0255 0255 0255 0255 0255
0255 0255 0255 0255 0255 0255 0255 0255 0256 0256 0256 0256.
0256 0256 0257 0257 0257 0257 0257 0257 0257 0257 0257 0257
0257 0257 0257 0257 0257 0257 0257 0257 0257 0257 0257 0257.
0257 0257 0257 0257 0257 0257 0257 0257 0257 0257 0257 0256
0256 0256 0256 0256 0256 0256 0255 0255 0255 0255 0255 0256.
0255 0255 0255 0256 0256 0256 0255 0255 0255 0255 0255 0255
0254 0254 0254 0254 0254 0253 0253 0254 0254 0254 0254 0254.
0255 0255 0255 0255 0255 0255 0255 0255 0255 0255 0254 0254
0254 0254 0254 0253 0253 0253 0253 0253 0253 0254 0254 0254.
0254 0254 0255 0255 0255 0255 0255 0255 0255 0255 0255 0254
0254 0254 0254 0254 0254 0254 0253 0254 0254 0254 0254 0255.
0255 0255 0255 0255 0256 0256 0256 0256 0256 0256 0256 0256
0256 0256 0255 0255 0255 0255 0255 0255 0256 0256 0256 0257.
0257 0257 0257 0258 0258 0258 0258 0258 0258 0258 0258 0258
0258 0258 0258 0258 0258 0258 0258 0258 0258 0258 0258 0258.
0258 0258 0257 0257 0257 0257 0257 0257 0256 0256 0256 0256
0256 0255 0255 0255 0255 0255 0255 0255 0255 0255 0255 0256.
0256 0256 0256 0257 0257 0257 0257 0257 0257 0257 0257 0257
0257 0257 0257 0257 0257 0257 0257 0258 0258 0258 0258 0258.
0259 0259 0259 0259 0259 0260 0259 0259 0260 0259 0259 0259
0259 0259 0259 0259 0259 0259 0259 0259 0259 0259 0258 0259.
0258 0258 0258 0258 0258 0258 0258 0258 0258 0258 0257 0257
0257 0257 0256 0256 0256 0256 0256 0255 0255 0255 0255 0255.
0255 0254 0254 0254 0254 0254 0254 0254 0253 0253 0253 0253
0253 0252 0252 0252 0252 0252 0252 0252 0251 0251 0251 0251.
0251 0251 0251 0251 0251 0251 0251 0250 0250 0250 0250 0250
0250 0250 0250 0250 0250 0249 0249 0249 0249 0250 0250 0250.
0250 0250 0250 0250 0250 0250 0250 0250 0250 0250 0250 0250
0250 0250 0250 0250 0250 0250 0250 0250 0250 0251 0251 0251.
0251 0251 0251 0251 0251 0251 0252 0252 0252 0252 0252 0252
0252 0252 0252 0252 0252 0252 0252 0252 0252 0252 0252 0252=
KB
0262 0262 0262 0263 0263 0263 0263 0263 0263 0263 0263 0263
0263 0263 0263 0263 0263 0263 0263 0263 0263 0263 0263 0263.
0263 0263 0263 0263 0263 0263 0263 0263 0263 0263 0263 0264
0264 0264 0263 0264 0264 0264 0263 0263 0264 0263 0263 0263.
0263 0263 0263 0263 0263 0263 0264 0264 0264 0264 0264 0264
0264 0264 0264 0264 0264 0264 0264 0264 0264 0264 0264 0264.
0263 0264 0264 0264 0264 0264 0264 0264 0264 0264 0264 0264
0264 0264 0264 0264 0264 0264 0264 0264 0264 0264 0264 0264.
0264 0264 0264 0264 0264 0264 0264 0264 0265 0265 0265 0265
0265 0265 0265 0265 0265 0265 0265 0265 0265 0265 0265 0265.
0265 0265 0265 0266 0266 0266 0266 0266 0266 0266 0266 0266
0266 0266 0266 0266 0266 0266 0267 0267 0266 0267 0267 0267.
0267 0267 0267 0270 0273 0270 0271 0270 0270 0270 0270 0270
0270 0270 0270 0270 0270 0270 0270 0269 0269 0269 0269 0269.
0269 0269 0269 0269 0268 0268 0268 0268 0268 0268 0268 0268
0267 0267 0267 0267 0267 0267 0267 0266 0266 0266 0266 0266.
0266 0266 0266 0266 0265 0265 0265 0265 0265 0265 0265 0265
0264 0264 0264 0264 0264 0264 0264 0264 0264 0264 0264 0263.
0263 0263 0263 0263 0263 0263 0263 0263 0263 0262 0262 0262
0262 0262 0262 0262 0262 0262 0261 0261 0261 0261 0261 0261.
0261 0261 0261 0261 0260 0260 0260 0260 0260 0260 0260 0260
0260 0260 0260 0260 0259 0259 0259 0259 0259 0259 0259 0259.
0259 0259 0259 0259 0259 0259 0258 0258 0258 0258 0258 0258
0258 0258 0258 0258 0257 0257 0257 0257 0257 0257 0257 0257.
0257 0257 0256 0256 0256 0256 0256 0256 0256 0255 0255 0255
0255 0255 0255 0255 0255 0255 0255 0254 0254 0254 0254 0254.
0254 0254 0253 0253 0253 0253 0253 0253 0253 0253 0253 0253
0253 0253 0253 0252 0252 0252 0252 0252 0252 0252 0252 0252.
0252 0252 0252 0251 0251 0251 0251 0251 0251 0251 0251 0251
0251 0251 0251 0251 0251 0251 0251 0251 0251 0251 0251 0251.
0251 0251 0251 0251 0251 0251 0251 0251 0251 0251 0251 0251
0251 0251 0251 0251 0251 0251 0251 0251 0251 0251 0251 0251.
0251 0251 0251 0251 0251 0251 0251 0251 0251 0252 0252 0252
0252 0252 0252 0252 0252 0252 0252 0252 0252 0252 0252 0252.
0252 0252 0252 0252 0252 0252 0252 0252 0252 0252 0252 0252
0252 0252 0252 0252 0252 0252 0252 0252 0252 0252 0252 0252.
0252 0252 0252 0252 0252 0252 0252 0252 0252 0252 0252 0252
0252 0252 0252 0252 0252 0252 0252 0252 0252 0252 0252 0252.
0252 0252 0252 0252 0251 0252 0251 0251 0251 0251 0251 0251
0252 0252 0251 0252 0252 0251 0251 0251 0251 0251 0251 0251.
0251 0251 0251 0251 0251 0251 0251 0251 0251 0251 0251 0251
0251 0251 0251 0251 0251 0251 0251 0251 0251 0251 0251 0251.
0251 0251 0251 0251 0251 0251 0251 0251 0251 0251 0251 0251
0251 0251 0251 0251 0251 0251 0251 0251 0251 0251 0251 0251.
0251 0251 0251 0251 0251 0251 0251 0251 0251 0251 0251 0251
0251 0251 0251 0251 0251 0251 0251 0251 0252 0252 0252 0252.
0252 0252 0252 0252 0252 0252 0252 0252 0252 0252 0252 0252
0252 0252 0252 0252 0252 0252 0252 0252 0252 0252 0252 0252.
0252 0252 0252 0252 0252 0252 0252 0252 0252 0252 0252 0252
0252 0252 0252 0252 0252 0252 0252 0252 0252 0252 0252 0252.
0252 0252 0252 0252 0252 0252 0252 0252 0252 0252 0252 0252
0252 0252 0252 0252 0252 0252 0252 0252 0252 0252 0252 0252.
0252 0252 0252 0253 0253 0253 0252 0252 0253 0253 0252 0253
0253 0253 0253 0253 0253 0253 0253 0252 0252 0252 0252 0252.
0252 0252 0252 0252 0252 0252 0252 0252 0252 0252 0252 0252
0252 0252 0252 0252 0252 0252 0252 0251 0251 0251 0251 0251.
0251 0251 0251 0251 0251 0251 0251 0251 0251 0251 0250 0250
0250 0250 0250 0250 0250 0250 0250 0250 0250 0250 0250 0250.
0250 0250 0250 0250 0250 0249 0249 0249 0249 0249 0249 0249
0249 0249 0249 0249 0249 0249 0249 0249 0249 0249 0249 0249.
0249 0249 0249 0249 0249 0249 0249 0249 0249 0249 0249 0249
0249 0249 0249 0249 0249 0249 0249 0249 0249 0249 0249 0249=
0232 0232 0232 0233 0233 0232 0233 0233 0233 0233 0233 0233
0233 0233 0233 0233 0233 0233 0233 0233 0233 0233 0233 0233.
0233 0233 0233 0233 0233 0233 0233 0233 0233 0233 0233 0233
0233 0234 0233 0234 0234 0234 0234 0234 0234 0234 0234 0234.
0234 0234 0234 0234 0234 0234 0234 0234 0234 0234 0234 0234
0234 0234 0234 0234 0234 0234 0234 0234 0234 0234 0234 0234.
0234 0235 0235 0235 0235 0235 0235 0235 0235 0235 0235 0235
0235 0235 0235 0235 0235 0235 0235 0235 0235 0235 0235 0235.
0235 0235 0235 0235 0235 0235 0235 0235 0235 0235 0235 0236
0235 0235 0236 0236 0236 0236 0236 0236 0236 0236 0236 0236.
0236 0236 0236 0236 0236 0236 0236 0236 0236 0236 0236 0236
0236 0236 0236 0236 0236 0236 0236 0236 0236 0236 0236 0236.
0236 0236 0236 0236 0243 0243 0243 0242 0243 0243 0243 0243
0243 0243 0243 0243 0243 0243 0243 0244 0244 0244 0244 0244.
0244 0244 0244 0244 0244 0244 0244 0244 0244 0244 0244 0244
0244 0244 0244 0244 0244 0244 0244 0244 0244 0244 0244 0244.
0244 0244 0244 0244 0244 0244 0244 0243 0244 0244 0244 0243
0243 0244 0244 0244 0244 0244 0244 0244 0244 0244 0243 0243.
0243 0243 0243 0243 0244 0243 0243 0243 0244 0244 0244 0243
0243 0243 0243 0243 0243 0243 0243 0243 0243 0243 0243 0243.
0243 0243 0243 0243 0243 0243 0243 0243 0243 0243 0243 0243
0243 0243 0243 0243 0243 0243 0243 0243 0243 0243 0243 0243.
0243 0243 0243 0243 0243 0243 0243 0243 0243 0243 0243 0243
0243 0243 0243 0243 0243 0243 0243 0243 0243 0243 0243 0243.
0243 0243 0243 0243 0243 0243 0243 0243 0243 0243 0243 0243
0243 0243 0243 0243 0243 0243 0243 0243 0243 0243 0243 0243.
0243 0243 0243 0243 0243 0243 0243 0243 0243 0243 0243 0243
0243 0243 0243 0243 0243 0243 0243 0243 0243 0243 0243 0243.
0243 0243 0243 0243 0243 0243 0243 0243 0243 0243 0243 0243
0243 0243 0243 0243 0243 0243 0243 0242 0242 0242 0242 0242.
0242 0242 0242 0242 0242 0242 0242 0242 0242 0242 0242 0242
0242 0242 0242 0242 0242 0242 0242 0242 0242 0242 0242 0242.
0242 0242 0242 0242 0242 0242 0242 0242 0241 0242 0241 0241
0241 0241 0242 0241 0241 0241 0241 0241 0241 0241 0241 0241.
0241 0241 0241 0241 0241 0241 0241 0241 0241 0241 0241 0241
0241 0241 0241 0241 0241 0241 0241 0241 0241 0241 0241 0241.
0241 0241 0241 0241 0241 0241 0241 0241 0241 0241 0241 0241
0241 0241 0241 0241 0241 0241 0241 0241 0241 0241 0241 0241.
0241 0241 0241 0241 0241 0241 0240 0240 0240 0241 0240 0240
0241 0241 0241 0241 0241 0241 0241 0241 0241 0240 0240 0240.
0240 0240 0240 0240 0240 0240 0240 0240 0240 0240 0240 0240
0240 0240 0240 0240 0240 0240 0240 0240 0240 0240 0240 0240.
0240 0240 0240 0240 0240 0240 0240 0240 0240 0240 0240 0240
0240 0240 0240 0240 0240 0240 0240 0240 0240 0240 0240 0240.
0240 0240 0240 0240 0240 0240 0240 0240 0240 0240 0240 0240
0240 0240 0240 0240 0240 0240 0240 0240 0240 0240 0240 0240.
0240 0240 0240 0240 0240 0240 0240 0240 0240 0240 0240 0240
0240 0240 0240 0240 0240 0240 0240 0240 0240 0240 0240 0240.
0240 0240 0240 0240 0240 0240 0240 0240 0240 0240 0240 0240
0240 0240 0240 0240 0240 0240 0240 0240 0240 0240 0240 0240.
0240 0240 0240 0240 0240 0240 0240 0240 0240 0240 0240 0240
0240 0240 0240 0240 0240 0240 0240 0240 0240 0240 0240 0240.
0240 0240 0240 0240 0240 0240 0240 0240 0240 0240 0240 0240
0240 0240 0240 0240 0240 0240 0240 0240 0240 0240 0240 0240.
0240 0240 0240 0240 0240 0240 0240 0240 0240 0240 0240 0240
0240 0240 0240 0240 0240 0240 0240 0240 0240 0240 0240 0240.
0240 0240 0240 0240 0240 0240 0240 0240 0240 0240 0240 0240
0240 0240 0240 0240 0240 0240 0240 0240 0240 0240 0240 0240.
0240 0240 0240 0240 0240 0240 0240 0240 0240 0240 0240 0240
0240 0240 0240 0240 0240 0240 0240 0240 0240 0240 0240 0240.
0240 0240 0240 0240 0240 0240 0240 0240 0240 0240 0240 0240
0240 0240 0240 0240 0240 0240 0240 0240 0240 0240 0240 0239=
0197 0197 0197 0197 0197 0197 0197 0197 0197 0197 0197 0197
0197 0197 0197 0197 0197 0197 0197 0197 0197 0197 0197 0197.
0197 0197 0197 0198 0197 0197 0197 0198 0198 0197 0197 0198
0198 0198 0198 0198 0198 0198 0198 0198 0198 0198 0198 0198.
0198 0198 0198 0198 0198 0198 0198 0198 0198 0198 0198 0198
0198 0198 0198 0198 0198 0198 0198 0198 0198 0198 0198 0198.
0198 0198 0198 0198 0198 0198 0198 0198 0198 0198 0198 0198
0198 0198 0199 0199 0199 0199 0199 0199 0199 0199 0199 0199.
0199 0199 0199 0199 0199 0199 0199 0199 0199 0199 0199 0199
0199 0199 0199 0199 0199 0199 0199 0199 0199 0199 0199 0199.
0199 0199 0199 0199 0199 0199 0199 0199 0199 0199 0199 0199
0199 0199 0199 0199 0199 0199 0199 0199 0199 0199 0199 0199.
0199 0200 0199 0199 0200 0200 0200 0200 0201 0201 0201 0201
0201 0201 0201 0201 0201 0201 0201 0201 0201 0201 0201 0201.
0202 0202 0202 0202 0202 0202 0202 0202 0202 0202 0202 0202
0202 0202 0202 0202 0202 0202 0202 0202 0202 0202 0202 0202.
0203 0203 0203 0203 0203 0203 0203 0203 0203 0203 0203 0203
0203 0203 0203 0203 0203 0203 0203 0203 0203 0203 0203 0203.
0203 0203 0203 0203 0203 0203 0203 0203 0203 0203 0203 0203
0203 0203 0203 0203 0203 0204 0203 0204 0204 0204 0204 0204.
0204 0204 0204 0204 0204 0204 0204 0204 0204 0204 0204 0204
0204 0204 0204 0204 0204 0204 0204 0204 0204 0204 0204 0204.
0204 0204 0204 0204 0204 0204 0204 0204 0204 0204 0204 0204
0204 0204 0204 0204 0204 0204 0204 0204 0204 0204 0204 0205.
0205 0205 0205 0205 0205 0205 0205 0205 0205 0205 0205 0205
0205 0205 0205 0205 0206 0205 0205 0206 0206 0206 0206 0206.
0206 0206 0206 0206 0206 0206 0206 0206 0206 0206 0206 0206
0206 0206 0206 0206 0206 0206 0206 0206 0206 0206 0206 0206.
0206 0206 0206 0206 0206 0206 0206 0206 0206 0206 0206 0207
0206 0207 0207 0207 0207 0207 0207 0207 0207 0207 0207 0207.
0207 0207 0207 0207 0207 0207 0207 0207 0207 0207 0207 0207
0207 0207 0207 0207 0207 0207 0207 0207 0207 0207 0207 0207.
0207 0207 0207 0207 0207 0207 0207 0207 0207 0207 0207 0207
0207 0207 0207 0207 0207 0208 0207 0207 0208 0207 0207 0207.
0207 0207 0208 0207 0207 0208 0208 0208 0208 0208 0208 0208
0208 0208 0208 0208 0208 0208 0208 0208 0208 0208 0208 0208.
0208 0208 0208 0208 0208 0208 0208 0208 0208 0208 0208 0208
0208 0208 0208 0208 0208 0208 0208 0208 0208 0208 0208 0208.
0208 0208 0208 0208 0208 0208 0208 0208 0208 0208 0208 0208
0209 0209 0209 0209 0209 0209 0209 0209 0209 0209 0209 0209.
0209 0209 0209 0209 0209 0209 0209 0209 0209 0209 0209 0209
0209 0209 0209 0209 0209 0209 0209 0209 0209 0209 0209 0209.
0209 0209 0209 0209 0209 0209 0209 0209 0209 0209 0209 0209
0209 0209 0209 0209 0209 0209 0209 0209 0209 0209 0209 0209.
0209 0209 0209 0209 0209 0209 0209 0209 0209 0209 0209 0209
0209 0209 0209 0209 0209 0210 0210 0209 0209 0209 0210 0210.
0210 0210 0210 0210 0210 0210 0210 0210 0210 0210 0210 0210
0210 0210 0210 0210 0210 0210 0210 0210 0210 0210 0210 0210.
0210 0210 0210 0210 0210 0210 0210 0210 0210 0210 0210 0210
0210 0210 0210 0210 0210 0210 0210 0210 0210 0210 0210 0210.
0210 0210 0210 0210 0210 0210 0210 0210 0210 0210 0210 0210
0210 0210 0210 0210 0210 0210 0210 0210 0210 0210 0210 0210.
0210 0210 0210 0210 0210 0210 0210 0210 0210 0210 0210 0210
0210 0210 0211 0210 0210 0211 0211 0211 0211 0211 0211 0211.
0211 0211 0210 0211 0211 0211 0211 0211 0211 0211 0211 0211
0211 0211 0211 0211 0211 0211 0211 0211 0211 0211 0211 0211.
0211 0211 0211 0211 0211 0211 0211 0211 0211 0211 0211 0211
0211 0211 0211 0211 0211 0211 0211 0211 0211 0211 0211 0211.
0211 0211 0211 0211 0211 0211 0211 0211 0211 0211 0211 0211
0211 0211 0211 0211 0211 0211 0211 0211 0211 0211 0211 0211.
0211 0211 0211 0211 0211 0211 0211 0211 0211 0211 0211 0211
0211 0211 0211 0211 0211 0211 0211 0211 0211 0211 0211 0211=
A=
SA=
BA
0298 0299 0292 0267 0262 0255 0252 0244 0253 0259 0278 0333
0378 0404 0429 0415 0439 0406 0417 0397 0384 0337 0311 0287 0476 1044 0243 0335.
0270 0254 0249 0250 0242 0240 0233 0232 0231 0231 0258 0320
0380 0442 0480 0425 0474 0491 0486 0373 0398 0356 0311 0277 0504 1423 0225 0513.
0266 0261 0254 0251 0244 0242 0241 0234 0230 0235 0270 0335
0411 0447 0461 0475 0509 0502 0504 0455 0403 0368 0322 0305 0521 1324 0228 0430.
0299 0277 0269 0267 0260 0251 0252 0246 0241 0240 0278 0338
0403 0460 0442 0514 0507 0489 0471 0455 0421 0368 0325 0313 0525 1220 0237 0526.
0306 0288 0279 0273 0272 0263 0259 0253 0256 0255 0285 0352
0402 0457 0467 0488 0516 0490 0482 0447 0418 0369 0334 0312 0526 1218 0251 0529.
0302 0296 0286 0290 0288 0283 0284 0280 0273 0268 0287 0300
0308 0302 0293 0368 0405 0459 0428 0365 0370 0381 0301 0257 0519 1428 0256 1928.
0266 0266 0255 0250 0241 0245 0243 0243 0241 0244 0247 0250
0255 0245 0246 0254 0240 0257 0251 0251 0245 0242 0231 0228 0269 2054 0227 1921.
0226 0226 0224 0223 0222 0220 0219 0219 0217 0215 0221 0235
0263 0278 0319 0297 0321 0327 0287 0286 0264 0253 0242 0238 0354 1344 0215 0555.
0235 0234 0227 0223 0223 0219 0223 0223 0222 0222 0225 0233
0253 0271 0272 0266 0269 0263 0267 0254 0251 0239 0228 0223 0288 1016 0217 0618.
0221 0219 0218 0217 0218 0215 0214 0213 0208 0207 0211 0218
0233 0247 0294 0300 0310 0306 0289 0323 0300 0276 0254 0240 0344 1243 0205 0449.
0240 0238 0238 0236 0234 0233 0228 0227 0208 0212 0211 0209
0214 0220 0256 0242 0241 0234 0236 0259 0256 0243 0224 0216 0265 1058 0205 0534.
0213 0217 0213 0212 0207 0210 0202 0198 0194 0191 0189 0191
0190 0197 0200 0199 0205 0203 0203 0201 0201 0203 0195 0195 0218 2136 0187 0922.
0193 0194 0191 0192 0190 0191 0188 0189 0189 0188 0194 0214
0265 0250 0318 0384 0494 0450 0352 0363 0340 0296 0247 0220 0494 1300 0185 0608.
0220 0217 0216 0213 0213 0208 0196 0200 0183 0179 0211 0279
0367 0420 0449 0473 0469 0452 0415 0340 0343 0318 0271 0244 0494 1313 0175 0544.
0228 0226 0221 0214 0210 0210 0207 0199 0198 0200 0219 0273
0315 0390 0425 0459 0461 0458 0394 0410 0338 0294 0272 0265 0489 1253 0193 0438.
0255 0249 0245 0242 0239 0235 0234 0233 0231 0230 0240 0248
0281 0330 0370 0422 0433 0376 0358 0319 0301 0277 0262 0256 0444 1145 0229 0607.
0253 0252 0250 0246 0245 0242 0242 0241 0242 0241 0248 0256
0260 0311 0351 0387 0371 0347 0293 0279 0236 0245 0235 0230 0441 1248 0230 1957.
0221 0219 0218 0219 0217 0217 0216 0218 0218 0215 0219 0228
0240 0272 0312 0361 0370 0353 0314 0303 0331 0282 0242 0225 0383 1247 0212 0548.
0213 0209 0208 0202 0196 0190 0185 0183 0181 0180 0214 0258
0334 0411 0455 0371 0424 0462 0448 0342 0310 0274 0234 0217 0484 1355 0179 0545.
0212 0209 0203 0198 0196 0190 0186 0182 0176 0175 0204 0250
0310 0379 0434 0444 0448 0456 0447 0396 0364 0293 0258 0236 0471 1417 0173 0543.
0225 0219 0213 0209 0203 0200 0197 0194 0191 0188 0217 0248
0294 0363 0426 0446 0448 0441 0355 0393 0339 0284 0258 0247 0462 1331 0186 0614.
0242 0234 0226 0229 0224 0218 0219 0217 0216 0221 0230 0266
0325 0396 0414 0425 0411 0433 0382 0373 0351 0319 0273 0268 0474 1321 0213 0339.
0265 0261 0258 0255 0253 0249 0248 0247 0246 0245 0251 0267
0283 0301 0310 0295 0268 0265 0252 0233 0237 0227 0223 0223 0331 1111 0221 1931.
0219 0222 0223 0222 0224 0225 0222 0220 0208 0202 0221 0264
0321 0400 0444 0455 0465 0436 0418 0326 0314 0290 0269 0254 0489 1316 0200 0603.
0252 0255 0251 0243 0243 0240 0242 0239 0234 0237 0246 0264
0321 0428 0420 0425 0421 0427 0408 0364 0350 0294 0263 0253 0464 1304 0232 0504.
0252 0250 0244 0244 0242 0237 0241 0239 0234 0236 0248 0252
0252 0271 0309 0272 0285 0279 0281 0275 0261 0254 0241 0239 0310 1058 0232 0521.
0235 0233 0226 0226 0224 0223 0225 0219 0220 0213 0214 0219
0228 0226 0240 0243 0241 0238 0240 0226 0229 0230 0227 0222 0250 1437 0213 0518.
0223 0221 0219 0220 0221 0223 0219 0218 0215 0218 0221 0222
0231 0232 0244 0247 0243 0239 0248 0264 0239 0231 0220 0221 0267 1603 0213 0454.
0220 0221 0220 0220 0218 0219 0218 0213 0214 0215 0225 0244
0250 0250 0304 0412 0332 0330 0314 0302 0286 0271 0250 0244 0426 1203 0212 0355.
0242 0237 0237 0235 0235 0233 0230 0234 0231 0220 0232 0248
0270 0265 0289 0339 0369 0344 0321 0289 0285 0278 0261 0257 0403 1310 0219 0612.
0255 0256 0253 0249 0242 0246 0244 0244 0240 0248 0250 0262
0247 0252 0226 0233 0239 0235 0244 0255 0247 0239 0228 0224 0266 0805 0223 1953=
=
??????
******
YF
19011










=
JY
8888=
GK
01/
05/=
BZ
10/03/08;14;20

10/24/24
11/=
######
