57461 3042N 11118E 001331 001343 105 000 S14 11111999919199111991 0 2014 04
PC
0001 0008 0011 0006 0001 9997 9993 9990 9993 9997 0002 0011
0017 0016 0011 0001 9989 9976 9969 9962 9959 9962 9967 9970 0019 0927 9959 1620.
9979 9980 9983 9977 9977 9971 9965 9966 9965 9970 9970 9978
9984 9986 9985 9983 9978 9970 9966 9964 9965 9967 9970 9977 9987 0931 9964 0313.
9986 9993 9994 0000 0004 9998 9998 0000 0001 0007 0017 0025
0036 0040 0040 0034 0028 0022 0020 0019 0023 0031 0037 0049 0049 1958 9977 2001.
0063 0071 0073 0072 0071 0069 0064 0060 0062 0066 0068 0071
0073 0072 0064 0053 0033 0017 0005 9996 9993 9992 9995 0002 0074 2235 9991 1748.
0007 0009 0006 0007 0002 9998 9995 9995 9998 0003 0012 0021
0028 0032 0028 0024 0018 0017 0019 0015 0013 0017 0021 0035 0035 1956 9993 0245.
0044 0050 0056 0058 0058 0053 0046 0041 0043 0045 0047 0054
0058 0060 0059 0053 0050 0042 0035 0029 0026 0030 0034 0038 0060 0937 0024 1647.
0047 0048 0045 0040 0033 0028 0020 0012 0012 0013 0018 0024
0023 0022 0019 0009 0000 9988 9978 9972 9972 9974 9982 9993 0050 2126 9971 1601.
0002 0005 0003 0003 9998 9994 9990 9989 9990 9993 0002 0009
0013 0014 0010 0004 9993 9983 9976 9970 9971 9977 9981 9989 0014 0839 9969 1605.
9999 0004 0008 0007 0005 0000 9993 9988 9986 9990 9996 0003
0005 0004 9996 9984 9973 9961 9952 9945 9944 9946 9953 9963 0008 2250 9944 1615.
9972 9977 9978 9977 9973 9970 9966 9965 9964 9973 9979 9987
9989 9992 9993 9988 9981 9975 9970 9966 9964 9965 9968 9975 9995 1032 9963 2001.
9984 9986 9985 9983 9979 9973 9968 9964 9960 9963 9967 9966
9966 9965 9959 9952 9946 9939 9930 9924 9924 9929 9932 9943 9987 2142 9924 1559.
9953 9961 9963 9967 9968 9965 9965 9967 9973 9980 9988 9996
9999 0008 0010 0007 0002 9994 9987 9983 9986 9987 9994 0001 0012 1014 9943 2001.
0010 0018 0020 0021 0020 0018 0013 0014 0018 0026 0032 0041
0045 0048 0047 0039 0030 0022 0013 0009 0009 0010 0018 0024 0049 1025 0001 2001.
0031 0034 0037 0037 0037 0032 0027 0027 0027 0032 0035 0045
0046 0048 0044 0038 0034 0022 0013 0006 0003 0003 0004 0007 0049 0925 0001 1819.
0011 0011 0011 0006 0002 9993 9984 9971 9969 9975 9972 9980
9980 9978 9974 9963 9955 9945 9939 9932 9930 9935 9941 9948 0012 2037 9929 1652.
9956 9960 9962 9963 9961 9957 9953 9951 9949 9952 9957 9963
9966 9968 9965 9961 9953 9943 9937 9932 9935 9938 9946 9954 9968 0939 9932 1528.
9958 9964 9959 9955 9945 9948 9950 9949 9951 9952 9958 9965
9967 9972 9969 9966 9959 9953 9947 9944 9942 9947 9953 9958 9973 1011 9940 1622.
9973 9978 9977 9974 9971 9970 9968 9964 9966 9970 9972 9969
9971 9970 9963 9961 9954 9953 9945 9934 9936 9937 9942 9951 9980 2222 9933 1608.
9963 9966 9969 9971 9973 9972 9971 9979 9988 9993 0004 0010
0016 0032 0036 0030 0025 0024 0021 0016 0022 0022 0025 0029 0038 1011 9952 2001.
0035 0042 0044 0042 0035 0032 0031 0025 0025 0029 0029 0026
0031 0030 0027 0018 0015 0009 0001 9994 9993 9990 9993 9996 0044 2300 9986 1708.
0007 0006 0007 0004 0001 9989 9979 9986 9981 9989 9996 9997
0001 0007 0012 0008 0006 0005 0001 0001 0007 0014 0023 0031 0031 1956 9975 0419.
0037 0041 0044 0047 0042 0039 0037 0033 0033 0038 0040 0044
0046 0047 0042 0034 0025 0012 0001 9994 9991 9991 9993 9997 0049 0921 9990 1714.
0004 0008 0008 0008 9998 9991 9981 9983 9980 9982 9986 9988
9990 9992 9991 9980 9970 9963 9956 9949 9946 9949 9956 9965 0010 2214 9945 1656.
9975 9980 9979 9979 9974 9968 9965 9961 9958 9959 9959 9974
9982 9981 9986 9983 9979 9973 9968 9964 9964 9966 9973 9976 9987 1120 9957 0501.
9985 9991 9991 9986 9981 9978 9962 9961 9960 9965 9973 9973
9984 9983 9984 9980 9982 9978 9976 9976 9981 9983 9992 0000 0000 1959 9950 0443.
0009 0014 0014 0011 0008 0004 0002 9999 9997 0003 0006 0016
0023 0025 0026 0027 0022 0018 0015 0015 0017 0022 0034 0046 0046 1958 9995 0438.
0058 0062 0063 0063 0060 0055 0047 0045 0044 0047 0054 0061
0061 0061 0059 0050 0040 0031 0022 0018 0016 0020 0027 0038 0066 2338 0015 1625.
0044 0053 0052 0052 0051 0045 0043 0040 0045 0047 0053 0060
0063 0063 0059 0052 0040 0030 0018 0010 0004 0005 0010 0016 0064 0913 0003 1707.
0023 0029 0031 0028 0024 0020 0013 0011 0008 0011 0018 0019
0020 0017 0013 0005 9998 9987 9979 9975 9972 9971 9975 9980 0031 2253 9971 1655.
9986 9991 9989 9987 9984 9974 9965 9962 9962 9963 9967 9968
9968 9968 9964 9956 9948 9940 9934 9929 9926 9926 9932 9940 9991 2152 9926 1654=
0155 0170 0134 0129
0128 0137 0128 0136
0157 0185 0180 0209
0227 0231 0175 0161
0155 0180 0175 0194
0212 0214 0202 0199
0189 0185 0147 0153
0153 0169 0140 0148
0157 0162 0117 0120
0125 0144 0132 0133
0131 0124 0097 0101
0124 0156 0154 0161
0178 0202 0181 0184
0190 0204 0182 0167
0152 0139 0103 0107
0115 0122 0102 0113
0107 0125 0111 0117
0128 0127 0111 0109
0131 0169 0184 0189
0193 0187 0170 0157
0149 0158 0166 0192
0200 0205 0171 0156
0149 0147 0121 0124
0127 0133 0132 0136
0137 0133 0137 0160
0163 0176 0177 0207
0215 0222 0189 0197
0203 0219 0188 0174
0178 0177 0145 0138
0131 0126 0096 0096=
TB
0199 0187 0181 0172 0165 0159 0153 0151 0148 0145 0146 0154
0170 0179 0194 0206 0214 0232 0227 0226 0220 0211 0202 0190 0238 1327 0144 0627.
0183 0179 0173 0169 0162 0157 0154 0153 0154 0151 0152 0157
0168 0178 0184 0193 0201 0201 0201 0204 0201 0199 0191 0185 0205 1559 0151 0532.
0176 0168 0154 0145 0137 0132 0128 0124 0124 0118 0121 0140
0164 0201 0234 0244 0254 0259 0263 0247 0238 0230 0220 0210 0269 1425 0117 0559.
0204 0197 0187 0180 0172 0160 0152 0146 0140 0135 0131 0147
0168 0185 0209 0220 0227 0236 0242 0236 0229 0222 0213 0205 0244 1441 0129 0631.
0197 0195 0188 0183 0177 0175 0166 0168 0166 0166 0164 0171
0182 0198 0217 0236 0224 0225 0220 0223 0218 0214 0212 0202 0236 1200 0164 0652.
0199 0193 0190 0182 0180 0172 0169 0168 0164 0160 0159 0159
0160 0160 0161 0160 0155 0154 0155 0153 0154 0152 0149 0149 0203 2016 0149 1853.
0151 0150 0147 0145 0143 0138 0132 0131 0122 0121 0124 0132
0141 0166 0182 0191 0207 0215 0219 0220 0219 0210 0200 0188 0226 1618 0120 0529.
0180 0171 0164 0161 0154 0147 0140 0136 0133 0128 0129 0145
0168 0187 0204 0228 0244 0255 0252 0250 0243 0231 0219 0208 0257 1429 0127 0629.
0203 0192 0181 0172 0169 0164 0155 0152 0150 0145 0146 0161
0187 0212 0229 0248 0266 0280 0278 0280 0280 0265 0248 0232 0284 1507 0144 0609.
0222 0220 0213 0205 0203 0195 0193 0195 0191 0189 0191 0191
0191 0194 0201 0213 0214 0212 0207 0196 0193 0194 0189 0183 0232 2001 0183 1946.
0180 0177 0178 0175 0175 0174 0173 0171 0172 0170 0167 0169
0170 0175 0178 0182 0180 0182 0183 0179 0180 0176 0174 0167 0184 1332 0167 0654.
0160 0151 0147 0144 0143 0142 0141 0141 0139 0139 0135 0134
0133 0136 0142 0146 0155 0170 0179 0181 0181 0181 0173 0169 0187 1528 0132 0813.
0165 0163 0154 0155 0154 0153 0151 0144 0141 0139 0136 0146
0170 0186 0203 0214 0222 0222 0219 0220 0221 0213 0203 0198 0228 1335 0135 0625.
0194 0189 0183 0175 0172 0169 0161 0156 0156 0157 0161 0164
0168 0174 0186 0180 0178 0174 0170 0172 0172 0167 0166 0163 0197 2001 0156 0354.
0161 0161 0161 0161 0160 0160 0159 0157 0157 0156 0157 0158
0161 0159 0168 0176 0179 0189 0186 0182 0179 0171 0167 0169 0195 1427 0156 0557.
0170 0170 0167 0164 0164 0166 0166 0165 0164 0161 0157 0157
0156 0156 0158 0158 0158 0161 0161 0162 0163 0163 0158 0157 0171 2119 0155 0818.
0158 0156 0155 0153 0154 0154 0152 0150 0151 0151 0152 0153
0158 0161 0169 0175 0187 0188 0191 0197 0198 0193 0189 0185 0201 1619 0150 0400.
0183 0181 0177 0175 0173 0171 0171 0170 0168 0166 0164 0166
0167 0171 0171 0174 0171 0174 0176 0177 0178 0182 0179 0178 0185 2001 0163 0642.
0176 0174 0173 0173 0172 0172 0169 0170 0174 0170 0167 0168
0167 0162 0148 0146 0147 0157 0165 0168 0174 0172 0166 0162 0178 2001 0145 1144.
0161 0159 0156 0154 0145 0141 0136 0135 0136 0134 0137 0146
0150 0156 0161 0166 0162 0160 0158 0155 0154 0143 0140 0139 0166 1200 0133 0341.
0137 0136 0136 0134 0135 0135 0135 0131 0129 0129 0129 0131
0133 0135 0138 0149 0156 0162 0161 0174 0179 0172 0166 0162 0179 1649 0129 0410.
0155 0149 0141 0141 0134 0131 0131 0131 0127 0127 0132 0147
0176 0199 0205 0210 0219 0227 0227 0226 0221 0216 0208 0198 0235 1547 0126 0524.
0192 0184 0178 0170 0164 0158 0153 0146 0144 0143 0145 0158
0170 0175 0178 0169 0187 0193 0201 0201 0194 0189 0182 0177 0203 1452 0142 0605.
0175 0170 0162 0155 0149 0146 0148 0143 0141 0145 0149 0155
0163 0165 0170 0182 0180 0189 0178 0175 0175 0169 0162 0160 0190 1355 0141 0500.
0162 0160 0160 0161 0160 0159 0159 0159 0156 0155 0154 0154
0155 0158 0166 0167 0170 0173 0174 0173 0171 0172 0169 0169 0175 1509 0153 0524.
0168 0167 0165 0164 0164 0163 0162 0160 0158 0157 0158 0160
0169 0185 0189 0192 0199 0195 0188 0179 0177 0169 0164 0160 0203 1319 0156 0548.
0155 0145 0146 0145 0146 0145 0143 0142 0140 0137 0144 0156
0172 0197 0212 0225 0231 0242 0244 0246 0236 0229 0220 0208 0248 1535 0136 0554.
0197 0185 0179 0169 0166 0164 0160 0156 0154 0151 0156 0169
0190 0207 0220 0236 0246 0255 0258 0259 0254 0243 0229 0218 0263 1435 0151 0559.
0200 0184 0170 0163 0157 0147 0145 0140 0143 0143 0145 0164
0189 0212 0219 0225 0237 0248 0257 0242 0238 0232 0221 0209 0259 1459 0140 0338.
0201 0193 0179 0171 0167 0159 0153 0147 0144 0143 0149 0174
0204 0230 0251 0269 0279 0283 0281 0282 0271 0265 0253 0239 0290 1339 0141 0547=
IB
=
0048 0048 0057 0067 0066 0069 0063 0069 0087 0080 0085 0095
0087 0098 0090 0065 0036 0042 0033 0046 0046 0046 0039 0044.
0052 0064 0071 0070 0079 0077 0074 0088 0074 0079 0077 0084
0077 0067 0056 0061 0068 0038 0050 0048 0054 0044 0056 0060.
0062 0063 0079 0082 0068 0079 0085 0087 0085 0081 0080 0088
0081 0091 0071 0067 0056 0032 0023 0045 0047 0054 0067 0076.
0060 0057 0065 0068 0075 0082 0075 0074 0075 0081 0080 0084
0090 0064 0064 0050 0043 0040 0055 0050 0058 0080 0086 0094.
0099 0102 0104 0104 0096 0106 0107 0109 0100 0107 0107 0114
0120 0113 0105 0100 0109 0103 0108 0111 0115 0109 0113 0106.
0089 0077 0074 0076 0101 0112 0110 0097 0118 0122 0117 0119
0070 0062 0068 0070 0092 0091 0085 0085 0086 0098 0105 0097.
0045 0044 0038 0045 0046 0080 0074 0092 0098 0107 0105 0102
0087 0075 0076 0066 0080 0081 0094 0099 0104 0108 0110 0109.
0118 0112 0111 0119 0118 0117 0112 0113 0112 0110 0111 0115
0113 0115 0121 0118 0127 0127 0137 0136 0129 0144 0150 0151.
0153 0147 0148 0139 0144 0141 0135 0136 0135 0125 0125 0128
0136 0139 0145 0149 0147 0146 0148 0143 0116 0129 0121 0128.
0136 0134 0137 0139 0140 0141 0135 0141 0142 0146 0142 0152
0158 0162 0161 0163 0164 0168 0175 0176 0180 0177 0170 0165.
0163 0164 0167 0165 0167 0161 0165 0163 0157 0160 0154 0154
0155 0158 0149 0155 0151 0155 0146 0155 0158 0158 0156 0156.
0150 0140 0139 0136 0127 0122 0114 0114 0109 0107 0105 0115
0117 0125 0124 0121 0121 0115 0126 0123 0117 0114 0120 0118.
0123 0119 0129 0132 0129 0137 0136 0133 0131 0125 0127 0130
0121 0126 0123 0117 0125 0113 0122 0126 0126 0127 0130 0133.
0138 0140 0134 0140 0135 0138 0132 0141 0136 0142 0141 0141
0143 0133 0135 0131 0139 0147 0150 0148 0150 0151 0148 0150.
0143 0150 0145 0150 0150 0145 0148 0146 0146 0140 0146 0142
0150 0143 0155 0147 0144 0150 0151 0151 0148 0154 0154 0156.
0155 0155 0152 0156 0156 0153 0158 0157 0156 0155 0151 0146
0150 0150 0152 0145 0150 0151 0145 0149 0145 0141 0142 0142.
0131 0141 0139 0140 0141 0136 0137 0134 0133 0130 0129 0132
0135 0134 0140 0142 0144 0141 0139 0139 0137 0141 0142 0142.
0154 0148 0159 0157 0151 0156 0153 0146 0148 0151 0156 0158
0159 0161 0160 0161 0160 0164 0154 0160 0163 0162 0161 0158.
0163 0157 0156 0162 0162 0157 0154 0145 0147 0133 0130 0129
0123 0127 0132 0135 0136 0135 0134 0135 0133 0135 0131 0124.
0128 0123 0127 0123 0130 0131 0128 0127 0128 0125 0128 0123
0121 0122 0119 0102 0107 0112 0118 0117 0116 0125 0120 0128.
0126 0127 0127 0126 0127 0127 0122 0118 0118 0123 0118 0125
0127 0124 0132 0139 0134 0140 0141 0143 0136 0133 0139 0137.
0140 0133 0127 0133 0120 0122 0123 0118 0119 0119 0124 0134
0125 0129 0114 0119 0113 0105 0108 0104 0112 0113 0103 0113.
0115 0122 0123 0125 0126 0118 0126 0123 0123 0125 0125 0122
0125 0126 0131 0136 0131 0137 0126 0133 0133 0142 0133 0132.
0130 0137 0133 0135 0133 0128 0127 0125 0127 0129 0129 0130
0128 0134 0139 0135 0139 0135 0143 0142 0144 0145 0144 0142.
0137 0144 0144 0145 0145 0141 0146 0141 0146 0147 0146 0141
0147 0150 0153 0157 0153 0156 0163 0162 0160 0161 0158 0156.
0158 0157 0154 0154 0149 0153 0147 0152 0143 0142 0142 0138
0132 0144 0135 0138 0124 0130 0128 0140 0148 0144 0144 0145.
0137 0130 0133 0134 0136 0135 0135 0129 0132 0123 0136 0133
0135 0132 0129 0103 0102 0082 0075 0094 0085 0100 0102 0109.
0115 0120 0115 0122 0124 0126 0124 0120 0114 0121 0120 0124
0125 0119 0111 0088 0077 0076 0059 0065 0066 0070 0078 0080.
0080 0100 0101 0097 0098 0105 0105 0102 0095 0097 0099 0093
0099 0101 0088 0100 0097 0091 0099 0098 0115 0113 0112 0115.
0111 0118 0121 0116 0118 0128 0126 0122 0123 0123 0126 0133
0136 0135 0127 0122 0134 0122 0129 0137 0127 0139 0144 0146=
EA
086 086 091 098 098 099 096 099 113 107 111 119
112 121 115 097 079 082 077 085 085 085 080 083.
088 096 101 100 107 105 103 113 103 106 105 111
105 098 091 094 099 080 087 086 089 084 091 094.
095 096 107 109 099 106 111 112 111 108 107 113
108 115 101 098 091 077 072 084 085 090 098 104.
093 092 097 099 104 109 104 103 104 108 107 110
115 096 096 087 083 082 091 087 092 107 111 118.
122 125 126 126 119 128 128 130 123 128 129 134
140 134 127 122 130 125 129 132 136 130 133 128.
114 105 103 104 124 133 131 120 138 142 137 139
100 094 099 100 116 115 111 111 112 121 127 120.
084 084 080 084 085 107 103 116 121 128 127 124
113 104 104 097 107 108 118 122 126 129 131 130.
138 133 132 139 138 137 133 134 133 131 132 135
134 136 141 139 147 147 157 155 149 164 171 172.
174 167 168 159 164 160 155 155 155 145 144 148
155 159 165 169 167 166 168 163 136 149 141 148.
155 153 157 159 160 161 154 161 161 166 161 172
179 185 183 185 186 191 200 201 206 203 194 187.
186 186 189 188 190 183 187 185 178 182 175 175
176 180 169 175 171 175 166 176 179 179 177 177.
171 160 159 156 147 142 135 135 130 129 127 135
137 145 144 141 141 136 146 143 137 135 140 139.
143 139 149 151 149 156 156 152 151 144 146 149
141 146 143 138 144 134 142 145 146 147 150 152.
158 159 153 160 155 158 152 161 156 162 161 160
163 153 154 151 159 167 170 169 171 171 168 170.
163 170 165 170 171 165 168 166 166 159 166 161
170 162 176 167 164 170 171 171 168 175 175 177.
176 176 173 177 177 174 179 178 177 176 171 166
170 170 172 165 170 172 165 169 165 161 161 162.
151 161 158 160 161 156 157 153 153 149 148 151
154 154 160 162 164 160 159 158 157 161 162 162.
174 168 180 178 172 177 173 167 168 172 177 179
181 183 181 183 181 187 175 182 185 184 182 179.
185 179 178 184 184 178 175 165 167 153 150 149
143 147 151 154 155 155 154 155 153 155 151 144.
148 143 147 143 150 151 148 147 148 144 147 143
141 142 139 125 129 133 138 137 136 145 141 148.
146 146 146 146 147 147 142 139 138 143 138 145
147 144 151 159 154 160 161 163 156 153 159 156.
160 152 146 153 140 142 143 139 139 139 144 154
145 149 135 139 134 127 130 126 133 134 125 134.
136 142 143 145 145 138 146 143 143 145 145 142
145 146 151 156 151 157 146 153 153 162 152 152.
150 157 153 155 152 148 146 145 146 149 149 150
148 154 159 155 159 155 163 162 164 165 164 162.
156 164 164 165 165 161 166 161 166 167 166 161
167 170 174 179 174 178 185 184 181 182 179 177.
180 179 174 175 170 174 167 173 163 162 161 158
152 164 155 158 144 150 147 160 168 164 164 165.
157 150 153 153 156 155 155 149 152 143 156 152
155 151 148 125 124 109 104 117 111 123 124 130.
135 140 135 142 143 145 144 140 135 141 140 144
145 139 132 114 105 104 093 097 097 100 106 107.
108 123 124 120 121 127 127 125 119 121 122 117
122 123 113 123 120 116 122 121 136 134 133 136.
132 139 141 136 139 148 146 142 143 143 146 153
156 154 147 142 154 142 148 157 147 159 164 166=
UB
37 40 44 50 52 55 55 58 67 65 67 68
58 59 51 40 31 29 28 31 32 34 34 38 26 1321.
42 47 51 52 58 59 59 65 59 62 61 62
55 48 43 42 42 34 37 36 38 36 41 44 32 1425.
47 50 61 66 63 70 75 78 77 78 76 71
58 49 35 32 28 23 21 27 29 32 37 42 20 1454.
39 40 45 48 53 60 60 62 65 70 71 66
60 45 39 33 30 28 30 30 33 40 44 49 27 1443.
53 55 58 60 59 64 68 68 65 68 69 69
67 58 49 42 48 46 49 49 52 51 53 54 40 1201.
49 47 47 50 60 68 68 63 74 78 76 77
55 52 54 55 66 66 63 64 64 70 75 71 44 2208.
49 49 48 51 52 68 68 77 85 91 88 82
70 55 50 44 44 42 45 46 48 52 56 60 41 1330.
67 68 71 76 79 82 83 86 87 89 89 82
70 63 59 50 48 45 49 49 49 58 65 70 44 1408.
73 75 81 81 85 86 88 90 91 88 87 81
72 63 59 54 48 44 45 43 36 43 45 52 35 1648.
58 58 62 66 67 71 69 71 73 76 73 78
81 82 78 73 73 76 82 88 92 90 89 89 50 2001.
90 92 93 94 95 92 95 95 91 94 92 91
91 90 83 84 83 84 79 86 87 89 89 93 78 1225.
94 93 95 95 90 88 84 84 82 81 82 88
90 93 89 85 80 70 71 69 66 65 71 72 63 1649.
76 75 85 86 85 90 91 93 94 91 94 90
73 68 60 54 54 50 54 55 55 58 63 66 49 1235.
70 73 73 80 79 82 83 91 88 91 88 86
85 77 72 73 78 84 88 86 87 90 89 92 65 2004.
89 93 90 93 94 91 93 93 93 90 93 90
93 90 92 83 80 78 80 82 82 90 92 92 73 1433.
91 91 91 95 95 92 95 95 95 96 96 93
96 96 96 92 95 94 90 92 89 87 90 91 84 1740.
84 91 90 92 92 89 91 90 89 87 86 87
86 84 83 81 76 74 72 69 68 72 74 76 65 1622.
83 81 89 89 87 91 89 86 88 91 95 95
95 94 93 92 93 94 87 90 91 88 89 88 76 2002.
92 90 90 93 94 91 91 85 84 79 79 78
75 80 90 93 93 87 82 81 77 79 80 78 73 1702.
81 79 83 82 91 94 95 95 95 94 94 86
83 80 76 66 70 73 77 78 78 89 88 93 63 1221.
93 94 94 95 95 95 92 92 93 96 93 96
96 93 96 94 87 87 88 82 76 78 84 85 73 1631.
91 90 91 95 91 94 95 92 95 95 95 92
72 64 56 56 51 46 47 46 50 52 51 58 43 1550.
61 67 70 75 78 77 84 86 87 89 88 79
75 73 74 81 70 70 62 65 68 74 73 75 55 1504.
75 81 83 88 90 89 87 89 91 90 88 85
80 82 82 74 77 71 80 81 82 86 89 89 67 1348.
85 90 90 90 91 89 92 89 94 95 95 92
95 95 92 94 90 90 93 93 93 93 93 92 85 2027.
94 94 93 94 91 94 91 95 91 91 90 87
79 77 71 71 62 66 68 78 83 85 88 91 61 1309.
89 91 92 93 94 94 95 92 95 91 95 86
79 66 59 46 44 36 34 38 38 44 47 53 32 1514.
59 66 66 74 76 78 79 79 77 82 79 75
66 57 50 39 34 32 28 29 30 33 38 41 25 1508.
46 58 64 65 68 76 77 78 73 74 74 63
56 49 43 45 41 37 37 40 46 47 50 55 35 1341.
56 62 69 70 73 82 84 85 87 88 86 77
65 55 46 40 41 37 39 41 41 46 51 56 35 1347=
N=
H=
C=
V=
R6
0000 0000 0000
0000 0000 0000
0000 0000 0000
0000 0000 0000
0000 0000 0000
0000 0001 0001
0000 0000 0000
0000 0000 0000
0000 0000 0000
0000 0031 0031
0137 0000 0137
0023 0059 0082
0000 0000 0000
0027 0049 0076
0003 0001 0004
0010 0007 0017
0000 0000 0000
0008 0003 0011
0000 0105 0105
0000 0035 0035
0402 0046 0448
0000 0000 0000
0000 0002 0002
0000 0003 0003
0040 0039 0079
0000 0040 0040
0033 0000 0033
0000 0000 0000
0000 0000 0000
0000 0000 0000=
0000 0000 0000 0000 0000 0000 0000 0000 0000 0000 0000 0000
0000 0000 0000 0000 0000 0000 0000 0000 0000 0000 0000 0000.
0000 0000 0000 0000 0000 0000 0000 0000 0000 0000 0000 0000
0000 0000 0000 0000 0000 0000 0000 0000 0000 0000 0000 0000.
0000 0000 0000 0000 0000 0000 0000 0000 0000 0000 0000 0000
0000 0000 0000 0000 0000 0000 0000 0000 0000 0000 0000 0000.
0000 0000 0000 0000 0000 0000 0000 0000 0000 0000 0000 0000
0000 0000 0000 0000 0000 0000 0000 0000 0000 0000 0000 0000.
0000 0000 0000 0000 0000 0000 0000 0000 0000 0000 0000 0000
0000 0000 0000 0000 0000 0000 0000 0000 0000 0000 0000 0000.
0000 0000 0000 0000 0000 0000 0000 0000 0000 0000 0000 0000
0000 0000 0000 0000 0000 0001 0000 0000 0000 0000 0000 0000.
0000 0000 0000 0000 0000 0000 0000 0000 0000 0000 0000 0000
0000 0000 0000 0000 0000 0000 0000 0000 0000 0000 0000 0000.
0000 0000 0000 0000 0000 0000 0000 0000 0000 0000 0000 0000
0000 0000 0000 0000 0000 0000 0000 0000 0000 0000 0000 0000.
0000 0000 0000 0000 0000 0000 0000 0000 0000 0000 0000 0000
0000 0000 0000 0000 0000 0000 0000 0000 0000 0000 0000 0000.
0000 0000 0000 0000 0000 0000 0000 0000 0000 0000 0000 0000
0000 0004 0000 0000 0000 0000 0003 0012 0001 0001 0006 0004.
0014 0001 0001 0030 0019 0025 0042 0003 0002 0000 0000 0000
0000 0000 0000 0000 0000 0000 0000 0000 0000 0000 0000 0000.
0001 0000 0003 0000 0000 0000 0000 0000 0000 0000 0005 0014
0019 0026 0013 0001 0000 0000 0000 0000 0000 0000 0000 0000.
0000 0000 0000 0000 0000 0000 0000 0000 0000 0000 0000 0000
0000 0000 0000 0000 0000 0000 0000 0000 0000 0000 0000 0000.
0000 0000 0000 0000 0000 0000 0019 0008 0000 0000 0000 0000
0000 0000 0000 0000 0002 0005 0000 0004 0007 0014 0002 0015.
0003 0000 0000 0000 0000 0000 0000 0000 0000 0000 0000 0000
0001 0000 0000 0000 0000 0000 0000 0000 0000 0000 0000 0000.
0000 0000 0001 0000 0000 0000 0000 0001 0001 0005 0001 0001
0001 0003 0002 0000 0001 0000 0000 0000 0000 0000 0000 0000.
0000 0000 0000 0000 0000 0000 0000 0000 0000 0000 0000 0000
0000 0000 0000 0000 0000 0000 0000 0000 0000 0000 0000 0000.
0000 0000 0000 0000 0000 0000 0000 0000 0000 0005 0003 0000
0000 0000 0000 0000 0002 0001 0000 0000 0000 0000 0000 0000.
0000 0000 0000 0000 0000 0000 0000 0000 0000 0000 0000 0000
0000 0003 0054 0033 0012 0001 0002 0000 0000 0000 0000 0000.
0000 0000 0000 0000 0000 0000 0000 0000 0000 0000 0000 0000
0000 0000 0000 0000 0000 0000 0000 0001 0000 0023 0001 0010.
0021 0008 0007 0020 0000 0000 0006 0027 0167 0063 0066 0017
0014 0022 0009 0000 0001 0000 0000 0000 0000 0000 0000 0000.
0000 0000 0000 0000 0000 0000 0000 0000 0000 0000 0000 0000
0000 0000 0000 0000 0000 0000 0000 0000 0000 0000 0000 0000.
0000 0000 0000 0000 0000 0000 0000 0000 0000 0000 0000 0000
0000 0000 0000 0001 0000 0001 0000 0000 0000 0000 0000 0000.
0000 0000 0000 0000 0000 0000 0000 0000 0000 0000 0000 0000
0000 0000 0000 0000 0000 0000 0000 0000 0000 0002 0001 0000.
0000 0000 0000 0000 0000 0000 0000 0000 0027 0001 0003 0009
0007 0015 0001 0012 0004 0000 0000 0000 0000 0000 0000 0000.
0000 0000 0000 0000 0000 0000 0000 0000 0000 0000 0000 0000
0000 0000 0000 0000 0000 0000 0000 0007 0002 0001 0010 0020.
0017 0011 0001 0002 0002 0000 0000 0000 0000 0000 0000 0000
0000 0000 0000 0000 0000 0000 0000 0000 0000 0000 0000 0000.
0000 0000 0000 0000 0000 0000 0000 0000 0000 0000 0000 0000
0000 0000 0000 0000 0000 0000 0000 0000 0000 0000 0000 0000.
0000 0000 0000 0000 0000 0000 0000 0000 0000 0000 0000 0000
0000 0000 0000 0000 0000 0000 0000 0000 0000 0000 0000 0000.
0000 0000 0000 0000 0000 0000 0000 0000 0000 0000 0000 0000
0000 0000 0000 0000 0000 0000 0000 0000 0000 0000 0000 0000=
0000 ////////// 00000=
W=
LA
=
002 001 000 002 000 000 001 000 001 001 000 001
001 001 000 002 002 003 003 003 002 003 003 001 033.
000 001 001 001 000 000 000 002 000 002 000 001
000 002 000 001 002 002 001 002 000 002 000 002 022.
000 000 001 000 001 000 001 000 000 001 000 002
001 000 003 002 002 004 002 003 005 000 003 001 032.
001 002 000 001 000 001 000 001 000 001 000 000
001 002 002 002 001 000 000 000 000 000 000 000 015.
000 000 000 000 000 000 000 000 000 000 000 000
000 000 000 000 000 000 000 000 000 000 000 000 000.
000 000 000 000 000 000 000 000 000 000 000 000
000 000 000 000 000 001 000 000 000 000 000 000 001.
000 000 000 000 000 000 000 000 000 000 000 000
000 000 000 000 000 000 000 000 000 000 000 000 000.
000 000 000 000 000 000 000 000 000 000 000 000
000 000 000 000 000 000 000 000 000 000 000 000 000.
000 000 000 000 000 000 000 000 000 000 000 000
000 000 000 000 000 000 000 000 000 000 000 000 000.
000 000 000 000 000 000 000 000 000 000 000 000
000 004 000 000 000 000 003 012 001 001 006 004 031.
014 001 001 030 019 025 030 003 002 000 000 000
000 000 000 000 000 000 000 000 000 000 000 000 125.
001 000 003 000 000 000 000 000 000 000 005 014
002 002 001 001 000 001 002 001 001 001 001 000 036.
001 000 000 000 000 001 001 000 000 000 001 000
000 001 001 003 002 002 002 002 002 003 001 001 024.
000 001 001 000 001 000 003 000 000 001 000 001
000 000 001 001 000 001 000 000 000 001 001 001 014.
000 000 001 000 000 001 001 000 001 001 000 001
000 001 000 001 001 000 002 001 000 001 000 000 013.
001 000 000 000 000 001 000 000 000 000 000 001
000 000 001 000 000 000 000 000 001 000 002 000 007.
000 001 000 000 000 001 000 000 001 000 001 001
000 000 000 001 000 000 002 000 000 001 001 000 010.
000 000 000 000 000 000 000 001 000 000 000 000
000 000 030 000 000 000 000 000 000 000 000 000 031.
000 000 000 000 001 000 000 000 001 001 000 001
000 000 002 002 000 001 000 000 002 000 000 000 011.
001 001 000 000 001 000 000 001 000 001 000 000
001 000 001 000 002 000 000 001 000 000 001 000 011.
003 000 002 007 003 002 000 016 030 030 030 021
012 022 011 002 002 001 001 000 001 000 000 000 196.
001 000 001 001 000 000 000 001 000 001 000 000
001 001 002 002 000 001 003 004 002 004 001 002 028.
002 000 001 001 001 000 001 001 001 000 000 002
000 001 001 000 001 002 001 002 001 002 001 001 023.
001 001 001 000 000 000 001 000 001 001 000 001
000 001 000 001 001 000 000 000 001 000 001 000 012.
001 001 000 000 001 000 001 000 002 001 000 000
002 001 002 003 010 001 001 000 000 001 000 000 028.
000 000 000 000 001 000 000 000 000 000 001 000
001 001 001 001 001 001 000 000 003 001 006 014 032.
022 011 004 002 003 001 001 000 000 001 000 001
001 000 002 002 003 001 004 003 005 002 003 001 073.
001 001 001 001 001 001 000 002 000 001 001 000
001 002 001 001 001 002 005 003 004 004 004 003 041.
000 002 001 002 000 002 000 002 001 000 001 002
001 002 001 002 001 004 001 005 002 003 001 002 038.
001 001 001 001 000 001 001 001 000 002 000 001
001 001 000 002 002 001 004 004 004 004 003 002 038=
Z=
G=
FN
153013 213008 166007 342012 042009 027004
352005 335009 239004 330009 321004 103006
359003 324008 127017 138022 169030 180023
138028 160023 125030 170027 155023 107003.
084010 215003 254003 357007 255009 275011
116007 PPC001 040010 277008 343011 220004
039007 058017 126016 090008 157015 165017
138016 172017 143016 097007 241008 273010.
266006 268011 331005 346011 343009 262004
289005 344006 320011 PPC000 286006 335011
322015 274011 096015 206023 144020 154023
057026 102027 103044 102025 078020 084013.
051014 032010 033009 217005 047007 298004
012010 022007 054006 293008 208006 109008
149006 300008 192006 134012 143024 135023
171025 133037 129041 133024 140029 100013.
082012 090009 022007 321008 342011 263003
298005 336008 309011 322006 227006 PPC001
333007 214014 177006 195012 164027 096026
114013 167020 181017 192011 161009 155017.
157014 181019 131008 221006 209009 357005
330008 329004 052010 174013 154013 176014
151020 189013 139011 146018 175004 078010
225007 208009 259012 239003 239009 231007.
183012 169014 151012 169011 155003 171008
172005 178010 304006 PPC002 272010 305007
339016 064010 154020 132017 146024 118037
163025 159029 144028 106028 094019 120021.
083009 061003 064006 228009 293011 066005
353009 321007 225008 305006 PPC002 337008
069008 158009 188024 093019 211034 189030
160039 154044 165028 152015 126016 081016.
105012 087010 001008 335016 254009 002008
337010 301006 012009 020006 353009 351007
142006 113009 131023 142023 155036 147030
168046 116023 133025 099045 104026 062014.
061013 058012 225010 272006 259011 212011
325011 351007 074005 271007 052008 244011
345007 015006 323010 351014 063010 338012
265010 338013 061008 PPC002 083020 071018.
PPC002 310005 269008 278003 269009 264007
171011 125013 150007 304011 255010 238007
275014 260008 025006 338006 301006 341011
067008 185014 131013 153013 182012 132009.
166015 105019 151023 138027 122021 131015
171033 152017 159019 152012 187009 240010
269005 182011 152010 202006 244009 192014
233017 273014 274011 311011 286003 168019.
157011 151007 038006 PPC002 222006 247007
PPC002 009003 113003 144007 029005 336011
319013 161015 089015 180021 153023 159030
154019 139025 153017 141020 133032 157021.
134009 124008 122012 097021 109017 094020
119013 086007 073012 071015 162010 182008
091009 PPC001 003009 245004 305010 274003
214009 265008 308005 144011 077004 PPC000.
242008 269014 271012 274012 308009 237006
248010 241007 336006 338015 088006 329007
150006 304008 343014 100008 152012 135019
161020 121018 147015 142016 182011 272007.
PPC000 237011 255007 237012 255004 334004
151006 213007 160009 135014 149017 163014
159017 151021 148015 157017 173018 141018
133019 134014 150018 157024 160023 128006.
116012 351007 226010 320014 211009 082016
124017 129027 128009 140004 088017 179017
254011 242009 282005 315009 263007 234010
207018 250007 294007 301006 241006 269008.
279011 292010 300004 270009 270004 292006
234008 251006 116006 333006 PPC000 327007
259011 PPC001 267011 255007 218009 336008
PPC000 242017 224007 223006 143014 104011.
014007 177012 076007 115011 245004 017003
218008 096018 110017 142020 151027 155022
153018 195022 105012 119012 186016 179013
183012 243011 191005 161008 141012 164011.
141013 166011 PPC002 214007 272004 244005
116003 206007 348008 051007 235010 343009
238010 105009 185013 090013 218007 002006
358011 030011 242005 006007 PPC001 177006.
252008 247004 269007 346007 PPC000 203005
340007 354019 174010 263011 280008 279009
281006 277012 270014 255013 279010 208007
178013 172009 257006 310007 278006 261010.
270006 254012 252003 191008 293009 293005
038006 237011 278017 PPC001 357005 001008
191011 210009 162021 204019 190028 222025
152022 149025 162025 145017 127025 137014.
101013 047007 042007 330012 347016 355005
321010 317011 343008 354006 320008 274006
199007 186009 169013 159017 153017 172021
075017 156015 139028 149019 121037 142014.
078012 057008 333007 339008 285004 360007
279005 333005 353008 066009 029008 304007
229011 071015 341010 190006 141013 180015
165021 154019 151016 206007 259010 295009.
263008 272008 331009 340008 255008 332005
098006 272009 221010 PPC002 247008 193008
290013 256011 343008 026006 117007 PPC002
143005 191014 163010 131014 098008 144004.
086006 057006 195006 126005 139006 098009
072013 092007 064006 071011 111018 082014
152012 278012 224011 190021 094020 187016
170011 339012 307003 014012 003006 079022.
087010 069006 279008 204005 262007 213008
348010 024008 339005 351005 333007 329012
238015 205016 226015 151013 142024 151020
122028 149023 139037 160019 148016 199007.
259007 321010 263009 PPC001 349009 342009
329009 290007 322007 325012 PPC001 195006
314013 207013 328012 338013 032013 155013
210023 188024 143021 147019 129024 153010.
189005 302007 335017 313012 256009 323008
309007 295008 319012 255009 351006 318017
353011 167009 198010 158022 117023 163033
154028 119029 090024 117014 067014 053012.
079015 347010 355008 340005 279005 059006
355005 019005 019011 PPC000 003007 346004
003005 173013 262010 171017 202021 178035
149031 153033 169030 111026 094024 088031=
147010 200009 175007 347011 063009 018006
005003 338008 236006 338007 333003 139007
353006 219006 099013 144019 147028 168023
159031 134027 139029 157024 154025 101005.
082011 226005 PPC002 351006 265007 270009
128006 339004 057010 276006 331012 235008
061009 087015 111014 066007 101013 178017
144013 158015 150017 128008 246007 278010.
278006 261010 301004 334010 329014 307006
295007 293010 318011 PPC001 269006 334007
324014 260010 149013 195025 171021 177020
054025 104036 116035 094027 085020 087016.
049015 040010 036008 041003 088006 291005
004008 354008 040006 279009 226008 119009
224007 305010 179011 162020 106025 132020
165025 143032 127035 155024 128027 106018.
078011 080011 027007 339008 340011 276010
291006 324008 292009 308006 241005 292004
342005 216011 167012 220011 175022 117024
116017 136012 173016 171010 150010 158015.
164012 175017 127009 219006 227007 347006
351007 008004 027007 177013 156012 167014
154018 148013 149009 169012 164008 046006
148006 193012 263009 227007 254008 205007.
186014 168014 160014 167009 208003 175008
190005 004004 261006 245004 252008 283007
341014 084014 181021 160024 156025 120022
122027 142027 149027 118024 098018 107018.
075013 063004 054006 231009 281009 173003
345014 307006 243007 312006 322007 334007
132008 141012 138017 104017 178026 183032
156036 135033 147031 138026 113016 080017.
112011 091009 356009 333015 258008 351007
348008 290007 008007 013007 001006 351005
137007 142009 139019 113020 160029 153029
149035 135031 152032 099033 110028 065013.
057012 054012 227011 279007 266010 203005
300006 325008 103005 272006 012009 238009
340006 335005 345008 318016 034012 330012
286010 336011 036008 188005 100018 079015.
176005 329007 279008 298004 298005 273004
178009 115012 106009 283011 250011 269003
256011 262006 319008 315005 309008 329009
085007 177014 160012 140012 171011 127014.
158018 128022 149019 128026 137025 137022
155027 164020 146019 155020 179010 252008
320004 254005 182008 191009 198010 213013
232017 285017 278014 303010 PPC001 160018.
159011 155008 026007 197005 236006 237004
PPC002 000006 128006 137006 027004 325009
036010 149018 122017 170017 154021 181030
164024 165027 164021 143024 148023 145020.
131014 115009 114012 106017 106018 093019
122015 068013 069012 068012 118008 149010
095012 123006 350009 238009 253010 268006
253009 256010 327004 156008 050004 219003.
241008 278012 263011 274014 297008 212006
254007 259008 326008 321013 104006 341006
210003 333009 335011 124009 172012 132018
159020 141020 144016 143015 178010 273007.
PPC000 229008 233007 248012 275003 307004
163004 171007 175008 138013 156015 162016
154019 155025 149017 155016 162019 138016
156017 136016 138022 149017 153022 159007.
139012 355007 230004 295014 194009 094017
108017 125021 122010 092005 108011 180015
247008 247010 305008 005008 144009 215009
195016 245008 339008 330005 242006 265008.
283012 282010 280004 255007 258006 295005
255008 190006 138006 309006 241004 344008
268009 263005 263010 268008 233009 345007
PPC002 223016 242007 239004 121014 096011.
008006 187008 025010 121013 PPC001 314005
188008 099014 108017 131020 155025 155019
172017 190016 087013 135013 191015 192018
213009 244009 221006 175008 144015 176013.
146015 151010 PPC002 206008 348003 207004
096005 215007 340004 057006 247009 354010
257011 131008 199013 106013 202010 013006
351012 029009 304008 347010 343006 172006.
225008 226006 288007 323008 230004 197006
357005 294023 262014 285009 272011 271011
272007 276014 272014 299011 273012 228008
161013 204011 211007 296007 304006 281009.
272007 261011 283003 222009 281008 305006
034007 278007 275016 254005 009003 343010
168006 041008 192018 183023 181025 218025
157027 143022 163025 158020 132021 132018.
114012 052007 040008 324012 338014 004003
329009 320011 335010 335007 346007 225005
158005 157008 180013 156016 110016 160014
102020 140023 145028 152019 131027 129016.
094013 069010 355006 338009 313006 357006
322007 346006 352007 071007 028008 324009
224012 045011 341008 090003 154012 132012
151019 168016 141015 150004 250009 289012.
258008 322009 331011 315005 225007 325005
054007 277007 225009 PPC001 251008 259008
288015 268014 308008 020005 133008 137006
111005 195010 161010 138012 103009 123005.
097008 069006 182008 PPC002 148007 124008
091009 098005 087007 082010 114015 096012
152010 287010 201010 193018 127023 186016
155013 328009 323006 026011 353006 111012.
110011 058003 274010 243006 268009 244008
353009 026009 016004 360005 339006 310011
241014 222013 171019 172017 133020 136019
123023 152027 142032 162023 152017 191008.
248007 328011 252007 070003 008010 345007
303007 301008 296008 336015 133003 227007
343011 248011 351014 329012 010013 135012
201024 181025 147023 146026 148026 154015.
192006 340011 325015 306011 244009 304008
275008 313010 317014 256008 330006 318013
333009 045008 178013 140018 123021 152028
154028 126032 102024 105021 068014 061011.
070013 005008 348009 331007 267006 026006
337003 045005 026008 345004 345008 265006
322005 200014 203014 166019 186027 175039
155035 140032 163036 105025 105020 085027=
036153 1733 050176 1632
019149 1516 029167 1313
038107 1635 055102 1606
037149 1634 054156 1627
033091 1429 052071 1427
023161 2214 033170 0813
031150 1133 046122 1359
041149 1448 059176 1457
043172 1421 059193 1412
019095 1901 026085 1944
021137 1941 035116 1937
034129 0052 048167 0218
031191 1357 046181 1349
023098 0244 031130 2034
023134 1739 034159 1619
027150 1819 037173 1800
027132 0407 037130 0403
016275 2044 023201 1553
025155 0700 034159 0655
021182 1113 028190 1112
024300 0401 038272 0357
032169 1723 047196 1716
032127 1904 044133 1649
021133 1450 028153 1440
020073 0448 033088 0442
026156 1233 035181 1219
039159 1633 050128 1646
037161 1812 049193 1603
036130 1511 052133 1528
040172 1359 056136 1418=
DB
0160 0145 0158 0138 0134 0130 0132 0120 0124 0127 0140 0180
0230 0229 0285 0341 0345 0427 0332 0301 0249 0221 0185 0161 0441 1314 0119 0404.
0154 0158 0155 0150 0135 0130 0128 0141 0142 0140 0144 0185
0192 0230 0255 0255 0281 0259 0239 0254 0223 0204 0170 0160 0288 1248 0126 0304.
0152 0125 0112 0105 0104 0090 0089 0087 0086 0075 0096 0177
0243 0330 0384 0410 0423 0375 0355 0285 0248 0233 0205 0193 0443 1336 0074 0617.
0184 0171 0159 0148 0135 0120 0113 0105 0102 0094 0109 0180
0253 0314 0373 0413 0420 0429 0403 0341 0285 0234 0204 0194 0433 1357 0091 0608.
0187 0183 0176 0168 0167 0164 0146 0158 0157 0156 0160 0188
0212 0293 0347 0378 0279 0256 0234 0255 0235 0212 0192 0187 0382 1203 0146 0256.
0179 0177 0168 0164 0163 0159 0157 0155 0155 0153 0154 0157
0157 0168 0178 0182 0155 0167 0175 0163 0161 0154 0147 0144 0187 2001 0140 1934.
0139 0137 0136 0135 0133 0126 0110 0101 0089 0110 0135 0150
0192 0296 0353 0319 0383 0392 0382 0328 0286 0223 0187 0174 0404 1310 0088 0452.
0164 0148 0140 0131 0127 0121 0121 0109 0104 0101 0121 0184
0259 0286 0367 0417 0433 0429 0407 0344 0300 0252 0207 0189 0441 1328 0100 0603.
0179 0163 0158 0153 0140 0139 0129 0127 0124 0124 0143 0203
0277 0340 0394 0437 0452 0457 0407 0361 0334 0276 0233 0211 0466 1324 0120 0513.
0199 0200 0187 0191 0191 0183 0186 0185 0181 0178 0190 0201
0198 0224 0245 0270 0243 0233 0222 0202 0203 0197 0186 0180 0294 1125 0176 0609.
0181 0181 0179 0177 0178 0177 0176 0174 0174 0172 0172 0179
0184 0190 0195 0203 0196 0194 0203 0195 0194 0183 0177 0172 0205 1528 0170 1946.
0167 0159 0155 0151 0149 0145 0142 0141 0139 0139 0137 0142
0148 0155 0174 0186 0216 0241 0250 0232 0209 0201 0177 0162 0278 1442 0136 0625.
0156 0154 0147 0153 0154 0154 0150 0134 0126 0129 0137 0184
0237 0285 0315 0344 0313 0295 0263 0257 0245 0211 0184 0181 0355 1203 0125 0507.
0179 0178 0174 0164 0167 0165 0157 0161 0160 0159 0164 0173
0185 0205 0231 0195 0198 0194 0190 0196 0189 0179 0175 0172 0235 1108 0157 0255.
0170 0167 0166 0165 0164 0165 0164 0162 0162 0160 0161 0162
0167 0165 0195 0215 0210 0266 0231 0211 0194 0181 0176 0176 0279 1428 0160 0559.
0176 0174 0172 0170 0169 0169 0169 0168 0167 0165 0163 0166
0166 0170 0178 0179 0182 0190 0188 0186 0176 0169 0162 0162 0195 1532 0160 1918.
0160 0160 0159 0157 0153 0156 0154 0151 0151 0153 0154 0159
0173 0183 0203 0206 0240 0227 0231 0228 0215 0199 0188 0182 0241 1246 0150 0404.
0177 0176 0174 0173 0172 0170 0169 0169 0168 0167 0168 0173
0176 0189 0185 0186 0189 0190 0189 0204 0191 0190 0179 0176 0205 1601 0167 0521.
0174 0172 0171 0168 0169 0168 0166 0163 0161 0158 0156 0159
0161 0160 0157 0165 0176 0225 0223 0219 0202 0191 0169 0161 0236 1343 0154 1042.
0157 0154 0152 0149 0133 0125 0123 0124 0137 0138 0145 0177
0189 0200 0205 0201 0179 0170 0170 0170 0165 0154 0150 0146 0209 0953 0118 0342.
0143 0144 0143 0140 0141 0141 0140 0135 0130 0130 0130 0134
0138 0143 0152 0187 0191 0186 0197 0228 0215 0189 0171 0159 0230 1602 0129 0615.
0146 0134 0128 0134 0126 0119 0122 0121 0119 0116 0133 0184
0246 0291 0313 0330 0342 0329 0329 0285 0250 0217 0187 0169 0352 1315 0116 0600.
0168 0168 0163 0159 0153 0149 0139 0134 0134 0133 0146 0186
0201 0207 0218 0195 0269 0265 0281 0264 0227 0200 0178 0168 0296 1450 0131 0428.
0165 0157 0145 0138 0133 0132 0141 0135 0132 0140 0150 0168
0183 0174 0195 0230 0209 0226 0198 0198 0184 0172 0166 0161 0230 1159 0130 0139.
0160 0159 0158 0158 0158 0157 0156 0156 0154 0155 0155 0160
0156 0167 0183 0177 0183 0185 0185 0185 0185 0180 0170 0166 0192 1216 0153 0451.
0164 0163 0160 0161 0162 0161 0160 0160 0158 0156 0161 0172
0205 0260 0250 0243 0264 0229 0204 0200 0195 0178 0173 0165 0274 1036 0155 0601.
0160 0154 0153 0149 0148 0147 0145 0145 0143 0134 0158 0200
0241 0294 0321 0336 0332 0343 0334 0318 0268 0229 0198 0184 0348 1355 0134 0555.
0178 0171 0165 0157 0156 0153 0147 0147 0144 0138 0157 0201
0245 0272 0308 0351 0387 0410 0418 0386 0340 0273 0219 0196 0428 1422 0138 0548.
0180 0167 0156 0146 0139 0132 0129 0128 0130 0132 0152 0198
0275 0295 0315 0329 0349 0409 0422 0333 0279 0259 0222 0203 0426 1459 0128 0235.
0185 0179 0168 0159 0151 0144 0138 0133 0130 0126 0160 0227
0295 0359 0411 0458 0484 0479 0456 0437 0349 0310 0258 0234 0494 1338 0125 0545=
0201 0193 0186 0182 0175 0170 0167 0163 0159 0158 0156 0159
0166 0177 0188 0207 0221 0246 0253 0249 0242 0227 0215 0203.
0194 0188 0184 0180 0175 0171 0167 0164 0164 0162 0161 0162
0169 0174 0184 0191 0199 0206 0204 0205 0204 0199 0193 0186.
0180 0174 0166 0159 0153 0148 0144 0139 0136 0133 0130 0134
0148 0170 0198 0225 0243 0257 0260 0251 0239 0228 0218 0209.
0202 0196 0189 0184 0178 0172 0165 0160 0155 0150 0146 0149
0161 0181 0206 0231 0252 0266 0273 0270 0259 0246 0232 0221.
0213 0207 0201 0197 0192 0189 0184 0181 0179 0177 0176 0177
0181 0190 0208 0229 0238 0230 0223 0220 0218 0214 0208 0202.
0197 0192 0188 0185 0183 0181 0179 0177 0175 0173 0172 0171
0170 0169 0172 0173 0173 0175 0174 0174 0172 0171 0168 0165.
0163 0160 0157 0155 0154 0151 0150 0148 0142 0139 0141 0145
0150 0165 0193 0213 0230 0247 0255 0256 0250 0239 0224 0211.
0202 0194 0187 0180 0174 0170 0165 0161 0156 0153 0150 0154
0167 0184 0207 0233 0256 0271 0278 0276 0269 0257 0243 0229.
0218 0210 0202 0195 0190 0184 0179 0175 0171 0167 0165 0168
0181 0200 0226 0251 0273 0288 0293 0291 0283 0271 0257 0244.
0233 0226 0220 0215 0211 0208 0205 0203 0201 0199 0197 0198
0200 0204 0208 0218 0220 0218 0220 0217 0213 0210 0206 0202.
0199 0196 0194 0192 0190 0188 0187 0186 0185 0184 0183 0183
0184 0186 0189 0191 0193 0194 0193 0195 0194 0193 0189 0187.
0184 0180 0177 0174 0171 0168 0165 0163 0161 0159 0157 0157
0157 0158 0162 0170 0176 0190 0201 0205 0203 0199 0194 0187.
0179 0176 0171 0168 0167 0167 0166 0162 0157 0153 0151 0154
0167 0188 0205 0225 0240 0241 0236 0233 0230 0222 0212 0202.
0196 0193 0190 0186 0182 0181 0178 0176 0174 0173 0173 0174
0176 0182 0189 0194 0194 0194 0193 0193 0193 0190 0187 0184.
0181 0179 0178 0176 0175 0174 0173 0172 0171 0171 0170 0169
0170 0171 0172 0179 0188 0194 0207 0204 0199 0193 0188 0185.
0183 0182 0180 0179 0178 0177 0176 0175 0174 0174 0173 0172
0172 0172 0174 0177 0178 0180 0182 0184 0182 0179 0176 0173.
0171 0170 0169 0168 0167 0165 0165 0163 0162 0162 0162 0162
0164 0168 0174 0179 0188 0195 0199 0203 0203 0199 0195 0190.
0187 0184 0182 0180 0179 0178 0177 0175 0175 0174 0173 0173
0174 0176 0179 0181 0182 0183 0184 0186 0188 0187 0186 0183.
0181 0179 0178 0176 0175 0174 0173 0172 0171 0169 0168 0167
0167 0167 0165 0165 0170 0180 0189 0193 0196 0192 0186 0179.
0174 0170 0167 0165 0161 0155 0150 0146 0147 0148 0150 0155
0165 0170 0177 0180 0179 0175 0173 0173 0172 0168 0164 0161.
0158 0156 0155 0153 0152 0152 0151 0150 0144 0141 0138 0137
0139 0141 0144 0153 0162 0169 0171 0179 0188 0185 0179 0172.
0166 0159 0153 0149 0146 0142 0139 0138 0136 0135 0134 0143
0164 0190 0213 0231 0244 0251 0257 0254 0249 0232 0218 0204.
0194 0188 0184 0179 0176 0171 0168 0162 0158 0155 0154 0159
0170 0178 0186 0186 0192 0208 0218 0222 0219 0210 0200 0191.
0185 0180 0174 0168 0163 0158 0158 0156 0154 0154 0155 0158
0166 0170 0172 0181 0187 0191 0191 0190 0188 0183 0179 0175.
0172 0170 0169 0167 0167 0166 0165 0164 0163 0162 0162 0162
0163 0164 0169 0172 0176 0177 0179 0180 0180 0180 0177 0174.
0172 0170 0169 0167 0167 0166 0166 0165 0165 0164 0163 0164
0171 0184 0204 0208 0212 0215 0209 0202 0199 0193 0187 0182.
0177 0172 0169 0166 0164 0162 0160 0158 0157 0155 0155 0165
0181 0201 0223 0243 0252 0259 0264 0264 0255 0242 0227 0214.
0205 0198 0192 0186 0181 0177 0174 0170 0168 0164 0162 0168
0182 0202 0216 0237 0259 0279 0294 0298 0290 0275 0255 0237.
0222 0211 0200 0191 0184 0177 0170 0166 0163 0161 0160 0167
0183 0203 0217 0237 0249 0262 0282 0286 0274 0259 0246 0232.
0221 0211 0203 0196 0189 0183 0177 0172 0168 0163 0162 0171
0192 0218 0249 0280 0306 0323 0329 0327 0320 0303 0284 0267=
0210 0203 0197 0193 0188 0184 0180 0177 0174 0171 0169 0167
0168 0171 0176 0183 0193 0203 0215 0221 0222 0220 0215 0209.
0202 0197 0193 0189 0186 0182 0179 0176 0174 0172 0171 0169
0170 0172 0175 0180 0184 0189 0192 0193 0195 0195 0193 0190.
0186 0183 0179 0174 0169 0165 0162 0158 0154 0151 0148 0147
0149 0155 0167 0182 0197 0209 0219 0223 0222 0218 0214 0209.
0204 0200 0196 0192 0188 0184 0179 0175 0171 0167 0164 0161
0162 0167 0177 0191 0205 0218 0228 0235 0236 0233 0228 0222.
0216 0211 0207 0203 0199 0196 0193 0190 0187 0185 0183 0182
0182 0184 0189 0199 0209 0213 0213 0211 0210 0209 0207 0204.
0201 0198 0195 0192 0189 0187 0185 0184 0182 0180 0179 0178
0177 0175 0175 0176 0176 0176 0176 0176 0176 0175 0174 0172.
0171 0169 0167 0165 0163 0162 0160 0159 0157 0154 0152 0152
0153 0157 0166 0179 0190 0202 0213 0220 0224 0223 0219 0213.
0207 0201 0196 0191 0186 0182 0178 0175 0171 0168 0165 0163
0165 0170 0179 0192 0207 0221 0232 0239 0241 0240 0235 0229.
0222 0216 0210 0205 0200 0196 0192 0188 0184 0181 0178 0176
0178 0184 0194 0208 0222 0236 0247 0253 0255 0254 0249 0242.
0236 0230 0225 0220 0216 0213 0211 0208 0206 0204 0202 0201
0200 0201 0203 0205 0210 0211 0212 0212 0211 0210 0208 0205.
0203 0201 0199 0197 0195 0194 0192 0191 0190 0189 0188 0187
0186 0187 0188 0189 0190 0191 0192 0192 0192 0192 0191 0190.
0188 0186 0184 0182 0180 0178 0175 0173 0171 0169 0168 0166
0165 0165 0165 0167 0170 0175 0182 0188 0191 0192 0191 0189.
0186 0182 0180 0177 0175 0173 0172 0171 0168 0165 0163 0161
0163 0170 0180 0190 0202 0210 0214 0215 0216 0215 0212 0207.
0202 0198 0195 0193 0190 0187 0185 0184 0182 0180 0179 0178
0178 0179 0182 0186 0188 0189 0190 0190 0190 0190 0188 0187.
0185 0184 0182 0181 0179 0178 0177 0177 0176 0175 0174 0174
0173 0173 0173 0175 0178 0182 0188 0192 0193 0191 0189 0187.
0185 0184 0183 0182 0181 0180 0179 0178 0177 0177 0176 0175
0175 0175 0174 0175 0176 0177 0178 0179 0180 0180 0179 0177.
0176 0174 0173 0172 0171 0170 0169 0169 0168 0167 0166 0166
0166 0167 0169 0172 0175 0180 0184 0188 0190 0192 0191 0189.
0187 0185 0184 0182 0181 0180 0179 0178 0177 0177 0176 0175
0175 0176 0177 0178 0179 0180 0181 0182 0183 0183 0184 0183.
0182 0181 0180 0179 0178 0177 0176 0175 0175 0174 0172 0171
0171 0170 0170 0169 0169 0171 0177 0181 0184 0185 0184 0182.
0179 0176 0174 0172 0170 0167 0164 0160 0158 0157 0157 0157
0160 0164 0168 0171 0173 0174 0173 0172 0172 0171 0169 0167.
0165 0163 0162 0160 0159 0158 0157 0157 0154 0149 0145 0143
0143 0144 0145 0147 0152 0157 0160 0164 0169 0173 0174 0172.
0169 0166 0162 0159 0156 0154 0151 0149 0147 0146 0144 0144
0149 0159 0173 0186 0198 0209 0216 0221 0223 0221 0215 0209.
0201 0196 0191 0188 0184 0181 0178 0175 0171 0168 0166 0164
0167 0171 0175 0178 0180 0186 0193 0199 0202 0202 0199 0195.
0190 0187 0183 0179 0176 0172 0169 0167 0165 0163 0163 0163
0164 0167 0169 0172 0176 0179 0182 0183 0183 0182 0180 0178.
0176 0174 0173 0172 0171 0170 0169 0169 0168 0167 0166 0166
0166 0166 0167 0169 0171 0172 0174 0175 0176 0176 0176 0175.
0174 0173 0172 0171 0170 0169 0169 0168 0168 0167 0166 0166
0167 0171 0179 0186 0191 0195 0197 0196 0194 0192 0189 0186.
0183 0180 0177 0174 0172 0170 0168 0167 0165 0164 0162 0163
0167 0175 0187 0200 0211 0219 0227 0232 0233 0231 0226 0219.
0212 0207 0201 0197 0192 0189 0185 0182 0179 0177 0174 0173
0176 0182 0191 0202 0214 0228 0241 0252 0256 0255 0249 0240.
0231 0223 0215 0208 0202 0196 0190 0185 0181 0178 0175 0175
0177 0185 0194 0204 0214 0223 0235 0245 0249 0246 0241 0234.
0228 0221 0215 0209 0204 0199 0194 0190 0185 0181 0178 0177
0182 0191 0205 0223 0242 0259 0272 0279 0283 0280 0274 0266=
0209 0205 0201 0197 0194 0191 0187 0185 0182 0179 0177 0175
0174 0174 0176 0178 0183 0188 0196 0202 0206 0208 0208 0206.
0203 0199 0196 0193 0191 0188 0186 0183 0181 0179 0178 0176
0175 0175 0176 0178 0180 0183 0186 0188 0189 0190 0190 0189.
0188 0186 0184 0181 0178 0175 0172 0169 0166 0163 0161 0159
0157 0158 0162 0169 0178 0187 0195 0202 0205 0206 0206 0204.
0202 0199 0197 0194 0192 0189 0186 0183 0180 0177 0174 0171
0169 0170 0173 0179 0187 0195 0204 0211 0216 0218 0218 0216.
0213 0210 0207 0204 0202 0199 0197 0194 0192 0190 0188 0187
0186 0186 0187 0190 0196 0201 0203 0204 0204 0204 0204 0203.
0201 0199 0197 0195 0193 0191 0190 0188 0187 0185 0184 0183
0182 0181 0180 0179 0179 0179 0179 0179 0179 0178 0177 0177.
0176 0174 0173 0172 0170 0169 0168 0166 0165 0163 0161 0160
0160 0160 0163 0169 0176 0183 0191 0199 0204 0208 0208 0207.
0204 0201 0198 0195 0191 0188 0185 0182 0180 0177 0174 0172
0171 0172 0175 0181 0188 0198 0207 0214 0219 0222 0223 0221.
0218 0215 0211 0208 0204 0201 0198 0195 0192 0189 0186 0184
0183 0184 0187 0194 0202 0211 0220 0227 0233 0235 0236 0234.
0231 0228 0224 0221 0218 0215 0213 0211 0209 0207 0205 0204
0203 0202 0202 0203 0205 0207 0208 0208 0208 0208 0207 0206.
0205 0203 0201 0200 0199 0197 0196 0195 0194 0193 0192 0191
0190 0190 0190 0190 0190 0191 0192 0192 0192 0192 0192 0192.
0191 0190 0189 0187 0185 0184 0182 0180 0179 0177 0176 0174
0173 0172 0171 0171 0172 0174 0177 0181 0185 0187 0188 0188.
0187 0185 0184 0182 0180 0179 0177 0176 0175 0173 0171 0169
0169 0170 0174 0179 0186 0193 0198 0202 0204 0205 0205 0204.
0202 0200 0198 0196 0194 0192 0190 0188 0187 0185 0184 0183
0182 0182 0182 0184 0186 0187 0188 0188 0189 0189 0189 0188.
0187 0186 0185 0184 0183 0182 0181 0180 0180 0179 0178 0178
0177 0177 0176 0176 0177 0179 0182 0185 0188 0188 0188 0188.
0187 0186 0185 0184 0183 0182 0182 0181 0180 0180 0179 0179
0178 0178 0177 0177 0178 0178 0179 0179 0180 0180 0180 0179.
0179 0178 0177 0176 0175 0175 0174 0173 0172 0172 0171 0170
0170 0170 0171 0172 0173 0176 0179 0181 0184 0186 0187 0187.
0186 0186 0185 0184 0183 0182 0181 0180 0180 0179 0179 0178
0178 0177 0178 0178 0179 0179 0180 0180 0181 0182 0183 0183.
0182 0182 0181 0181 0180 0179 0179 0178 0178 0177 0176 0175
0175 0174 0173 0173 0172 0172 0174 0177 0179 0181 0182 0182.
0181 0179 0178 0176 0175 0173 0171 0169 0167 0165 0164 0163
0164 0165 0167 0169 0171 0172 0173 0173 0173 0173 0172 0171.
0170 0169 0167 0166 0165 0164 0163 0162 0160 0157 0153 0150
0149 0149 0149 0150 0152 0154 0157 0160 0163 0166 0169 0169.
0169 0168 0166 0164 0162 0161 0159 0157 0155 0154 0153 0152
0152 0155 0161 0169 0177 0185 0193 0199 0203 0206 0206 0204.
0200 0197 0194 0191 0188 0186 0183 0181 0179 0176 0174 0172
0171 0172 0174 0176 0177 0180 0183 0188 0191 0194 0194 0193.
0191 0189 0187 0184 0182 0179 0177 0175 0173 0171 0170 0169
0169 0169 0170 0171 0173 0176 0178 0179 0180 0181 0180 0180.
0179 0178 0176 0175 0175 0174 0173 0172 0172 0171 0170 0170
0169 0169 0169 0170 0171 0172 0173 0174 0175 0175 0176 0176.
0175 0175 0174 0173 0173 0172 0172 0171 0171 0170 0170 0169
0169 0170 0173 0177 0181 0185 0188 0189 0189 0189 0188 0187.
0185 0183 0181 0179 0178 0176 0174 0173 0171 0170 0169 0168
0168 0171 0176 0183 0191 0198 0205 0210 0214 0217 0216 0214.
0211 0208 0204 0201 0198 0195 0192 0189 0187 0185 0182 0180
0180 0181 0185 0190 0196 0205 0214 0223 0230 0234 0235 0233.
0229 0224 0219 0214 0209 0205 0201 0197 0193 0189 0186 0184
0183 0185 0189 0194 0200 0206 0213 0221 0227 0230 0230 0228.
0225 0222 0218 0214 0210 0206 0203 0199 0196 0192 0189 0187
0186 0189 0194 0202 0214 0225 0237 0246 0253 0256 0257 0255=
0199 0198 0196 0194 0192 0190 0188 0186 0184 0182 0180 0178
0176 0175 0175 0176 0177 0179 0183 0187 0191 0194 0196 0196.
0195 0194 0193 0191 0189 0188 0186 0184 0182 0181 0179 0178
0177 0176 0176 0176 0177 0178 0179 0181 0182 0183 0184 0184.
0184 0183 0182 0181 0179 0177 0175 0173 0171 0169 0167 0165
0163 0162 0162 0164 0168 0173 0178 0184 0188 0191 0193 0193.
0193 0192 0191 0190 0189 0187 0185 0183 0181 0179 0177 0175
0173 0172 0172 0173 0176 0181 0186 0191 0196 0200 0202 0203.
0203 0202 0201 0199 0197 0196 0194 0193 0191 0190 0188 0187
0186 0185 0184 0185 0187 0190 0193 0194 0195 0196 0196 0196.
0196 0195 0194 0193 0191 0190 0189 0188 0186 0185 0184 0183
0182 0181 0181 0180 0179 0179 0178 0178 0178 0178 0177 0177.
0176 0175 0174 0173 0172 0171 0170 0169 0168 0167 0166 0164
0163 0163 0163 0165 0168 0172 0176 0182 0186 0190 0193 0194.
0195 0194 0193 0191 0189 0187 0185 0183 0181 0179 0177 0176
0174 0173 0173 0175 0178 0183 0188 0194 0199 0203 0206 0207.
0207 0206 0205 0203 0201 0199 0197 0195 0193 0190 0188 0186
0185 0184 0184 0186 0189 0194 0200 0206 0211 0215 0217 0219.
0219 0218 0216 0214 0213 0211 0209 0208 0206 0205 0203 0202
0201 0200 0200 0199 0200 0201 0201 0202 0202 0202 0202 0202.
0201 0200 0199 0198 0197 0196 0195 0194 0193 0192 0192 0191
0190 0189 0189 0189 0189 0189 0189 0189 0189 0189 0189 0189.
0189 0188 0188 0187 0186 0185 0184 0182 0181 0180 0179 0177
0176 0175 0174 0173 0173 0173 0174 0176 0178 0180 0182 0183.
0183 0183 0182 0181 0180 0179 0178 0177 0176 0175 0174 0173
0171 0171 0171 0173 0176 0180 0184 0188 0191 0193 0195 0196.
0195 0195 0194 0192 0191 0190 0189 0188 0187 0185 0184 0183
0182 0182 0181 0182 0182 0183 0184 0184 0185 0185 0185 0185.
0185 0184 0184 0183 0182 0182 0181 0180 0180 0179 0178 0178
0177 0177 0176 0176 0176 0177 0178 0179 0181 0182 0183 0183.
0183 0183 0183 0182 0182 0181 0180 0180 0179 0179 0179 0178
0178 0177 0177 0177 0176 0176 0177 0177 0177 0178 0178 0178.
0177 0177 0176 0176 0175 0175 0174 0174 0173 0172 0172 0171
0171 0170 0170 0171 0171 0172 0173 0175 0177 0179 0180 0181.
0181 0181 0181 0181 0180 0180 0179 0179 0178 0178 0177 0177
0177 0176 0176 0176 0176 0176 0177 0177 0178 0178 0179 0179.
0179 0179 0179 0179 0178 0178 0177 0177 0177 0176 0175 0175
0175 0174 0173 0173 0172 0172 0172 0173 0174 0176 0177 0178.
0178 0177 0177 0176 0175 0174 0173 0172 0170 0168 0167 0166
0166 0166 0166 0167 0168 0169 0170 0170 0170 0171 0170 0170.
0170 0169 0168 0167 0166 0166 0165 0164 0162 0160 0156 0154
0153 0152 0152 0152 0152 0153 0155 0156 0158 0160 0162 0164.
0165 0165 0165 0164 0163 0162 0161 0160 0158 0157 0156 0155
0154 0154 0156 0160 0164 0169 0175 0180 0184 0188 0190 0191.
0191 0190 0189 0187 0186 0184 0183 0181 0179 0178 0176 0174
0173 0172 0172 0173 0174 0175 0176 0178 0181 0184 0185 0186.
0186 0185 0184 0183 0182 0180 0178 0177 0175 0174 0172 0171
0170 0170 0170 0170 0171 0172 0173 0174 0175 0176 0177 0177.
0176 0176 0175 0175 0174 0173 0173 0172 0172 0171 0171 0170
0170 0169 0169 0169 0169 0170 0170 0171 0171 0172 0172 0173.
0173 0173 0172 0172 0172 0171 0171 0170 0170 0170 0169 0169
0169 0169 0169 0171 0173 0176 0178 0180 0181 0182 0182 0182.
0182 0181 0180 0179 0178 0176 0175 0174 0173 0172 0171 0170
0169 0169 0171 0174 0178 0182 0187 0192 0196 0199 0201 0202.
0202 0201 0199 0198 0196 0194 0192 0190 0188 0186 0184 0183
0181 0181 0181 0183 0186 0190 0195 0201 0207 0212 0215 0217.
0217 0215 0213 0211 0208 0205 0202 0199 0196 0193 0191 0189
0187 0186 0186 0188 0191 0194 0198 0203 0208 0212 0214 0215.
0215 0214 0213 0210 0208 0206 0203 0201 0198 0196 0194 0191
0189 0189 0190 0193 0198 0204 0211 0219 0225 0230 0234 0236=
0164 0164 0164 0165 0165 0165 0165 0165 0164 0164 0164 0164
0164 0163 0163 0163 0163 0163 0163 0163 0163 0163 0163 0163.
0164 0164 0164 0164 0164 0164 0164 0164 0164 0164 0164 0163
0163 0163 0163 0162 0162 0162 0162 0162 0162 0162 0162 0162.
0162 0162 0162 0162 0162 0162 0162 0162 0161 0161 0161 0161
0160 0160 0160 0159 0159 0159 0159 0159 0159 0160 0160 0160.
0161 0161 0161 0162 0162 0162 0162 0162 0162 0162 0162 0162
0161 0161 0161 0161 0161 0160 0161 0161 0161 0161 0162 0162.
0163 0163 0163 0164 0164 0164 0164 0164 0164 0164 0164 0164
0164 0164 0164 0164 0164 0164 0164 0164 0164 0165 0165 0165.
0165 0165 0166 0166 0166 0166 0166 0166 0166 0166 0166 0166
0165 0165 0165 0165 0165 0165 0165 0164 0164 0164 0164 0164.
0164 0164 0164 0163 0163 0163 0163 0163 0163 0162 0162 0162
0162 0161 0161 0161 0161 0161 0161 0161 0161 0161 0162 0162.
0163 0163 0163 0163 0164 0164 0164 0164 0164 0164 0164 0164
0163 0163 0163 0163 0163 0163 0163 0163 0163 0164 0164 0165.
0165 0166 0166 0167 0167 0167 0167 0168 0167 0168 0167 0167
0167 0167 0167 0167 0167 0167 0167 0167 0168 0168 0169 0169.
0170 0171 0171 0171 0172 0172 0172 0172 0173 0173 0173 0173
0173 0173 0173 0173 0173 0173 0173 0173 0173 0173 0173 0173.
0173 0174 0174 0174 0174 0174 0174 0174 0174 0174 0174 0174
0174 0174 0174 0174 0173 0173 0173 0173 0173 0173 0173 0173.
0173 0173 0173 0173 0173 0173 0173 0173 0173 0173 0173 0172
0172 0172 0172 0172 0171 0171 0171 0171 0171 0171 0171 0171.
0171 0171 0171 0171 0171 0171 0171 0171 0171 0171 0170 0170
0170 0170 0170 0170 0170 0170 0170 0170 0170 0171 0171 0171.
0172 0172 0173 0173 0173 0173 0173 0174 0174 0174 0174 0174
0174 0173 0174 0173 0173 0173 0173 0173 0173 0173 0173 0173.
0173 0174 0174 0174 0174 0174 0173 0173 0173 0173 0173 0173
0173 0173 0173 0173 0173 0173 0173 0173 0173 0173 0173 0173.
0173 0173 0173 0173 0173 0173 0173 0173 0173 0173 0173 0173
0173 0173 0173 0173 0173 0173 0173 0173 0173 0173 0173 0173.
0173 0173 0173 0173 0173 0173 0172 0172 0172 0172 0172 0172
0172 0172 0172 0172 0171 0171 0171 0171 0171 0171 0172 0172.
0172 0172 0172 0172 0172 0172 0172 0173 0173 0173 0173 0173
0173 0173 0173 0173 0173 0173 0173 0173 0173 0173 0173 0173.
0173 0173 0173 0173 0173 0173 0173 0173 0173 0173 0173 0173
0173 0173 0173 0173 0173 0173 0173 0173 0173 0172 0172 0172.
0172 0172 0172 0172 0172 0172 0172 0172 0172 0172 0172 0172
0172 0171 0171 0171 0171 0171 0171 0171 0171 0170 0170 0170.
0170 0170 0170 0170 0170 0170 0170 0170 0169 0169 0169 0168
0168 0168 0167 0167 0167 0167 0166 0166 0166 0166 0166 0166.
0166 0166 0166 0166 0166 0166 0166 0166 0166 0166 0166 0166
0166 0165 0165 0165 0165 0165 0165 0166 0166 0167 0167 0168.
0168 0169 0169 0170 0170 0170 0171 0171 0171 0171 0171 0171
0171 0171 0171 0171 0171 0171 0171 0171 0171 0171 0171 0171.
0172 0172 0172 0172 0172 0172 0172 0172 0172 0172 0172 0172
0172 0172 0172 0171 0171 0171 0171 0171 0171 0171 0171 0171.
0171 0171 0171 0171 0171 0171 0171 0171 0171 0171 0171 0171
0171 0171 0171 0171 0171 0171 0171 0171 0171 0171 0171 0171.
0171 0171 0171 0171 0171 0171 0171 0171 0171 0171 0171 0171
0171 0171 0171 0171 0171 0171 0171 0171 0171 0171 0172 0172.
0172 0172 0172 0172 0172 0172 0172 0172 0172 0172 0172 0172
0172 0172 0172 0172 0172 0172 0172 0172 0173 0173 0173 0174.
0174 0175 0175 0176 0176 0176 0176 0176 0176 0176 0176 0176
0176 0176 0176 0176 0176 0176 0176 0176 0177 0177 0177 0178.
0178 0179 0179 0179 0179 0179 0179 0179 0179 0179 0179 0179
0179 0178 0178 0178 0178 0178 0178 0178 0178 0178 0178 0179.
0179 0179 0179 0180 0180 0180 0180 0180 0180 0180 0179 0179
0179 0179 0179 0179 0179 0178 0179 0179 0179 0180 0180 0181=
KB
0153 0153 0153 0153 0153 0153 0153 0154 0154 0154 0154 0154
0154 0154 0154 0154 0154 0154 0154 0154 0154 0154 0155 0154.
0154 0155 0155 0155 0155 0155 0155 0155 0155 0155 0155 0155
0155 0155 0155 0155 0155 0155 0155 0155 0155 0155 0155 0155.
0155 0155 0155 0155 0155 0155 0155 0155 0155 0155 0156 0155
0156 0156 0156 0156 0156 0156 0155 0156 0155 0155 0155 0155.
0155 0155 0155 0155 0155 0155 0155 0155 0155 0155 0155 0156
0156 0156 0156 0156 0156 0156 0156 0156 0156 0156 0156 0156.
0156 0156 0156 0156 0156 0156 0156 0156 0156 0156 0156 0156
0156 0157 0157 0157 0157 0157 0157 0157 0157 0157 0157 0157.
0157 0157 0157 0157 0157 0157 0158 0158 0158 0158 0158 0158
0158 0158 0158 0158 0158 0158 0158 0158 0158 0158 0158 0158.
0158 0158 0158 0158 0158 0158 0158 0158 0158 0158 0158 0158
0158 0158 0158 0158 0158 0158 0158 0158 0158 0158 0158 0158.
0158 0158 0158 0158 0158 0158 0158 0158 0158 0158 0158 0158
0159 0159 0159 0159 0159 0159 0159 0159 0159 0159 0159 0159.
0159 0159 0159 0159 0159 0159 0159 0159 0159 0159 0159 0160
0160 0160 0160 0160 0160 0160 0160 0160 0160 0160 0160 0160.
0160 0160 0160 0161 0161 0161 0161 0161 0161 0161 0161 0162
0162 0162 0162 0162 0162 0162 0162 0162 0162 0163 0163 0163.
0163 0163 0163 0163 0163 0163 0163 0163 0163 0164 0164 0164
0164 0164 0164 0164 0164 0164 0164 0164 0164 0164 0164 0164.
0164 0164 0165 0165 0165 0165 0165 0165 0165 0165 0165 0165
0165 0165 0165 0165 0165 0165 0165 0165 0165 0165 0165 0165.
0165 0165 0165 0165 0165 0165 0165 0165 0165 0165 0165 0165
0165 0165 0165 0165 0165 0165 0165 0165 0165 0165 0165 0165.
0165 0165 0165 0165 0165 0165 0165 0165 0165 0165 0165 0166
0166 0166 0166 0166 0166 0166 0166 0166 0166 0166 0166 0166.
0166 0166 0166 0166 0166 0167 0167 0167 0167 0167 0167 0167
0167 0167 0167 0167 0167 0167 0167 0167 0167 0167 0167 0167.
0167 0167 0167 0167 0167 0167 0167 0167 0167 0167 0167 0167
0167 0167 0167 0167 0167 0167 0167 0167 0167 0167 0168 0168.
0168 0168 0168 0168 0168 0168 0168 0168 0168 0168 0168 0168
0168 0168 0168 0168 0168 0168 0168 0168 0168 0168 0168 0168.
0168 0168 0168 0168 0168 0168 0168 0168 0168 0168 0168 0168
0168 0168 0168 0168 0168 0168 0168 0168 0168 0168 0168 0168.
0168 0168 0168 0168 0168 0168 0168 0168 0168 0168 0168 0168
0168 0168 0168 0168 0168 0168 0169 0168 0169 0169 0168 0169.
0169 0169 0169 0169 0169 0168 0168 0169 0169 0169 0169 0169
0169 0169 0169 0169 0169 0169 0169 0169 0169 0169 0168 0168.
0168 0168 0168 0168 0168 0168 0168 0168 0168 0168 0168 0168
0168 0168 0168 0168 0168 0168 0168 0168 0168 0168 0168 0168.
0168 0167 0167 0167 0167 0167 0167 0167 0167 0167 0167 0167
0167 0167 0167 0167 0167 0167 0167 0167 0167 0166 0166 0166.
0166 0166 0166 0166 0166 0166 0166 0166 0167 0167 0167 0167
0167 0167 0167 0167 0167 0167 0167 0167 0167 0167 0167 0167.
0167 0167 0167 0167 0167 0167 0167 0167 0167 0168 0168 0168
0168 0168 0168 0168 0168 0168 0168 0168 0168 0168 0168 0168.
0168 0168 0168 0168 0168 0168 0168 0168 0168 0168 0168 0168
0168 0168 0168 0168 0168 0168 0168 0168 0168 0168 0168 0168.
0168 0168 0168 0168 0168 0168 0168 0168 0168 0168 0168 0168
0168 0168 0168 0168 0168 0169 0168 0168 0168 0168 0168 0168.
0168 0168 0168 0168 0168 0169 0169 0169 0169 0169 0169 0169
0169 0169 0169 0169 0169 0169 0169 0169 0169 0169 0169 0169.
0169 0169 0169 0169 0169 0169 0169 0169 0169 0170 0170 0170
0170 0170 0170 0170 0170 0170 0170 0170 0170 0170 0170 0170.
0170 0170 0171 0171 0171 0171 0171 0171 0171 0171 0171 0171
0171 0172 0172 0172 0172 0172 0172 0172 0172 0172 0172 0172.
0172 0172 0172 0172 0172 0172 0172 0172 0172 0172 0172 0172
0173 0173 0173 0173 0173 0173 0173 0173 0173 0173 0173 0173=
0146 0146 0146 0146 0146 0146 0146 0146 0146 0146 0146 0146
0146 0146 0147 0147 0147 0147 0147 0147 0147 0147 0147 0147.
0147 0147 0147 0147 0147 0147 0147 0147 0147 0147 0147 0148
0148 0148 0148 0148 0148 0148 0148 0148 0148 0148 0148 0148.
0148 0148 0148 0148 0148 0148 0148 0148 0148 0148 0149 0149
0149 0149 0149 0149 0149 0149 0149 0149 0149 0149 0149 0149.
0149 0149 0149 0149 0149 0149 0149 0149 0150 0149 0150 0150
0150 0150 0150 0150 0150 0150 0150 0150 0150 0150 0150 0150.
0150 0150 0150 0150 0150 0151 0151 0151 0151 0151 0151 0151
0151 0151 0151 0151 0151 0151 0151 0151 0151 0151 0151 0151.
0151 0151 0151 0151 0151 0151 0151 0151 0152 0151 0152 0152
0152 0152 0152 0152 0152 0152 0152 0152 0152 0152 0152 0152.
0152 0152 0152 0152 0152 0152 0152 0152 0152 0152 0152 0152
0152 0152 0153 0153 0153 0153 0153 0153 0153 0153 0153 0153.
0153 0153 0153 0153 0153 0153 0153 0153 0153 0153 0153 0153
0153 0153 0153 0153 0153 0154 0154 0154 0154 0154 0154 0154.
0154 0154 0154 0154 0154 0154 0154 0154 0154 0154 0154 0154
0154 0154 0154 0154 0154 0154 0154 0154 0154 0154 0154 0154.
0154 0155 0154 0154 0154 0154 0155 0155 0155 0155 0155 0155
0155 0155 0155 0155 0155 0155 0155 0155 0155 0155 0155 0155.
0155 0155 0155 0155 0155 0155 0155 0155 0155 0155 0155 0155
0155 0155 0156 0156 0156 0156 0156 0156 0156 0156 0156 0156.
0156 0156 0156 0156 0156 0156 0156 0156 0156 0156 0156 0156
0156 0156 0156 0156 0156 0156 0157 0157 0157 0157 0157 0157.
0157 0157 0157 0157 0157 0157 0157 0157 0157 0157 0157 0157
0157 0157 0157 0157 0157 0157 0157 0157 0157 0158 0157 0158.
0158 0158 0157 0158 0158 0158 0158 0158 0158 0158 0158 0158
0158 0158 0158 0158 0158 0158 0158 0158 0158 0158 0158 0158.
0158 0158 0158 0158 0158 0159 0159 0158 0159 0159 0159 0159
0159 0159 0159 0159 0159 0159 0159 0159 0159 0159 0159 0159.
0159 0159 0159 0159 0159 0159 0159 0159 0159 0159 0159 0159
0159 0159 0159 0160 0160 0160 0160 0160 0160 0160 0160 0160.
0160 0160 0160 0160 0160 0160 0160 0160 0160 0160 0160 0160
0160 0160 0160 0160 0160 0160 0160 0160 0160 0160 0160 0160.
0160 0161 0160 0160 0161 0161 0161 0161 0161 0161 0161 0161
0161 0161 0161 0161 0161 0161 0161 0161 0161 0161 0161 0161.
0161 0161 0161 0161 0161 0161 0161 0161 0161 0161 0161 0161
0162 0162 0161 0161 0162 0162 0162 0162 0162 0162 0162 0162.
0162 0162 0162 0162 0162 0162 0162 0162 0162 0162 0162 0162
0162 0162 0162 0162 0162 0162 0162 0162 0162 0162 0162 0162.
0162 0162 0162 0162 0162 0162 0163 0163 0163 0163 0163 0163
0163 0163 0163 0163 0163 0163 0163 0163 0163 0163 0163 0163.
0163 0163 0163 0163 0163 0163 0163 0163 0163 0163 0163 0163
0163 0163 0163 0164 0164 0164 0164 0164 0164 0164 0164 0164.
0164 0164 0164 0164 0164 0164 0164 0164 0164 0164 0164 0164
0164 0164 0164 0164 0164 0164 0164 0164 0164 0164 0164 0164.
0164 0164 0164 0164 0164 0164 0164 0164 0164 0164 0164 0164
0164 0164 0164 0164 0164 0164 0164 0164 0164 0164 0164 0164.
0164 0164 0164 0164 0164 0164 0164 0164 0164 0164 0164 0164
0164 0164 0164 0164 0164 0164 0164 0164 0164 0164 0164 0164.
0164 0165 0165 0165 0165 0165 0165 0165 0165 0165 0165 0165
0165 0165 0165 0165 0165 0165 0165 0165 0165 0165 0165 0165.
0165 0165 0165 0165 0165 0165 0165 0165 0165 0165 0165 0165
0165 0165 0165 0165 0165 0165 0165 0165 0165 0165 0165 0165.
0165 0165 0165 0165 0165 0165 0165 0165 0165 0165 0165 0165
0165 0165 0166 0165 0165 0166 0165 0165 0166 0166 0165 0166.
0165 0166 0166 0166 0166 0166 0165 0166 0166 0166 0166 0166
0166 0166 0166 0166 0166 0166 0166 0166 0166 0166 0166 0166.
0166 0166 0166 0166 0166 0166 0166 0166 0166 0166 0166 0166
0166 0166 0166 0166 0166 0166 0166 0166 0166 0166 0166 0166=
0165 0165 0165 0165 0165 0164 0164 0164 0165 0165 0165 0165
0165 0165 0165 0165 0165 0165 0165 0165 0165 0164 0165 0164.
0165 0165 0165 0164 0164 0165 0165 0165 0165 0164 0165 0164
0165 0164 0164 0164 0164 0164 0164 0164 0164 0164 0164 0165.
0165 0164 0164 0164 0164 0164 0164 0164 0164 0164 0164 0164
0164 0164 0164 0165 0165 0164 0164 0165 0164 0164 0164 0164.
0164 0164 0164 0164 0164 0164 0164 0164 0164 0164 0164 0164
0164 0164 0164 0165 0165 0164 0164 0164 0165 0164 0164 0164.
0164 0164 0164 0164 0164 0164 0164 0164 0164 0164 0164 0164
0164 0164 0164 0164 0165 0164 0164 0164 0164 0164 0164 0164.
0164 0164 0164 0164 0164 0164 0164 0164 0164 0164 0164 0164
0164 0164 0164 0164 0164 0164 0164 0164 0164 0164 0164 0164.
0164 0164 0164 0164 0164 0164 0164 0164 0164 0164 0164 0164
0164 0164 0164 0164 0164 0164 0164 0165 0164 0164 0164 0164.
0164 0164 0164 0164 0164 0164 0164 0164 0164 0164 0164 0164
0165 0164 0164 0165 0165 0165 0165 0165 0165 0164 0164 0164.
0164 0165 0164 0164 0164 0164 0164 0164 0164 0164 0164 0164
0165 0164 0165 0165 0165 0165 0165 0165 0165 0165 0165 0164.
0165 0165 0164 0165 0165 0165 0165 0165 0165 0165 0165 0165
0165 0165 0165 0165 0165 0165 0165 0165 0165 0165 0165 0165.
0165 0165 0165 0165 0165 0165 0165 0165 0165 0165 0165 0165
0165 0165 0165 0165 0165 0165 0165 0165 0165 0165 0165 0165.
0165 0165 0165 0165 0165 0165 0165 0165 0165 0165 0165 0165
0165 0165 0165 0165 0165 0165 0165 0165 0165 0165 0165 0165.
0165 0165 0165 0165 0165 0165 0165 0165 0165 0165 0165 0165
0165 0165 0165 0165 0165 0165 0165 0165 0165 0165 0165 0165.
0165 0165 0165 0165 0165 0165 0165 0165 0165 0165 0165 0165
0165 0165 0165 0165 0165 0165 0165 0165 0165 0165 0165 0165.
0165 0165 0165 0165 0165 0165 0165 0165 0165 0165 0165 0165
0165 0165 0165 0165 0165 0165 0165 0165 0165 0165 0165 0165.
0165 0165 0165 0165 0165 0165 0165 0165 0165 0165 0165 0165
0165 0165 0165 0165 0165 0165 0165 0165 0165 0165 0165 0165.
0165 0165 0165 0165 0165 0165 0165 0165 0165 0165 0165 0165
0165 0165 0165 0165 0165 0165 0165 0165 0165 0165 0165 0165.
0165 0165 0165 0165 0165 0165 0165 0165 0165 0165 0165 0165
0165 0165 0165 0165 0165 0165 0165 0165 0165 0165 0165 0165.
0165 0165 0165 0165 0165 0165 0165 0166 0165 0165 0165 0165
0165 0166 0166 0165 0165 0165 0165 0166 0166 0166 0166 0166.
0166 0166 0166 0166 0166 0165 0165 0165 0166 0166 0166 0166
0166 0166 0166 0166 0166 0166 0166 0166 0166 0166 0166 0166.
0166 0166 0166 0166 0166 0166 0166 0166 0166 0166 0166 0166
0166 0166 0166 0166 0166 0166 0166 0166 0166 0166 0166 0166.
0166 0166 0166 0166 0166 0166 0166 0166 0166 0166 0166 0166
0166 0166 0166 0166 0166 0166 0166 0166 0166 0166 0166 0166.
0166 0166 0166 0166 0166 0166 0166 0166 0166 0166 0166 0166
0166 0166 0166 0166 0166 0166 0166 0166 0166 0166 0166 0166.
0166 0166 0166 0166 0166 0166 0166 0166 0166 0166 0166 0166
0166 0166 0166 0166 0166 0166 0166 0166 0166 0166 0166 0166.
0166 0166 0166 0166 0166 0166 0166 0166 0166 0166 0166 0166
0166 0166 0166 0166 0166 0166 0166 0166 0166 0166 0166 0166.
0166 0166 0166 0166 0166 0166 0166 0166 0166 0166 0166 0166
0166 0166 0166 0166 0167 0166 0166 0166 0166 0166 0166 0166.
0166 0166 0166 0166 0166 0166 0166 0166 0166 0166 0166 0166
0166 0166 0167 0167 0167 0167 0167 0167 0167 0167 0167 0167.
0167 0167 0167 0167 0167 0167 0167 0167 0167 0167 0167 0167
0167 0167 0167 0167 0167 0167 0167 0167 0167 0167 0167 0167.
0167 0167 0167 0167 0167 0167 0167 0167 0167 0167 0167 0167
0167 0167 0167 0167 0167 0167 0167 0167 0167 0167 0167 0167.
0167 0167 0167 0167 0167 0167 0167 0167 0167 0167 0167 0167
0167 0167 0167 0167 0167 0167 0167 0167 0167 0167 0167 0167=
A=
SA=
BA
0106 0091 0114 0085 0091 0089 0086 0071 0080 0089 0108 0140
0199 0206 0256 0316 0292 0373 0270 0244 0197 0181 0145 0109 0411 1325 0069 0406.
0095 0109 0109 0108 0086 0082 0080 0109 0111 0100 0110 0155
0162 0204 0228 0225 0246 0217 0204 0218 0186 0164 0122 0112 0260 1248 0075 0308.
0106 0079 0054 0063 0061 0042 0047 0043 0047 0040 0060 0135
0196 0304 0366 0373 0371 0317 0295 0232 0208 0188 0162 0150 0413 1309 0026 0619.
0141 0123 0113 0096 0088 0068 0064 0056 0059 0050 0064 0134
0213 0295 0353 0378 0392 0379 0338 0283 0235 0188 0163 0150 0413 1236 0042 0631.
0143 0139 0131 0118 0126 0119 0094 0121 0118 0123 0122 0155
0183 0267 0336 0350 0236 0217 0196 0223 0199 0173 0150 0150 0354 1203 0094 0300.
0142 0143 0137 0123 0124 0122 0123 0116 0124 0116 0118 0122
0123 0139 0143 0156 0129 0135 0137 0119 0130 0118 0112 0106 0163 1320 0106 1959.
0105 0106 0106 0107 0102 0089 0067 0059 0055 0080 0107 0123
0174 0279 0338 0280 0343 0364 0327 0284 0227 0171 0137 0128 0382 1307 0053 0522.
0123 0095 0087 0086 0079 0069 0085 0068 0065 0062 0082 0149
0214 0264 0343 0412 0407 0379 0343 0304 0248 0200 0156 0140 0421 1240 0061 0554.
0129 0105 0103 0102 0093 0089 0082 0079 0081 0083 0108 0162
0219 0318 0367 0423 0409 0406 0356 0320 0281 0223 0184 0161 0443 1212 0076 0516.
0147 0154 0134 0144 0145 0140 0147 0146 0142 0139 0157 0166
0181 0196 0212 0230 0202 0218 0203 0177 0175 0166 0161 0156 0246 1124 0133 2251.
0149 0154 0152 0149 0150 0148 0147 0146 0147 0146 0144 0155
0161 0169 0173 0184 0172 0170 0182 0160 0161 0149 0144 0140 0184 1156 0140 1950.
0135 0126 0123 0120 0116 0110 0107 0105 0103 0102 0103 0114
0132 0131 0155 0150 0188 0205 0222 0213 0188 0173 0129 0122 0267 1442 0100 0521.
0112 0108 0097 0119 0121 0121 0116 0083 0082 0093 0102 0161
0211 0298 0344 0371 0326 0287 0256 0246 0233 0185 0151 0155 0392 1152 0072 0435.
0154 0150 0143 0130 0139 0139 0128 0138 0136 0136 0141 0151
0163 0187 0214 0163 0172 0168 0158 0173 0164 0146 0147 0136 0217 1102 0127 0303.
0136 0139 0137 0139 0141 0136 0137 0135 0139 0138 0137 0141
0147 0146 0185 0198 0176 0252 0192 0177 0161 0147 0140 0145 0266 1428 0133 0325.
0149 0145 0143 0142 0143 0145 0144 0141 0142 0138 0135 0138
0137 0140 0150 0148 0147 0170 0155 0153 0140 0135 0128 0130 0170 1359 0127 1926.
0130 0139 0134 0132 0120 0132 0128 0123 0127 0131 0130 0131
0158 0160 0189 0191 0221 0208 0204 0211 0194 0174 0152 0149 0227 1250 0117 0104.
0148 0147 0149 0145 0143 0143 0142 0143 0142 0144 0145 0155
0157 0174 0162 0166 0167 0171 0170 0180 0166 0162 0149 0149 0187 1606 0141 0231.
0150 0144 0148 0143 0144 0145 0139 0139 0139 0131 0125 0129
0128 0127 0130 0137 0136 0172 0176 0178 0164 0149 0127 0121 0197 1404 0120 1010.
0120 0119 0119 0123 0079 0075 0074 0084 0119 0118 0118 0158
0164 0176 0178 0178 0146 0146 0148 0144 0138 0127 0124 0114 0182 0945 0067 0347.
0110 0114 0121 0122 0116 0119 0122 0108 0102 0104 0105 0115
0119 0125 0133 0171 0171 0154 0166 0202 0185 0158 0135 0122 0215 1543 0102 0413.
0099 0092 0084 0106 0098 0081 0091 0094 0096 0089 0122 0162
0233 0298 0345 0363 0377 0341 0339 0267 0219 0191 0157 0135 0393 1246 0080 0148.
0138 0137 0130 0131 0117 0111 0097 0096 0100 0099 0127 0168
0180 0184 0201 0154 0218 0239 0274 0252 0202 0172 0150 0136 0284 1451 0088 0525.
0139 0132 0100 0087 0090 0088 0118 0099 0095 0120 0132 0153
0157 0153 0175 0208 0180 0208 0166 0164 0156 0143 0136 0136 0214 1353 0086 0001.
0134 0137 0137 0137 0134 0137 0135 0136 0129 0134 0134 0140
0135 0146 0169 0154 0161 0162 0164 0161 0158 0153 0142 0138 0178 1217 0129 0454.
0138 0138 0134 0139 0139 0138 0136 0138 0136 0133 0138 0151
0187 0251 0216 0204 0247 0199 0154 0171 0164 0147 0141 0137 0256 1303 0132 0556.
0130 0122 0124 0120 0119 0116 0121 0126 0122 0099 0145 0177
0219 0276 0323 0363 0370 0368 0326 0293 0238 0196 0163 0146 0383 1303 0098 0556.
0135 0126 0122 0110 0119 0110 0105 0117 0109 0105 0139 0183
0229 0274 0320 0365 0400 0372 0345 0304 0255 0206 0163 0139 0406 1245 0095 0319.
0117 0112 0094 0082 0103 0079 0092 0074 0098 0094 0130 0171
0233 0278 0297 0304 0322 0356 0333 0268 0218 0206 0171 0145 0363 1352 0072 0315.
0127 0124 0107 0105 0095 0090 0088 0087 0089 0081 0133 0182
0250 0335 0396 0421 0421 0379 0349 0327 0259 0234 0188 0174 0439 1222 0081 0554=
=
??????
******
YF
19011










=
JY
8888=
GK
01/
05/=
BZ
10/03/08;14;20

10/24/24
11/=
######
