57461 3042N 11118E 001331 001343 105 000 S14 11111999919199111991 0 2015 07
PC
9882 9884 9886 9882 9877 9870 9865 9866 9868 9870 9873 9875
9876 9872 9869 9864 9857 9848 9843 9839 9837 9839 9848 9860 9887 2303 9834 1724.
9866 9867 9869 9866 9862 9857 9852 9850 9850 9854 9859 9864
9868 9869 9870 9868 9864 9861 9860 9857 9856 9856 9861 9865 9871 1028 9849 0348.
9872 9877 9879 9878 9877 9877 9876 9876 9878 9883 9888 9892
9899 9900 9902 9900 9899 9900 9902 9902 9904 9908 9915 9926 9927 1949 9866 2001.
9932 9941 9940 9935 9933 9926 9922 9924 9924 9926 9926 9929
9934 9937 9936 9933 9934 9932 9932 9930 9929 9930 9934 9941 9943 2208 9921 0307.
9947 9949 9946 9945 9943 9939 9936 9932 9931 9933 9936 9936
9940 9942 9942 9940 9937 9932 9927 9924 9919 9920 9922 9924 9951 2219 9918 1724.
9926 9933 9936 9936 9932 9928 9925 9925 9928 9932 9936 9941
9939 9936 9935 9931 9926 9924 9921 9921 9921 9923 9928 9934 9941 0757 9920 1511.
9940 9946 9946 9945 9944 9941 9938 9938 9942 9943 9946 9949
9948 9946 9944 9940 9934 9930 9925 9921 9919 9919 9922 9927 9951 0825 9918 1658.
9934 9937 9943 9941 9937 9933 9932 9930 9933 9937 9941 9947
9947 9946 9943 9940 9935 9930 9927 9925 9922 9921 9925 9928 9948 0815 9921 1702.
9935 9942 9944 9944 9942 9939 9939 9940 9941 9947 9951 9955
9957 9957 9955 9950 9944 9938 9934 9931 9929 9931 9939 9949 9958 0902 9928 2001.
9956 9961 9958 9956 9953 9949 9945 9946 9948 9951 9955 9958
9960 9962 9961 9959 9953 9947 9939 9933 9928 9925 9927 9930 9963 1027 9925 1758.
9933 9936 9934 9933 9929 9924 9920 9919 9916 9917 9923 9927
9929 9926 9922 9914 9904 9894 9886 9880 9875 9875 9879 9884 9936 2151 9875 1652.
9888 9890 9891 9887 9882 9877 9878 9877 9877 9879 9881 9881
9880 9876 9872 9867 9857 9850 9844 9840 9843 9844 9851 9858 9892 2243 9839 1538.
9864 9869 9872 9871 9869 9864 9861 9860 9859 9862 9867 9871
9872 9869 9866 9862 9854 9846 9839 9843 9852 9849 9854 9855 9874 2320 9838 1456.
9860 9865 9862 9862 9858 9857 9856 9854 9854 9856 9860 9867
9875 9873 9874 9874 9864 9859 9860 9868 9861 9863 9864 9863 9877 1126 9853 0340.
9873 9879 9877 9867 9864 9856 9856 9852 9855 9859 9858 9857
9859 9858 9856 9852 9845 9846 9847 9848 9850 9855 9857 9865 9879 2200 9841 1324.
9872 9880 9883 9882 9877 9872 9870 9870 9872 9876 9879 9881
9881 9880 9877 9879 9875 9871 9866 9867 9866 9869 9872 9880 9884 2309 9864 1703.
9887 9897 9901 9902 9899 9896 9896 9899 9897 9901 9902 9903
9907 9905 9905 9903 9900 9894 9890 9889 9885 9886 9890 9896 9908 0825 9879 2008.
9901 9906 9908 9910 9906 9900 9898 9899 9898 9900 9901 9905
9907 9906 9906 9902 9898 9894 9889 9885 9884 9885 9887 9894 9911 2351 9883 1623.
9896 9903 9904 9905 9902 9900 9901 9902 9899 9903 9906 9911
9911 9912 9913 9908 9905 9900 9894 9892 9891 9894 9896 9898 9913 1001 9890 1702.
9901 9908 9911 9914 9914 9912 9911 9911 9912 9913 9915 9918
9917 9914 9915 9913 9909 9905 9899 9893 9886 9887 9887 9894 9918 0751 9884 1724.
9903 9912 9913 9913 9906 9905 9899 9899 9898 9902 9906 9911
9910 9909 9907 9907 9902 9895 9889 9884 9879 9876 9876 9881 9914 2248 9875 1813.
9890 9899 9904 9900 9896 9887 9886 9885 9885 9882 9888 9888
9891 9893 9888 9890 9886 9885 9885 9881 9884 9881 9880 9886 9904 2259 9877 1830.
9892 9896 9897 9899 9895 9894 9893 9893 9893 9894 9891 9894
9896 9897 9897 9895 9895 9892 9888 9884 9882 9879 9884 9890 9899 2346 9877 1728.
9897 9902 9903 9900 9897 9893 9889 9889 9888 9889 9890 9892
9892 9892 9890 9886 9879 9874 9869 9865 9863 9863 9867 9873 9904 2211 9862 1712.
9882 9885 9885 9881 9877 9871 9870 9870 9869 9871 9877 9879
9882 9881 9877 9872 9867 9862 9858 9854 9856 9857 9863 9873 9885 2144 9853 1613.
9882 9884 9884 9885 9883 9880 9877 9875 9877 9880 9885 9890
9894 9895 9895 9893 9889 9884 9879 9876 9876 9881 9886 9894 9895 0904 9873 2001.
9902 9906 9905 9902 9898 9896 9892 9893 9897 9901 9904 9907
9908 9908 9906 9903 9900 9894 9892 9893 9896 9896 9898 9903 9909 0922 9889 1417.
9904 9909 9910 9909 9907 9905 9901 9900 9902 9904 9905 9908
9908 9906 9903 9900 9895 9890 9885 9880 9877 9875 9877 9885 9911 2338 9874 1759.
9897 9904 9904 9905 9899 9895 9894 9893 9896 9896 9901 9901
9901 9900 9897 9892 9886 9881 9874 9869 9865 9863 9863 9869 9906 2322 9863 1727.
9880 9890 9891 9896 9893 9893 9888 9888 9888 9889 9892 9892
9892 9892 9890 9886 9883 9877 9874 9866 9859 9857 9866 9877 9896 0000 9856 1733.
9876 9888 9894 9896 9889 9883 9877 9875 9878 9884 9890 9894
9898 9899 9898 9893 9889 9882 9877 9871 9894 9888 9894 9900 9901 1712 9871 1557=
0024 0029 9999 0012
0008 0015 0012 0016
0028 0044 0053 0080
0080 0084 0087 0097
0094 0092 0087 0079
0082 0096 0077 0088
0095 0104 0084 0081
0087 0101 0084 0082
0092 0109 0091 0103
0102 0112 0101 0084
0077 0080 0046 0035
0028 0032 0000 0009
0014 0022 9995 0006
0006 0018 0010 0015
0008 0010 9999 0019
0026 0035 0024 0033
0049 0057 0047 0050
0053 0059 0046 0047
0052 0064 0052 0050
0064 0070 0057 0046
0056 0063 0046 0032
0038 0039 0037 0039
0047 0048 0046 0044
0047 0045 0025 0025
0021 0030 0012 0024
0030 0041 0035 0045
0047 0059 0045 0055
0056 0061 0041 0036
0045 0052 0031 0019
0043 0042 0027 0027
0032 0045 0032 0053=
TB
0233 0232 0231 0230 0230 0230 0228 0226 0226 0226 0227 0230
0247 0265 0279 0293 0307 0319 0320 0324 0320 0314 0306 0297 0326 1548 0225 0406.
0288 0277 0268 0259 0256 0253 0252 0251 0248 0247 0252 0258
0272 0285 0300 0310 0316 0316 0322 0312 0313 0308 0307 0300 0327 1526 0247 0512.
0292 0281 0273 0269 0267 0262 0260 0257 0254 0252 0252 0253
0252 0257 0265 0269 0272 0271 0269 0274 0261 0246 0237 0225 0300 2001 0224 1955.
0216 0207 0204 0204 0207 0207 0206 0206 0208 0206 0210 0214
0226 0237 0252 0265 0262 0259 0257 0241 0232 0224 0218 0215 0266 1201 0203 2302.
0214 0215 0214 0211 0212 0212 0210 0209 0208 0208 0211 0215
0224 0236 0241 0246 0255 0262 0261 0255 0253 0251 0245 0239 0266 1421 0207 0510.
0235 0232 0229 0228 0223 0221 0220 0215 0212 0209 0215 0233
0247 0268 0287 0300 0302 0305 0301 0296 0293 0279 0269 0261 0308 1437 0209 0557.
0247 0240 0221 0213 0206 0198 0195 0191 0187 0186 0197 0221
0234 0254 0273 0281 0287 0291 0291 0296 0292 0287 0280 0270 0298 1553 0186 0440.
0258 0250 0237 0228 0220 0215 0212 0209 0205 0203 0210 0226
0242 0263 0274 0288 0292 0298 0295 0290 0300 0293 0284 0274 0303 1449 0203 0518.
0265 0254 0243 0236 0229 0225 0220 0217 0216 0213 0219 0235
0251 0273 0289 0299 0307 0303 0311 0310 0302 0298 0288 0274 0319 1627 0213 0529.
0265 0259 0254 0250 0243 0236 0231 0228 0230 0227 0230 0238
0252 0255 0261 0260 0274 0281 0287 0292 0296 0291 0286 0277 0299 1634 0227 0404.
0268 0265 0260 0249 0246 0242 0238 0239 0237 0237 0248 0258
0276 0297 0310 0312 0321 0327 0334 0332 0335 0324 0316 0311 0339 1545 0236 0501.
0304 0293 0288 0273 0263 0259 0252 0250 0246 0245 0250 0271
0288 0303 0323 0329 0349 0357 0356 0346 0330 0327 0308 0298 0364 1529 0245 0455.
0293 0288 0284 0279 0275 0269 0268 0264 0261 0259 0266 0283
0295 0320 0334 0353 0359 0369 0362 0349 0314 0290 0289 0286 0372 1416 0258 0536.
0285 0280 0278 0277 0275 0273 0271 0268 0266 0264 0275 0284
0288 0298 0293 0287 0287 0289 0281 0236 0244 0252 0251 0246 0304 1011 0236 1553.
0244 0247 0245 0242 0242 0242 0239 0239 0236 0234 0233 0235
0240 0237 0240 0242 0241 0236 0234 0235 0236 0235 0233 0231 0248 2153 0231 1956.
0232 0232 0232 0231 0228 0228 0227 0225 0226 0226 0227 0233
0243 0251 0265 0270 0274 0280 0284 0284 0276 0276 0273 0261 0289 1518 0225 0400.
0256 0251 0245 0236 0232 0227 0225 0223 0220 0219 0223 0235
0253 0267 0265 0277 0281 0285 0280 0276 0275 0272 0266 0259 0291 1248 0218 0525.
0256 0253 0248 0246 0245 0241 0234 0236 0235 0231 0233 0241
0255 0264 0282 0297 0303 0307 0304 0303 0300 0294 0290 0281 0312 1421 0229 0613.
0276 0265 0252 0249 0241 0239 0235 0233 0230 0228 0235 0246
0262 0281 0299 0307 0310 0317 0321 0317 0316 0308 0303 0293 0323 1415 0227 0536.
0280 0271 0263 0259 0253 0248 0246 0240 0238 0234 0240 0255
0274 0290 0305 0316 0321 0328 0331 0322 0323 0317 0311 0301 0331 1458 0234 0552.
0295 0280 0272 0266 0262 0259 0255 0249 0249 0245 0252 0264
0281 0295 0301 0304 0318 0331 0330 0332 0322 0319 0315 0310 0336 1546 0244 0609.
0301 0298 0283 0281 0273 0268 0263 0261 0258 0257 0261 0274
0287 0290 0298 0293 0295 0276 0275 0258 0255 0254 0249 0252 0309 2001 0248 1844.
0249 0250 0245 0243 0240 0233 0229 0228 0225 0222 0221 0228
0234 0243 0252 0259 0255 0251 0252 0265 0269 0271 0266 0259 0273 1740 0220 0533.
0252 0249 0246 0241 0239 0238 0236 0233 0232 0233 0234 0250
0269 0294 0313 0333 0338 0343 0340 0341 0333 0328 0320 0303 0345 1536 0231 0451.
0295 0287 0276 0269 0265 0261 0257 0254 0252 0249 0249 0269
0286 0303 0319 0329 0337 0343 0348 0342 0339 0329 0318 0305 0350 1418 0248 0639.
0300 0295 0289 0284 0282 0277 0273 0269 0265 0263 0267 0275
0278 0294 0307 0318 0325 0326 0324 0330 0324 0321 0311 0302 0333 1549 0262 0547.
0288 0281 0278 0272 0271 0266 0263 0262 0258 0259 0262 0270
0282 0301 0307 0321 0324 0330 0316 0269 0278 0282 0274 0268 0337 1332 0257 0511.
0265 0262 0259 0255 0254 0252 0251 0249 0246 0247 0249 0259
0274 0293 0314 0328 0340 0353 0361 0361 0352 0350 0336 0323 0363 1608 0246 0459.
0314 0307 0291 0282 0273 0270 0264 0259 0254 0251 0260 0279
0296 0318 0333 0346 0358 0364 0367 0360 0351 0349 0341 0331 0369 1418 0251 0551.
0318 0302 0293 0287 0287 0274 0270 0264 0258 0255 0268 0280
0309 0322 0340 0355 0362 0366 0367 0357 0356 0352 0345 0329 0369 1333 0254 0553.
0324 0310 0300 0295 0291 0285 0281 0278 0269 0270 0273 0279
0299 0317 0336 0349 0355 0358 0372 0355 0249 0243 0244 0246 0372 1459 0242 1752=
IB
=
0225 0220 0224 0223 0225 0225 0218 0221 0216 0216 0222 0218
0229 0234 0233 0230 0236 0240 0243 0228 0238 0240 0240 0241.
0239 0226 0226 0230 0227 0228 0221 0222 0221 0228 0231 0231
0230 0230 0232 0209 0215 0212 0226 0225 0229 0227 0212 0224.
0234 0243 0246 0242 0238 0227 0233 0228 0229 0217 0229 0232
0227 0212 0208 0210 0217 0214 0221 0207 0180 0166 0186 0187.
0180 0190 0189 0187 0188 0188 0187 0185 0191 0191 0195 0190
0190 0190 0186 0181 0176 0188 0196 0208 0198 0201 0201 0201.
0204 0205 0199 0201 0197 0197 0200 0194 0198 0196 0199 0200
0198 0195 0204 0209 0216 0198 0183 0207 0206 0210 0210 0216.
0216 0216 0210 0218 0213 0213 0212 0205 0205 0202 0203 0197
0200 0199 0166 0153 0151 0172 0169 0168 0147 0145 0133 0126.
0145 0132 0142 0147 0156 0161 0158 0163 0158 0149 0145 0150
0147 0145 0143 0144 0156 0160 0156 0164 0164 0166 0166 0172.
0175 0177 0179 0188 0180 0185 0186 0185 0179 0181 0184 0188
0182 0189 0173 0183 0174 0183 0177 0185 0181 0187 0188 0187.
0194 0198 0192 0199 0199 0199 0201 0193 0193 0198 0195 0201
0195 0206 0178 0187 0171 0170 0181 0184 0199 0189 0177 0195.
0194 0193 0186 0194 0204 0205 0199 0200 0200 0200 0198 0203
0213 0203 0197 0199 0205 0188 0193 0198 0199 0200 0192 0208.
0202 0201 0206 0218 0213 0211 0205 0212 0210 0212 0215 0212
0216 0203 0206 0211 0216 0212 0219 0214 0220 0222 0223 0224.
0223 0223 0223 0227 0230 0230 0229 0229 0227 0228 0229 0229
0228 0232 0233 0233 0226 0226 0222 0230 0225 0231 0235 0230.
0230 0228 0231 0235 0241 0236 0241 0244 0241 0234 0241 0239
0246 0248 0243 0236 0232 0244 0231 0245 0230 0230 0222 0228.
0227 0225 0223 0229 0241 0238 0242 0233 0233 0241 0239 0238
0248 0244 0244 0243 0238 0231 0235 0224 0235 0238 0241 0232.
0228 0238 0235 0225 0232 0233 0232 0232 0226 0224 0223 0230
0235 0232 0233 0230 0234 0226 0224 0230 0231 0228 0221 0219.
0225 0227 0227 0226 0223 0223 0217 0215 0223 0216 0217 0225
0224 0226 0215 0211 0210 0218 0214 0217 0207 0204 0199 0202.
0208 0204 0218 0213 0211 0206 0206 0206 0203 0209 0213 0210
0212 0212 0213 0200 0204 0202 0211 0207 0211 0203 0207 0207.
0204 0212 0211 0211 0206 0204 0213 0215 0218 0219 0216 0216
0218 0209 0217 0211 0217 0215 0218 0211 0217 0216 0207 0214.
0216 0221 0223 0222 0218 0214 0219 0216 0216 0216 0223 0221
0221 0226 0213 0223 0215 0215 0213 0206 0209 0207 0200 0213.
0215 0209 0215 0209 0212 0215 0221 0224 0219 0217 0217 0220
0217 0220 0224 0215 0210 0200 0216 0211 0206 0200 0213 0220.
0222 0220 0219 0222 0227 0228 0224 0226 0222 0224 0231 0223
0226 0230 0230 0233 0219 0213 0209 0210 0217 0217 0217 0220.
0218 0233 0230 0243 0233 0239 0242 0240 0235 0228 0232 0241
0240 0241 0242 0240 0239 0232 0239 0233 0241 0242 0235 0233.
0231 0234 0229 0222 0224 0219 0215 0220 0213 0217 0216 0216
0224 0231 0229 0224 0236 0235 0217 0228 0234 0231 0231 0228.
0233 0231 0230 0232 0232 0231 0226 0223 0220 0223 0222 0232
0227 0226 0226 0221 0226 0224 0221 0219 0218 0213 0215 0235.
0241 0236 0242 0242 0240 0234 0232 0238 0229 0230 0230 0234
0240 0230 0234 0230 0228 0227 0253 0245 0239 0241 0236 0246.
0246 0250 0251 0252 0250 0243 0244 0253 0251 0251 0253 0253
0248 0249 0251 0241 0240 0249 0236 0236 0216 0222 0232 0239.
0241 0237 0230 0228 0231 0233 0234 0235 0238 0241 0242 0241
0236 0243 0236 0244 0236 0239 0245 0242 0244 0248 0236 0245.
0243 0244 0243 0236 0235 0234 0239 0237 0236 0235 0231 0234
0236 0242 0248 0237 0221 0216 0212 0219 0215 0209 0211 0218.
0219 0218 0221 0229 0233 0235 0231 0228 0231 0226 0225 0233
0238 0239 0215 0216 0213 0222 0217 0211 0214 0208 0212 0206.
0219 0216 0223 0222 0229 0236 0237 0227 0225 0232 0233 0229
0236 0214 0218 0210 0212 0212 0217 0223 0222 0215 0219 0224.
0228 0229 0232 0232 0228 0241 0235 0242 0234 0241 0244 0237
0243 0243 0239 0208 0217 0209 0209 0225 0222 0229 0228 0236=
EA
272 264 271 270 272 272 261 266 258 258 268 261
280 287 286 281 291 298 304 277 295 299 299 300.
297 275 275 281 276 277 266 268 266 277 282 282
281 280 284 247 256 251 274 273 279 275 252 272.
288 304 308 301 294 275 286 277 279 260 279 284
276 251 246 248 260 255 266 244 206 189 214 215.
206 220 218 216 217 217 216 213 221 221 226 219
219 220 215 208 201 217 228 246 230 236 235 236.
239 241 232 235 229 229 234 225 231 228 233 233
230 227 240 247 258 231 210 245 242 248 249 258.
258 259 248 261 253 253 251 241 242 237 238 229
233 233 189 174 172 196 192 191 167 165 152 145.
165 152 162 167 177 182 179 186 179 169 165 170
167 165 163 163 177 181 177 187 186 189 189 196.
199 203 205 216 206 213 214 212 205 207 211 217
208 219 197 210 199 210 202 212 208 216 217 215.
225 230 222 233 232 232 235 223 224 230 226 234
226 243 203 215 194 194 208 211 232 218 202 226.
225 224 214 225 240 242 232 233 233 234 230 239
253 238 230 232 241 217 224 231 232 234 223 245.
236 235 242 261 254 251 242 252 249 252 257 252
258 238 243 250 258 252 262 254 264 267 270 271.
269 269 269 276 280 281 279 279 275 277 279 280
277 285 285 285 274 275 267 281 272 282 289 281.
281 277 282 289 301 291 299 306 301 287 299 296
309 314 304 292 284 306 282 308 280 280 267 278.
276 272 269 279 301 294 301 285 286 299 297 294
313 306 306 303 295 283 289 271 290 295 299 284.
278 296 289 272 284 287 285 285 274 270 269 281
289 284 286 281 288 274 270 281 282 278 266 263.
273 276 276 274 269 269 259 256 269 258 259 272
270 274 256 250 248 261 255 259 244 240 232 237.
246 239 261 253 250 243 242 242 238 247 253 249
251 252 253 234 239 237 249 244 250 238 244 244.
240 251 250 250 243 240 253 256 261 263 257 258
261 248 260 250 259 256 260 250 259 258 244 255.
258 267 269 268 261 255 263 257 258 258 269 266
265 274 253 269 256 257 253 243 246 244 233 253.
257 247 257 247 251 257 266 271 262 259 260 264
259 264 271 256 249 234 258 250 242 234 253 265.
268 265 263 268 275 277 271 274 268 270 282 268
274 280 282 287 263 253 246 249 260 260 259 265.
260 285 281 304 287 296 301 297 289 277 284 299
299 300 302 297 297 284 297 286 300 302 290 285.
283 288 280 267 271 263 257 264 253 259 258 258
270 282 279 271 290 290 260 277 287 283 282 277.
285 283 281 285 285 283 274 269 264 269 268 285
276 275 274 266 274 270 266 262 261 254 257 289.
301 291 303 301 298 287 284 295 279 280 280 287
297 281 288 280 277 276 323 307 296 300 291 310.
310 317 319 321 317 305 305 322 318 318 322 323
314 316 318 301 298 315 292 292 258 268 285 296.
301 293 280 278 283 286 287 289 296 301 303 299
291 303 291 306 292 297 307 301 306 314 292 306.
305 306 304 290 289 288 296 293 291 289 283 287
292 302 313 293 266 257 251 263 256 247 250 261.
262 261 266 279 287 289 282 277 282 274 272 286
294 296 256 259 253 267 259 250 254 246 251 243.
263 258 269 268 279 292 292 275 272 284 285 280
290 255 261 249 252 252 259 269 267 256 263 270.
277 279 284 284 278 300 289 303 287 299 305 293
304 304 297 246 260 247 247 272 268 279 278 291=
UB
95 93 96 96 97 97 94 97 94 94 97 93
90 83 76 69 66 63 64 57 62 65 68 72 54 1533.
75 74 78 84 84 86 83 84 85 89 88 85
78 72 67 55 55 54 57 60 61 62 57 64 51 1303.
71 80 85 85 84 81 85 84 86 81 87 88
86 76 71 70 72 71 75 67 61 61 73 79 53 1715.
80 90 91 90 89 89 89 88 90 91 91 86
80 75 67 60 59 65 69 82 81 87 90 92 56 1145.
94 94 91 94 91 91 94 91 94 93 93 91
85 78 80 80 79 68 62 75 75 78 81 87 59 1438.
89 91 89 94 94 95 95 94 96 96 93 80
75 66 48 41 40 45 45 46 41 44 43 43 35 1227.
53 51 61 66 73 79 79 84 83 79 72 64
58 51 45 43 45 45 44 45 46 48 50 55 40 1138.
60 64 70 78 78 83 85 86 85 87 85 79
69 64 54 53 49 50 49 53 49 53 56 59 47 1656.
65 71 73 80 83 85 89 86 87 91 86 81
71 67 51 51 44 45 46 47 54 52 51 62 40 1635.
65 67 66 71 79 83 82 84 83 85 82 81
79 73 68 69 66 57 57 57 56 58 57 66 53 1624.
67 68 72 83 82 83 82 85 85 86 82 76
70 57 54 55 54 51 51 50 51 55 58 60 48 1426.
62 66 68 76 82 84 87 88 89 90 88 78
70 66 59 57 49 47 46 51 54 57 65 67 43 1420.
69 70 73 77 82 82 85 89 89 86 86 77
75 66 59 51 48 49 47 55 61 70 67 71 45 1343.
71 72 72 75 82 81 84 81 82 87 81 76
79 73 75 77 75 71 76 93 95 92 94 92 68 2001.
91 95 94 90 94 95 96 96 94 94 94 97
97 97 96 93 96 94 94 97 97 96 93 93 90 2356.
96 97 97 97 97 97 94 94 98 94 94 95
89 86 74 70 68 69 66 67 66 65 64 70 62 1510.
75 75 85 87 88 88 89 90 90 94 94 86
78 72 73 63 63 61 66 66 68 66 70 73 58 1348.
73 78 80 81 79 80 88 88 90 93 90 86
80 72 68 60 60 58 60 58 61 63 61 67 55 1330.
70 77 84 85 87 86 91 90 92 93 93 86
78 72 60 61 57 55 53 52 53 55 54 62 51 1358.
68 69 75 74 78 82 86 91 89 90 87 81
71 66 62 55 52 47 51 52 50 50 56 62 47 1358.
65 70 73 77 81 83 83 87 85 88 88 78
72 68 66 66 56 50 49 49 54 55 56 59 47 1448.
61 68 73 80 79 84 88 88 87 84 84 82
76 75 72 73 72 77 81 86 92 93 92 89 57 2001.
90 91 91 88 91 92 92 95 93 97 97 93
94 93 87 81 89 91 81 80 81 79 81 83 76 1742.
89 90 91 95 96 96 94 94 93 94 93 90
78 67 60 52 52 50 50 49 51 51 54 67 44 1516.
73 74 82 85 86 85 86 91 87 89 89 81
76 65 61 56 53 51 58 57 56 60 62 71 49 1359.
73 77 80 83 83 82 84 91 92 93 92 88
84 77 72 64 61 64 60 58 53 56 63 69 50 1745.
76 77 75 77 79 82 84 85 89 90 89 84
76 71 66 64 60 59 66 85 82 82 80 87 54 1355.
88 90 91 89 89 90 93 93 94 93 90 86
80 74 68 59 50 45 42 44 45 44 48 54 41 1529.
57 59 66 73 79 81 82 83 87 86 81 76
71 63 50 47 43 44 42 42 45 44 47 48 39 1510.
56 60 66 68 71 80 82 80 82 87 81 74
65 53 49 43 42 41 42 46 46 45 48 54 40 1151.
57 62 67 69 69 77 76 81 81 84 84 78
72 65 57 44 45 42 39 47 85 92 91 94 36 1506=
N=
H=
C=
V=
R6
0002 0000 0002
0000 0000 0000
0000 0000 0000
0017 0025 0042
0004 0000 0004
0000 0000 0000
0000 0000 0000
0000 0000 0000
0000 0000 0000
0000 0000 0000
0000 0000 0000
0000 0000 0000
0000 0000 0000
0000 0099 0099
0330 0406 0736
0000 0000 0000
0000 0000 0000
0000 0000 0000
0000 0000 0000
0000 0000 0000
0000 0000 0000
0000 0018 0018
0224 0015 0239
0000 0000 0000
0000 0000 0000
0000 0000 0000
0000 0009 0009
0000 0000 0000
0000 0000 0000
0000 0000 0000
0000 0267 0267=
0001 0000 0000 0000 0000 0000 0001 0000 0000 0000 0000 0000
0000 0000 0000 0000 0000 0000 0000 0000 0000 0000 0000 0000.
0000 0000 0000 0000 0000 0000 0000 0000 0000 0000 0000 0000
0000 0000 0000 0000 0000 0000 0000 0000 0000 0000 0000 0000.
0000 0000 0000 0000 0000 0000 0000 0000 0000 0000 0000 0000
0000 0000 0000 0000 0000 0000 0000 0000 0000 0000 0000 0000.
0000 0005 0007 0002 0000 0000 0001 0002 0000 0000 0000 0000
0000 0000 0000 0000 0000 0000 0000 0000 0001 0009 0010 0005.
0003 0001 0000 0000 0000 0000 0000 0000 0000 0000 0000 0000
0000 0000 0000 0000 0000 0000 0000 0000 0000 0000 0000 0000.
0000 0000 0000 0000 0000 0000 0000 0000 0000 0000 0000 0000
0000 0000 0000 0000 0000 0000 0000 0000 0000 0000 0000 0000.
0000 0000 0000 0000 0000 0000 0000 0000 0000 0000 0000 0000
0000 0000 0000 0000 0000 0000 0000 0000 0000 0000 0000 0000.
0000 0000 0000 0000 0000 0000 0000 0000 0000 0000 0000 0000
0000 0000 0000 0000 0000 0000 0000 0000 0000 0000 0000 0000.
0000 0000 0000 0000 0000 0000 0000 0000 0000 0000 0000 0000
0000 0000 0000 0000 0000 0000 0000 0000 0000 0000 0000 0000.
0000 0000 0000 0000 0000 0000 0000 0000 0000 0000 0000 0000
0000 0000 0000 0000 0000 0000 0000 0000 0000 0000 0000 0000.
0000 0000 0000 0000 0000 0000 0000 0000 0000 0000 0000 0000
0000 0000 0000 0000 0000 0000 0000 0000 0000 0000 0000 0000.
0000 0000 0000 0000 0000 0000 0000 0000 0000 0000 0000 0000
0000 0000 0000 0000 0000 0000 0000 0000 0000 0000 0000 0000.
0000 0000 0000 0000 0000 0000 0000 0000 0000 0000 0000 0000
0000 0000 0000 0000 0000 0000 0000 0000 0000 0000 0000 0000.
0000 0000 0000 0000 0000 0000 0000 0000 0000 0000 0000 0000
0000 0000 0000 0000 0000 0000 0000 0099 0000 0000 0000 0000.
0000 0000 0000 0000 0000 0000 0026 0009 0105 0098 0066 0026
0017 0047 0015 0020 0025 0114 0110 0035 0010 0008 0005 0000.
0000 0000 0000 0000 0000 0000 0000 0000 0000 0000 0000 0000
0000 0000 0000 0000 0000 0000 0000 0000 0000 0000 0000 0000.
0000 0000 0000 0000 0000 0000 0000 0000 0000 0000 0000 0000
0000 0000 0000 0000 0000 0000 0000 0000 0000 0000 0000 0000.
0000 0000 0000 0000 0000 0000 0000 0000 0000 0000 0000 0000
0000 0000 0000 0000 0000 0000 0000 0000 0000 0000 0000 0000.
0000 0000 0000 0000 0000 0000 0000 0000 0000 0000 0000 0000
0000 0000 0000 0000 0000 0000 0000 0000 0000 0000 0000 0000.
0000 0000 0000 0000 0000 0000 0000 0000 0000 0000 0000 0000
0000 0000 0000 0000 0000 0000 0000 0000 0000 0000 0000 0000.
0000 0000 0000 0000 0000 0000 0000 0000 0000 0000 0000 0000
0000 0000 0000 0000 0000 0000 0000 0000 0000 0000 0000 0000.
0000 0000 0000 0000 0000 0000 0000 0000 0000 0000 0000 0000
0000 0000 0000 0000 0000 0000 0000 0002 0010 0004 0001 0001.
0000 0000 0000 0002 0001 0001 0008 0004 0057 0118 0030 0003
0000 0004 0000 0000 0001 0009 0001 0000 0000 0000 0000 0000.
0000 0000 0000 0000 0000 0000 0000 0000 0000 0000 0000 0000
0000 0000 0000 0000 0000 0000 0000 0000 0000 0000 0000 0000.
0000 0000 0000 0000 0000 0000 0000 0000 0000 0000 0000 0000
0000 0000 0000 0000 0000 0000 0000 0000 0000 0000 0000 0000.
0000 0000 0000 0000 0000 0000 0000 0000 0000 0000 0000 0000
0000 0000 0000 0000 0000 0000 0000 0000 0000 0000 0000 0000.
0000 0000 0000 0000 0000 0000 0000 0000 0000 0000 0000 0000
0000 0000 0000 0000 0000 0000 0000 0009 0000 0000 0000 0000.
0000 0000 0000 0000 0000 0000 0000 0000 0000 0000 0000 0000
0000 0000 0000 0000 0000 0000 0000 0000 0000 0000 0000 0000.
0000 0000 0000 0000 0000 0000 0000 0000 0000 0000 0000 0000
0000 0000 0000 0000 0000 0000 0000 0000 0000 0000 0000 0000.
0000 0000 0000 0000 0000 0000 0000 0000 0000 0000 0000 0000
0000 0000 0000 0000 0000 0000 0000 0000 0000 0000 0000 0000.
0000 0000 0000 0000 0000 0000 0000 0000 0000 0000 0000 0000
0000 0000 0000 0000 0000 0000 0000 0000 0039 0220 0008 0000=
0000 ////////// 00000=
W=
LA
=
001 001 000 000 001 000 002 000 000 000 001 000
001 000 001 001 001 002 002 004 003 003 002 003 029.
002 001 002 001 002 001 001 001 000 001 001 000
000 001 001 001 002 002 003 003 002 002 003 001 034.
001 001 002 001 001 001 001 001 001 001 001 001
000 000 002 000 001 001 000 003 000 001 002 000 023.
000 000 002 003 001 002 000 001 000 002 000 001
001 001 001 001 001 000 000 000 000 000 001 002 020.
001 001 002 000 001 001 000 001 000 001 001 000
002 000 000 000 000 002 000 000 000 000 000 000 013.
001 000 001 000 001 000 000 002 000 001 001 000
001 000 002 002 002 003 004 004 005 005 004 003 042.
003 002 001 002 002 001 002 001 002 000 002 001
002 002 001 002 003 003 004 004 003 003 004 003 053.
002 001 002 001 001 001 002 002 000 001 002 000
002 001 002 000 002 003 003 001 003 003 002 001 038.
002 001 001 001 002 002 001 000 002 001 001 001
000 001 002 001 002 003 002 003 004 003 003 002 041.
003 001 004 000 001 001 000 001 002 001 001 000
000 001 001 001 001 001 002 000 002 002 002 001 029.
003 001 001 000 001 001 000 002 001 001 000 001
000 002 002 000 002 002 005 003 004 003 004 002 041.
002 002 001 002 001 001 002 001 002 000 000 002
000 001 002 001 002 003 003 003 006 003 005 002 047.
003 003 002 002 001 001 002 002 001 000 002 000
002 000 001 000 003 002 005 005 001 005 003 002 048.
003 001 002 002 000 002 001 001 001 002 001 001
002 001 001 001 002 001 001 000 002 001 000 001 030.
001 001 002 000 001 000 006 002 027 030 030 030
018 030 022 014 016 030 030 030 011 007 007 005 350.
003 003 002 002 001 000 000 000 001 001 000 000
002 000 001 001 002 002 003 004 003 003 002 002 038.
002 001 002 000 001 001 001 001 001 001 001 001
001 001 001 002 002 002 003 003 001 003 002 002 036.
002 002 002 001 001 001 001 001 000 001 000 002
000 002 000 001 002 002 004 003 003 003 002 002 038.
002 001 001 002 002 001 001 001 001 001 000 001
000 002 001 001 002 003 004 003 004 003 003 001 041.
002 002 002 002 002 001 001 001 001 002 001 000
001 001 001 001 003 003 003 003 004 003 002 001 043.
002 002 001 002 002 001 001 001 002 001 000 002
002 000 001 002 000 003 004 003 005 002 004 001 044.
002 003 001 000 002 001 002 001 001 001 001 001
001 001 001 000 001 000 000 002 000 001 001 001 025.
001 001 001 002 002 001 001 000 010 018 006 001
000 002 000 000 000 000 000 001 001 001 000 001 050.
001 000 002 000 000 001 001 001 001 001 000 000
000 001 001 000 002 003 004 002 005 005 002 003 036.
002 002 001 001 002 000 002 001 001 001 001 001
000 002 000 001 002 003 003 003 005 003 004 003 044.
003 002 002 001 001 002 001 001 001 000 001 001
000 001 001 001 001 002 002 004 003 003 003 003 040.
003 002 001 002 002 001 001 001 001 001 001 000
000 002 001 001 003 001 004 000 000 002 002 001 033.
002 002 000 001 002 001 000 001 001 001 001 000
002 000 000 002 001 003 002 004 006 004 005 005 046.
004 002 002 002 001 002 001 001 001 003 000 002
000 002 000 001 003 003 004 007 006 004 004 005 060.
004 002 002 001 003 002 001 002 000 001 001 002
000 003 000 002 002 004 004 005 005 004 004 004 058.
004 002 001 003 001 002 002 001 001 001 001 001
001 001 000 002 002 002 003 005 000 030 006 002 074=
Z=
G=
FN
000003 PPC001 PPC000 118004 195008 191007
239008 215006 251006 194008 265010 298004
125006 178010 279012 188015 129019 192022
144022 132038 156028 121023 107029 085018.
087025 028011 350024 019013 030009 359007
021008 013003 067006 PPC001 347005 334007
010008 335009 138009 139015 149021 187018
161021 183023 182023 125011 135007 149004.
260007 321011 219008 281013 243011 214009
304006 011010 340011 356010 288006 333009
325012 274021 282014 287012 288019 266013
272021 290015 259015 268034 269022 314019.
282021 296006 278024 298016 272010 268011
275009 273009 257009 321009 274012 310009
304007 127008 144013 358004 261007 128006
358006 258012 319008 217011 236015 260011.
306006 251006 266008 314008 270009 248007
250008 273012 265009 291004 241008 313006
324008 212008 250010 238006 258009 173013
256012 328007 257005 240007 177009 PPC000.
212008 114006 359006 260008 280009 255005
281010 228006 283006 289005 330015 351005
279011 232009 307019 348012 041011 134014
126031 130035 091016 131028 113025 129016.
180015 159011 346008 341009 360010 PPC002
345014 227009 307008 331009 348007 071008
008011 142009 090014 260022 164019 174025
177028 165026 185020 148015 121013 112018.
153003 PPC000 331007 352010 336013 PPC002
011010 338012 321007 239008 318007 326009
352013 198006 285022 306011 131019 268015
169031 141017 113022 096019 110014 159009.
125006 348008 358008 023009 338020 340010
349009 076005 299010 293006 320010 285006
238009 300012 067019 350022 037021 096027
129018 100018 102027 116020 120022 121023.
127020 165008 174011 287003 314009 282009
283005 293005 297005 357006 350011 338009
117013 193009 193007 267033 249015 270012
313011 217012 248012 141014 159012 154012.
169016 156010 317014 247009 257005 347007
339011 295003 306008 331014 337011 336006
028008 148021 139026 094011 195016 185027
175031 168023 136028 142029 155022 119016.
118018 184006 251006 PPC000 022011 333011
343010 334008 261008 297009 279010 058003
309011 345017 156020 280019 186021 176021
176030 097031 042030 038011 025020 017018.
053010 014012 016007 329006 006007 330013
014008 329009 017010 356008 348007 PPC002
000008 008012 213011 084021 159014 120028
152034 162042 001020 045014 338010 352011.
327011 015010 345005 320005 331013 347011
315006 345006 007009 240011 351010 100006
159019 187024 170025 180030 079026 207015
325013 351019 343004 151010 332005 008005.
351006 250005 284007 283008 307007 PPC000
271010 305008 268008 301016 280016 343010
273013 319007 324008 289006 152011 244017
268020 275015 280013 284019 182009 PPC000.
032003 PPC000 280009 190004 226008 320010
220006 251007 PPC000 181008 118003 237009
343007 144011 094016 121024 116017 145027
184043 159026 156030 167025 137026 181020.
173008 218007 254008 002009 059006 343008
051008 PPC000 315008 344009 323007 287018
234016 190016 131022 109022 130032 151025
181026 151021 112019 164020 123015 135018.
125017 146009 143016 131015 156014 135004
099007 017008 189007 331003 353006 312006
310010 311008 120007 109017 353015 089027
155025 132032 132028 120019 129012 174011.
153009 353011 328013 003007 328010 040006
351007 333008 316005 346008 327003 351012
008005 320008 070010 131015 167022 204030
187025 111021 160022 089028 137014 117006.
023009 047010 356012 342008 033006 031009
266009 009010 350013 324009 218006 352008
327015 277012 278009 057017 123015 117022
124019 107023 129021 098027 130019 153010.
159005 004008 342006 288006 322014 257009
348008 344010 228007 PPC002 332008 313012
354010 243017 169015 190026 142021 198018
165027 205027 184029 161020 153017 147007.
052005 211009 360009 PPC002 339008 315012
296005 308007 347010 334012 332012 029006
025003 297011 069016 168009 243005 101009
008010 339014 337011 023008 288007 343013.
322012 270013 272011 293015 269018 251011
331009 304004 298008 282015 256015 284015
358006 282007 270013 231014 139015 139023
160023 127012 172016 191016 148006 085017.
066003 236008 251005 069010 359007 322006
251007 314011 328006 259007 298005 303010
237008 310010 203013 303019 254018 217017
188023 187030 151032 124028 125012 108020.
096012 076013 332012 268003 330012 325008
347016 PPC002 273009 344006 304007 015007
302007 195012 203016 194023 179024 137025
134026 113024 130019 125023 125022 138018.
132021 101013 103009 068012 107010 118008
007005 245007 247008 243007 155003 206004
267005 222008 011009 108022 171017 124029
157025 153020 147027 148023 148016 116020.
155026 081009 074013 051010 126008 274011
PPC000 PPC002 022005 295005 313011 308011
168009 068015 105018 117015 172033 173022
174031 135016 005009 260008 225015 230010.
264008 232005 177007 345008 174011 PPC000
189008 159003 295006 270012 318006 164009
016004 115016 173016 124022 137011 195019
125027 142023 177024 161028 137032 122035.
098017 049006 004009 333010 349006 270007
328016 318011 241009 329011 342011 338013
009010 194013 122024 165015 135024 197033
180035 150050 149052 125036 143025 126029.
116033 037014 021014 005010 215010 276005
219010 344008 332007 PPC000 145004 325009
109011 149019 157026 137021 131019 132034
122033 150033 168032 155030 149028 076019.
118019 039013 360018 338010 341009 316009
261006 277003 015011 356007 326005 003008
200011 291006 108012 286013 297011 205016
157025 090032 160044 042015 182011 034013=
336003 PPC001 PPC001 054005 201003 198006
239007 219008 259008 198004 309008 254007
107007 236007 271011 173017 123017 144017
153025 133032 152029 125027 104021 108017.
097022 050011 008016 012012 027010 015008
350008 028006 076005 PPC002 009006 347005
338009 004009 129009 200011 192017 189025
165025 175022 177020 147014 137009 140006.
247007 335010 237007 264013 261010 220009
312008 003007 345009 356010 303007 332009
322012 289012 278012 288015 295014 282016
277019 283021 257025 264026 257025 285021.
289018 312012 280019 283021 271014 287011
298010 273010 265010 299009 280009 313008
282011 226005 190010 267007 259010 132006
351007 248014 281014 243012 256012 272013.
294010 244008 270008 307009 278007 231007
254007 273011 249009 292007 238007 296007
314009 231008 247010 237008 191006 187013
251009 306006 285006 240006 174007 PPC000.
214006 137006 002007 272006 243009 243007
281008 237005 270006 269006 332012 351006
243012 324009 350010 013012 347013 107028
104031 124040 102032 115030 117026 135014.
171016 162011 341009 325010 348006 303007
334013 234007 313008 347009 350006 047007
357010 197010 129017 246018 175020 176028
164027 174026 178025 153018 117019 115018.
171005 PPC002 339005 328008 333013 250004
016008 338013 319008 229007 322008 342010
009010 289010 218016 228013 143016 239014
157031 125017 107022 107020 129022 163010.
141005 350008 336009 014009 340013 340009
348007 017005 293008 264009 310009 272009
272009 292011 020017 338022 033023 115029
117026 072020 123031 117020 101029 116026.
134019 187009 179011 253007 290009 277010
279007 294005 310008 317008 348014 341010
123011 180008 163013 268028 287014 273021
300009 231011 233008 141012 159013 156013.
171015 168009 310010 233008 244006 343008
342008 312007 333003 337011 332008 307008
324010 153015 162014 136021 182025 191031
174025 143024 112025 111024 113022 121017.
123017 197009 256008 195003 009012 353008
350008 010008 280007 301009 281008 272006
315011 296015 197016 239016 148021 164021
188028 099036 062033 052017 030017 029016.
044012 359010 014007 016008 015007 338010
014008 329010 005010 015008 359006 198006
342009 017011 177015 112020 130024 118027
137034 147036 336019 047017 334010 333008.
311010 351006 023007 292005 328008 340008
277006 353006 002009 244008 000007 107008
131018 170020 169026 182031 081033 219014
327016 344019 017008 162009 010005 009006.
356007 236009 301009 301009 346005 003004
301013 289011 303011 288018 292015 351008
277011 310008 292008 242007 148013 244016
275019 275014 280014 280017 182008 PPC001.
201004 PPC002 295006 209004 236010 308006
229008 229006 PPC002 184007 PPC001 305006
342007 174012 132014 148025 118025 141030
167032 149032 168032 170024 149021 184017.
187008 224006 232009 354008 040005 348009
053008 336005 328009 353006 312008 276018
234015 168017 129017 140022 131032 138025
165031 143024 130025 139020 140018 146013.
133017 173010 150017 133015 158011 PPC001
094008 005006 229007 272006 353007 319009
317012 237011 077009 099019 125018 134025
148028 131032 154029 112020 125016 181009.
150009 339010 324014 010010 332012 009006
340008 329009 322009 338008 343005 351013
207006 234009 070013 126021 170025 193029
182021 128025 130016 095022 133013 135006.
018010 046016 008009 343010 050007 358009
267008 011008 004014 334010 264006 343007
037009 340010 100013 103014 124019 125023
115021 127022 119017 100019 102016 152009.
162009 356007 352006 307008 320012 300007
025008 351010 236007 PPC001 319006 297010
329010 238015 177017 173024 155020 189021
175029 179025 184027 173020 152020 148013.
033007 194008 334010 268003 321007 331009
276007 288008 340011 008009 352008 012007
003005 318009 098015 179012 186006 107013
001010 003014 333010 022009 303009 314010.
323014 273011 264011 289017 279018 262021
330012 328005 286010 281015 269022 279015
343009 274009 259012 227011 128018 147021
145020 134012 182016 194015 139008 090013.
115005 228008 261008 025006 027005 345006
267010 316010 333006 242007 257007 336005
192007 350010 242011 245015 142012 205020
190025 164025 147032 124027 135016 100018.
085013 082012 331012 302006 307011 291006
001013 PPC002 265010 030005 335009 350008
326009 167010 221012 107015 186024 151024
148023 122023 110026 125028 112026 126018.
136021 117014 096010 072013 112011 132009
357004 231008 237010 228006 232005 319004
283008 217007 352008 112019 134016 129029
143029 140023 126027 130018 152020 128017.
151025 069011 092013 049011 121011 272007
355003 235004 356005 333004 335008 312008
223007 105013 117016 116018 150027 167027
173025 122019 356014 237007 238014 225009.
263010 234007 194005 286007 186010 252004
190010 189006 314008 246009 323006 177008
289005 120016 134011 157016 113015 169016
099022 143021 168022 159026 129033 140033.
100014 114007 002012 346010 353008 297008
331011 336010 259006 337007 334009 344012
340011 166014 119019 151024 132025 171029
169037 157048 150054 135037 143028 126029.
113030 034012 023010 016010 193008 302008
223009 337004 322008 PPC000 184006 315009
188011 141017 165024 158017 143023 159030
132032 153037 172037 155030 157026 079020.
120023 048011 350012 338010 335009 322008
250005 PPC002 002013 016006 281005 346007
241007 094013 143011 233014 228015 218019
190017 093029 150045 044019 238011 013011=
035150 1612 050145 1610
028175 1434 038122 2018
029261 1804 053207 1813
030281 2013 051278 2011
017270 2013 023272 2226
044123 1554 067085 1519
035187 1508 047150 1642
034167 1504 043108 1657
033130 1659 054088 1715
028127 2019 043283 1159
033191 1359 048164 1500
044105 1627 063096 1618
050201 1621 069193 1615
050269 1515 085116 1520
024255 0549 035224 0543
037173 1527 054150 1538
036129 1519 053119 1631
037157 1618 048099 1519
033175 1428 045179 1423
028155 1355 043167 1409
031173 1458 042159 1450
025154 1341 037164 1337
030271 0150 047255 0146
036123 1642 051150 1606
035129 1544 046193 1438
035125 1452 052105 1648
037174 1515 052198 1510
039139 1851 058099 2000
054150 1700 073170 1626
043143 1544 061162 1528
056164 1642 077162 1638=
DB
0239 0238 0237 0236 0236 0236 0236 0235 0235 0236 0242 0252
0285 0333 0365 0376 0398 0413 0383 0390 0352 0317 0300 0285 0421 1410 0234 0419.
0278 0272 0268 0263 0259 0256 0256 0253 0250 0250 0261 0273
0315 0340 0346 0373 0384 0386 0436 0350 0362 0323 0302 0288 0437 1448 0248 0523.
0282 0277 0273 0268 0267 0264 0261 0258 0256 0253 0257 0261
0267 0294 0291 0293 0302 0281 0309 0294 0266 0257 0244 0233 0311 1457 0233 1959.
0228 0226 0221 0219 0221 0221 0220 0219 0219 0219 0224 0233
0254 0269 0310 0318 0306 0280 0282 0268 0255 0247 0239 0234 0336 1135 0217 0532.
0232 0232 0230 0227 0227 0226 0225 0223 0221 0221 0227 0236
0248 0270 0273 0278 0305 0309 0281 0277 0271 0262 0254 0245 0323 1327 0220 0514.
0242 0239 0236 0235 0230 0230 0228 0219 0215 0210 0229 0279
0315 0338 0354 0363 0367 0389 0387 0387 0344 0298 0261 0245 0406 1437 0210 0545.
0233 0224 0217 0213 0207 0203 0199 0196 0192 0193 0215 0260
0313 0337 0365 0378 0399 0412 0416 0394 0360 0313 0277 0255 0428 1520 0190 0523.
0245 0237 0232 0225 0221 0215 0213 0210 0205 0206 0228 0272
0316 0360 0384 0374 0409 0392 0368 0325 0348 0312 0279 0257 0425 1451 0204 0518.
0246 0239 0234 0229 0227 0222 0216 0214 0211 0211 0235 0275
0318 0354 0384 0381 0388 0366 0418 0383 0341 0320 0284 0268 0441 1449 0208 0547.
0254 0248 0239 0242 0238 0230 0224 0221 0231 0230 0246 0260
0296 0292 0305 0301 0363 0352 0346 0361 0337 0317 0288 0269 0390 1312 0221 0333.
0254 0255 0245 0238 0238 0238 0235 0238 0238 0239 0263 0295
0382 0422 0423 0432 0471 0482 0502 0463 0422 0355 0316 0300 0521 1425 0230 0234.
0287 0275 0268 0262 0257 0252 0248 0246 0242 0244 0270 0342
0401 0433 0449 0459 0495 0508 0509 0403 0375 0368 0322 0303 0529 1455 0242 0445.
0295 0286 0284 0277 0271 0268 0265 0260 0258 0258 0288 0354
0354 0447 0455 0472 0497 0521 0470 0384 0377 0328 0311 0293 0531 1419 0256 0523.
0287 0284 0280 0277 0275 0272 0268 0265 0264 0262 0302 0315
0324 0416 0349 0325 0339 0328 0287 0250 0268 0269 0264 0260 0429 1006 0229 1522.
0257 0257 0255 0252 0252 0252 0248 0250 0243 0238 0239 0245
0254 0257 0259 0266 0255 0246 0249 0255 0255 0251 0249 0245 0267 1211 0236 0550.
0244 0243 0242 0240 0237 0236 0238 0238 0238 0238 0241 0258
0281 0290 0323 0343 0343 0368 0378 0354 0308 0299 0281 0262 0387 1435 0235 0110.
0257 0252 0250 0243 0240 0237 0234 0233 0231 0230 0241 0273
0333 0349 0314 0333 0351 0363 0324 0310 0314 0304 0276 0259 0381 1247 0229 0515.
0253 0253 0248 0248 0248 0241 0239 0242 0241 0236 0248 0268
0306 0326 0363 0396 0402 0402 0393 0371 0343 0309 0284 0270 0422 1406 0235 0537.
0263 0258 0251 0248 0243 0240 0236 0235 0232 0231 0252 0288
0319 0361 0385 0417 0411 0432 0423 0404 0366 0315 0293 0279 0439 1349 0229 0543.
0271 0263 0258 0256 0251 0246 0243 0241 0237 0237 0256 0307
0359 0385 0379 0423 0433 0435 0441 0389 0377 0330 0300 0283 0463 1430 0236 0504.
0277 0270 0264 0261 0259 0258 0251 0247 0244 0245 0273 0321
0364 0404 0397 0394 0449 0456 0462 0430 0359 0336 0307 0292 0478 1425 0244 0445.
0286 0282 0277 0276 0270 0265 0259 0259 0258 0258 0269 0300
0316 0337 0356 0331 0317 0293 0290 0270 0269 0267 0261 0259 0373 1052 0257 0504.
0256 0254 0251 0245 0243 0240 0240 0240 0234 0229 0235 0247
0252 0270 0287 0288 0285 0285 0289 0322 0317 0305 0278 0263 0344 1606 0227 0544.
0255 0250 0248 0245 0242 0245 0243 0240 0238 0238 0246 0310
0320 0366 0392 0449 0438 0445 0455 0411 0370 0339 0301 0288 0464 1434 0236 0543.
0282 0278 0273 0267 0264 0261 0259 0256 0253 0251 0264 0334
0381 0385 0413 0430 0440 0453 0454 0424 0390 0350 0312 0295 0464 1451 0251 0526.
0292 0286 0283 0281 0278 0271 0268 0265 0264 0263 0274 0291
0297 0354 0372 0399 0397 0420 0430 0396 0382 0348 0309 0295 0441 1504 0259 0538.
0284 0276 0272 0270 0267 0264 0260 0260 0259 0264 0271 0314
0338 0390 0385 0441 0439 0419 0328 0294 0299 0296 0285 0274 0470 1319 0257 0522.
0269 0266 0263 0260 0258 0257 0255 0251 0250 0255 0263 0293
0368 0382 0430 0454 0468 0490 0521 0477 0396 0364 0318 0300 0529 1458 0249 0407.
0290 0282 0275 0270 0264 0262 0257 0253 0250 0249 0281 0370
0429 0418 0453 0481 0486 0498 0514 0449 0381 0370 0323 0306 0525 1507 0249 0502.
0297 0286 0279 0273 0277 0265 0260 0254 0251 0248 0287 0373
0437 0422 0473 0491 0494 0509 0527 0416 0373 0346 0326 0313 0532 1445 0247 0602.
0305 0298 0290 0285 0281 0273 0269 0266 0264 0266 0283 0309
0409 0423 0464 0488 0479 0498 0516 0397 0254 0258 0268 0269 0523 1512 0252 1734=
0248 0246 0245 0244 0243 0242 0242 0241 0241 0241 0241 0244
0250 0264 0286 0306 0322 0335 0338 0335 0328 0321 0310 0300.
0293 0287 0282 0278 0274 0270 0268 0266 0263 0261 0261 0264
0270 0281 0293 0305 0317 0328 0330 0333 0324 0318 0311 0302.
0296 0291 0287 0283 0280 0277 0274 0272 0270 0267 0266 0266
0266 0269 0277 0277 0281 0280 0280 0282 0280 0273 0268 0262.
0256 0251 0248 0244 0242 0240 0239 0237 0236 0235 0235 0236
0241 0248 0258 0274 0280 0278 0274 0272 0269 0264 0258 0254.
0250 0247 0245 0243 0241 0240 0239 0237 0236 0234 0234 0236
0240 0246 0253 0258 0263 0274 0276 0271 0269 0266 0263 0259.
0255 0252 0249 0247 0245 0243 0241 0239 0235 0231 0230 0237
0252 0269 0287 0302 0312 0317 0320 0322 0315 0303 0290 0278.
0268 0260 0253 0247 0242 0237 0233 0229 0225 0222 0222 0229
0242 0259 0278 0294 0309 0319 0325 0325 0318 0309 0297 0285.
0276 0268 0262 0257 0252 0247 0243 0239 0236 0233 0233 0240
0252 0267 0285 0299 0306 0314 0319 0314 0310 0303 0293 0284.
0276 0269 0263 0258 0254 0251 0246 0243 0240 0237 0237 0244
0255 0269 0286 0302 0314 0320 0324 0320 0319 0310 0300 0290.
0281 0275 0269 0264 0262 0258 0254 0250 0249 0248 0248 0250
0256 0264 0268 0273 0283 0297 0296 0300 0303 0298 0293 0284.
0277 0271 0268 0263 0260 0257 0254 0253 0252 0251 0252 0257
0272 0294 0313 0331 0348 0362 0369 0368 0360 0345 0331 0319.
0310 0302 0296 0290 0285 0280 0276 0272 0269 0266 0266 0274
0290 0308 0328 0347 0364 0377 0384 0383 0371 0357 0343 0330.
0319 0312 0306 0301 0296 0292 0289 0285 0282 0279 0279 0287
0299 0315 0337 0357 0374 0386 0392 0379 0362 0351 0336 0325.
0317 0310 0305 0301 0297 0294 0291 0288 0286 0283 0284 0290
0294 0302 0316 0317 0309 0312 0307 0270 0273 0277 0276 0275.
0272 0270 0269 0267 0265 0264 0264 0262 0258 0254 0251 0251
0254 0255 0259 0261 0262 0260 0257 0257 0259 0259 0258 0256.
0254 0253 0252 0251 0249 0248 0248 0247 0247 0247 0247 0250
0256 0266 0275 0293 0304 0314 0320 0321 0314 0305 0297 0288.
0280 0274 0270 0265 0261 0258 0255 0252 0250 0248 0248 0254
0265 0280 0286 0295 0305 0312 0310 0304 0301 0297 0292 0283.
0276 0272 0268 0265 0263 0261 0258 0257 0256 0254 0253 0256
0266 0278 0292 0306 0321 0331 0331 0328 0322 0314 0305 0296.
0288 0283 0277 0273 0269 0265 0261 0258 0255 0253 0253 0259
0268 0282 0300 0317 0328 0337 0342 0341 0333 0322 0311 0302.
0296 0289 0284 0280 0276 0272 0268 0265 0262 0260 0259 0265
0278 0293 0310 0323 0336 0348 0347 0342 0339 0330 0319 0309.
0302 0296 0291 0286 0282 0279 0276 0273 0269 0267 0266 0273
0285 0300 0314 0321 0338 0353 0356 0358 0351 0339 0326 0317.
0309 0304 0299 0295 0292 0288 0284 0281 0279 0277 0277 0282
0290 0295 0302 0304 0304 0301 0298 0294 0289 0286 0282 0279.
0276 0274 0271 0269 0267 0264 0261 0260 0258 0251 0250 0251
0255 0260 0267 0274 0276 0280 0282 0289 0294 0294 0289 0282.
0276 0271 0267 0264 0262 0260 0258 0257 0255 0253 0253 0257
0270 0286 0303 0322 0336 0346 0350 0350 0342 0332 0321 0311.
0303 0298 0293 0289 0285 0282 0278 0276 0272 0270 0269 0274
0287 0303 0318 0333 0346 0357 0360 0358 0352 0342 0332 0321.
0312 0307 0303 0299 0295 0293 0289 0286 0282 0280 0280 0285
0288 0294 0312 0324 0330 0334 0340 0344 0337 0332 0323 0314.
0307 0301 0296 0292 0288 0286 0283 0280 0278 0277 0277 0281
0290 0304 0318 0330 0344 0355 0343 0326 0320 0314 0308 0301.
0295 0291 0287 0284 0280 0278 0276 0274 0271 0270 0271 0274
0283 0301 0320 0337 0352 0366 0374 0375 0365 0352 0338 0325.
0315 0309 0303 0298 0294 0290 0286 0283 0279 0277 0276 0284
0300 0318 0334 0351 0367 0380 0386 0382 0370 0357 0343 0331.
0322 0315 0310 0304 0301 0297 0293 0289 0285 0281 0280 0288
0304 0321 0340 0356 0373 0386 0392 0383 0375 0360 0348 0337.
0328 0322 0317 0312 0308 0304 0300 0296 0293 0290 0290 0293
0300 0321 0340 0358 0373 0375 0385 0380 0353 0302 0299 0298=
0250 0249 0248 0247 0246 0245 0245 0244 0244 0243 0243 0243
0245 0250 0259 0272 0284 0296 0305 0308 0309 0307 0303 0298.
0293 0289 0284 0281 0278 0275 0272 0270 0268 0266 0264 0264
0265 0269 0276 0282 0290 0299 0304 0310 0310 0308 0305 0301.
0297 0293 0289 0286 0283 0281 0278 0276 0274 0272 0270 0269
0268 0268 0271 0273 0274 0276 0276 0277 0277 0275 0272 0269.
0265 0261 0258 0255 0252 0250 0248 0246 0245 0244 0242 0242
0243 0245 0249 0257 0264 0268 0268 0268 0267 0265 0262 0259.
0256 0253 0251 0249 0248 0246 0245 0244 0242 0241 0240 0240
0240 0243 0246 0250 0254 0259 0264 0265 0264 0264 0262 0260.
0258 0256 0253 0251 0250 0248 0247 0245 0243 0240 0238 0238
0242 0250 0261 0272 0282 0289 0295 0298 0300 0297 0291 0284.
0277 0271 0265 0260 0255 0251 0247 0243 0240 0236 0234 0234
0237 0245 0255 0266 0277 0287 0295 0300 0301 0299 0295 0289.
0282 0277 0272 0267 0263 0259 0255 0251 0248 0245 0243 0243
0247 0253 0262 0273 0281 0288 0294 0297 0296 0295 0292 0287.
0281 0276 0271 0267 0264 0260 0257 0254 0251 0248 0246 0246
0250 0256 0264 0275 0285 0292 0298 0301 0302 0301 0297 0292.
0286 0281 0277 0272 0269 0266 0263 0260 0257 0256 0254 0254
0255 0259 0262 0265 0269 0276 0281 0284 0287 0288 0287 0284.
0280 0276 0273 0269 0266 0264 0261 0259 0258 0257 0256 0256
0260 0269 0281 0295 0307 0319 0329 0334 0335 0332 0326 0319.
0312 0306 0301 0296 0292 0287 0284 0280 0277 0274 0272 0272
0277 0285 0296 0309 0322 0334 0343 0349 0348 0344 0338 0330.
0323 0317 0311 0307 0303 0299 0296 0292 0289 0286 0284 0284
0289 0295 0306 0319 0332 0344 0352 0355 0349 0344 0336 0329.
0322 0316 0312 0307 0304 0300 0297 0295 0292 0290 0288 0289
0291 0293 0301 0304 0304 0304 0304 0287 0282 0281 0281 0280.
0279 0277 0275 0274 0272 0271 0270 0268 0266 0262 0258 0257
0257 0258 0259 0261 0262 0262 0260 0259 0260 0260 0260 0259.
0258 0258 0257 0256 0255 0253 0253 0252 0252 0251 0251 0251
0253 0257 0262 0270 0280 0288 0295 0300 0301 0299 0295 0291.
0286 0281 0277 0273 0270 0267 0264 0262 0259 0257 0255 0256
0258 0265 0272 0277 0283 0290 0295 0295 0294 0293 0290 0287.
0282 0278 0275 0272 0270 0268 0266 0264 0262 0261 0259 0259
0261 0266 0274 0282 0292 0301 0308 0310 0310 0308 0304 0299.
0294 0289 0285 0281 0277 0274 0271 0268 0265 0263 0261 0261
0264 0269 0278 0289 0299 0307 0314 0318 0319 0316 0311 0305.
0300 0296 0291 0287 0284 0280 0277 0275 0272 0269 0267 0267
0270 0277 0286 0296 0306 0316 0322 0324 0323 0322 0317 0312.
0306 0302 0297 0293 0290 0287 0284 0281 0278 0276 0274 0274
0277 0284 0293 0301 0308 0319 0327 0332 0334 0330 0325 0319.
0313 0308 0304 0301 0298 0294 0291 0289 0286 0284 0282 0282
0285 0288 0291 0295 0297 0297 0296 0295 0292 0289 0287 0284.
0282 0280 0278 0276 0274 0272 0270 0268 0266 0262 0259 0258
0259 0260 0263 0267 0271 0273 0276 0278 0282 0285 0285 0283.
0280 0277 0274 0271 0269 0267 0265 0263 0262 0260 0259 0259
0262 0269 0279 0290 0302 0312 0319 0324 0325 0323 0318 0312.
0307 0302 0298 0295 0291 0288 0285 0283 0280 0278 0275 0275
0278 0285 0294 0304 0314 0324 0331 0334 0335 0332 0328 0322.
0316 0312 0307 0304 0301 0298 0295 0293 0290 0287 0285 0285
0287 0288 0294 0302 0310 0314 0319 0323 0325 0323 0321 0316.
0311 0307 0302 0299 0296 0293 0290 0288 0286 0284 0282 0282
0285 0290 0298 0307 0315 0325 0329 0324 0318 0315 0311 0307.
0302 0298 0295 0291 0289 0286 0284 0282 0280 0278 0277 0277
0279 0285 0295 0307 0318 0329 0338 0344 0346 0342 0336 0329.
0322 0316 0311 0307 0303 0299 0296 0292 0289 0286 0284 0284
0288 0297 0307 0319 0331 0341 0350 0354 0354 0349 0342 0335.
0329 0322 0318 0313 0309 0305 0302 0299 0295 0292 0289 0289
0293 0302 0312 0324 0336 0347 0355 0359 0357 0352 0346 0339.
0333 0328 0323 0319 0315 0311 0308 0305 0302 0299 0297 0296
0298 0304 0315 0327 0339 0346 0352 0357 0353 0328 0316 0311=
0252 0252 0251 0250 0249 0249 0248 0248 0247 0247 0246 0246
0246 0247 0251 0257 0265 0273 0281 0287 0290 0292 0292 0291.
0289 0286 0284 0281 0279 0277 0275 0273 0271 0269 0267 0266
0266 0267 0269 0273 0277 0283 0288 0292 0296 0297 0297 0296.
0294 0291 0289 0287 0285 0283 0281 0279 0277 0275 0274 0272
0271 0271 0271 0272 0273 0273 0274 0274 0275 0275 0274 0272.
0269 0267 0264 0262 0260 0258 0256 0254 0253 0251 0250 0249
0248 0249 0250 0253 0257 0261 0263 0264 0264 0264 0263 0262.
0260 0258 0256 0255 0253 0252 0251 0250 0248 0247 0246 0245
0245 0245 0247 0249 0251 0253 0257 0259 0260 0261 0261 0260.
0259 0258 0256 0255 0254 0252 0251 0250 0249 0247 0245 0244
0244 0246 0251 0258 0265 0271 0277 0281 0285 0286 0285 0282.
0279 0275 0271 0267 0264 0260 0257 0253 0251 0248 0245 0243
0243 0245 0249 0255 0262 0269 0276 0282 0285 0287 0287 0285.
0282 0279 0276 0272 0269 0266 0263 0260 0257 0255 0252 0250
0251 0252 0256 0262 0267 0273 0278 0282 0285 0286 0285 0284.
0281 0279 0275 0272 0269 0267 0264 0261 0259 0257 0254 0253
0253 0255 0258 0264 0270 0276 0281 0286 0289 0290 0290 0289.
0286 0283 0280 0277 0274 0271 0269 0267 0264 0262 0260 0259
0259 0260 0261 0263 0265 0268 0272 0275 0278 0280 0281 0280.
0279 0277 0275 0273 0271 0268 0266 0264 0263 0262 0260 0260
0260 0263 0269 0276 0285 0293 0302 0308 0313 0315 0314 0312.
0308 0305 0301 0298 0294 0291 0288 0285 0283 0280 0278 0276
0276 0279 0284 0291 0299 0308 0316 0322 0327 0328 0327 0324.
0320 0316 0312 0308 0305 0302 0299 0296 0294 0291 0289 0287
0288 0290 0294 0301 0309 0318 0326 0332 0333 0332 0330 0326.
0322 0317 0314 0310 0307 0304 0302 0299 0297 0294 0293 0291
0292 0292 0294 0298 0299 0300 0300 0295 0290 0287 0286 0285.
0284 0282 0281 0279 0278 0277 0276 0274 0272 0269 0266 0265
0264 0263 0263 0264 0265 0265 0264 0263 0263 0263 0263 0263.
0262 0262 0261 0261 0260 0259 0258 0258 0257 0256 0256 0256
0256 0257 0260 0263 0268 0274 0280 0285 0289 0290 0290 0288.
0286 0283 0281 0278 0276 0273 0271 0269 0266 0265 0263 0262
0262 0263 0267 0271 0274 0279 0283 0286 0287 0287 0287 0286.
0284 0282 0279 0277 0275 0273 0271 0270 0268 0267 0265 0264
0264 0265 0269 0273 0279 0285 0291 0295 0298 0299 0298 0296.
0294 0291 0288 0285 0283 0280 0278 0275 0273 0271 0269 0267
0267 0268 0272 0277 0284 0290 0296 0301 0304 0306 0305 0303.
0300 0297 0294 0291 0288 0286 0283 0281 0279 0276 0274 0273
0273 0275 0278 0284 0290 0297 0303 0308 0310 0311 0310 0309.
0306 0303 0300 0297 0294 0292 0289 0287 0285 0282 0280 0279
0279 0281 0285 0290 0294 0300 0307 0313 0316 0318 0317 0315.
0312 0309 0306 0303 0301 0298 0296 0294 0292 0289 0287 0286
0286 0287 0289 0291 0293 0294 0294 0294 0293 0291 0290 0288.
0286 0285 0283 0281 0280 0278 0276 0275 0273 0271 0268 0266
0265 0265 0266 0268 0270 0272 0273 0275 0277 0280 0281 0282.
0281 0279 0277 0276 0274 0272 0271 0269 0268 0267 0265 0264
0264 0266 0271 0277 0284 0292 0299 0304 0308 0310 0309 0308.
0305 0302 0299 0297 0294 0292 0290 0287 0285 0283 0281 0280
0279 0281 0285 0291 0297 0304 0310 0315 0319 0320 0320 0318.
0315 0312 0309 0306 0303 0301 0299 0297 0295 0293 0291 0289
0289 0289 0290 0294 0299 0303 0306 0310 0313 0314 0314 0313.
0311 0308 0305 0303 0300 0298 0295 0293 0291 0289 0288 0287
0287 0288 0291 0296 0301 0307 0313 0315 0314 0312 0310 0307.
0305 0302 0299 0297 0294 0292 0290 0288 0286 0284 0283 0282
0282 0283 0287 0293 0301 0309 0316 0322 0327 0328 0328 0325.
0321 0317 0314 0310 0307 0304 0301 0299 0296 0294 0291 0290
0290 0292 0297 0303 0311 0319 0326 0332 0336 0336 0335 0332.
0328 0324 0320 0317 0313 0310 0308 0305 0302 0299 0297 0295
0295 0297 0302 0308 0316 0324 0331 0337 0340 0340 0339 0336.
0332 0328 0325 0322 0319 0316 0313 0310 0308 0305 0303 0301
0301 0302 0306 0312 0319 0327 0332 0337 0340 0335 0326 0319=
0250 0250 0249 0249 0249 0248 0247 0247 0246 0246 0246 0245
0245 0245 0246 0249 0252 0257 0263 0268 0272 0275 0277 0278.
0278 0278 0276 0275 0274 0272 0271 0270 0268 0267 0266 0265
0264 0263 0264 0265 0267 0270 0274 0277 0280 0283 0284 0285.
0284 0284 0283 0281 0280 0279 0277 0276 0275 0273 0272 0271
0270 0269 0268 0268 0268 0269 0269 0270 0270 0270 0270 0269.
0268 0267 0265 0263 0262 0260 0258 0257 0255 0254 0253 0251
0250 0250 0250 0250 0252 0255 0257 0258 0259 0259 0259 0259.
0258 0257 0256 0255 0254 0253 0252 0251 0250 0249 0248 0247
0246 0246 0246 0246 0247 0249 0250 0253 0254 0255 0256 0256.
0256 0255 0254 0254 0253 0252 0251 0250 0249 0248 0247 0246
0245 0245 0246 0249 0253 0257 0262 0266 0269 0272 0273 0273.
0272 0271 0269 0266 0264 0261 0259 0257 0254 0252 0250 0248
0246 0246 0247 0249 0252 0257 0261 0266 0270 0273 0275 0275.
0275 0274 0272 0270 0268 0266 0263 0261 0259 0257 0255 0253
0252 0252 0253 0255 0258 0262 0265 0269 0272 0274 0275 0275.
0275 0274 0272 0270 0268 0266 0264 0263 0261 0259 0257 0255
0254 0254 0255 0257 0260 0264 0268 0271 0275 0277 0278 0279.
0278 0277 0276 0274 0272 0270 0269 0267 0265 0263 0262 0260
0259 0259 0259 0259 0260 0262 0264 0266 0268 0270 0272 0272.
0273 0272 0271 0270 0269 0267 0266 0264 0263 0262 0260 0260
0259 0259 0261 0265 0270 0275 0281 0287 0291 0295 0297 0298.
0297 0296 0294 0292 0290 0288 0286 0284 0281 0279 0277 0276
0275 0275 0276 0279 0284 0289 0295 0300 0305 0308 0310 0310.
0309 0307 0305 0303 0301 0298 0296 0294 0292 0290 0288 0286
0285 0285 0286 0289 0294 0299 0304 0310 0314 0316 0316 0315.
0313 0311 0309 0306 0304 0301 0299 0297 0296 0294 0292 0290
0289 0289 0289 0291 0292 0293 0294 0292 0290 0287 0286 0285.
0283 0282 0281 0280 0279 0278 0277 0275 0274 0271 0269 0267
0266 0265 0265 0265 0265 0264 0264 0263 0263 0263 0263 0263.
0263 0262 0262 0261 0261 0260 0260 0259 0258 0258 0257 0257
0256 0257 0257 0259 0261 0264 0268 0272 0275 0278 0280 0280.
0280 0279 0278 0276 0275 0273 0271 0270 0268 0267 0265 0264
0263 0262 0263 0265 0267 0270 0273 0275 0277 0279 0279 0279.
0279 0278 0277 0275 0274 0273 0271 0270 0269 0268 0266 0265
0264 0264 0265 0267 0269 0273 0277 0281 0284 0286 0287 0288.
0287 0286 0284 0283 0281 0279 0278 0276 0274 0272 0271 0269
0268 0268 0268 0270 0274 0277 0281 0285 0289 0292 0293 0293.
0293 0291 0290 0288 0286 0285 0283 0281 0279 0277 0276 0274
0273 0273 0274 0276 0279 0283 0287 0292 0295 0297 0298 0299.
0298 0297 0295 0294 0292 0290 0288 0286 0285 0283 0281 0280
0279 0278 0279 0282 0284 0288 0292 0296 0300 0303 0304 0304.
0304 0302 0301 0299 0297 0296 0294 0292 0291 0289 0287 0286
0285 0285 0285 0286 0287 0288 0288 0289 0288 0288 0287 0286.
0285 0284 0283 0281 0280 0279 0277 0276 0275 0274 0272 0270
0268 0267 0267 0267 0268 0269 0270 0271 0272 0274 0275 0276.
0277 0276 0275 0275 0273 0272 0271 0270 0269 0268 0267 0266
0265 0265 0266 0269 0272 0277 0282 0287 0291 0294 0296 0296.
0296 0295 0294 0292 0291 0289 0288 0286 0284 0283 0281 0280
0279 0279 0280 0282 0285 0289 0294 0298 0301 0304 0306 0306.
0306 0305 0303 0302 0300 0298 0296 0295 0293 0292 0290 0289
0288 0287 0287 0288 0290 0293 0295 0298 0300 0302 0303 0304.
0303 0303 0301 0299 0298 0296 0294 0293 0291 0290 0288 0287
0286 0286 0286 0288 0291 0294 0298 0302 0303 0303 0302 0302.
0300 0299 0297 0295 0294 0292 0290 0289 0287 0286 0284 0283
0282 0282 0283 0285 0289 0293 0298 0303 0308 0311 0313 0313.
0312 0311 0309 0307 0305 0303 0301 0299 0296 0294 0293 0291
0290 0290 0291 0293 0297 0302 0307 0312 0316 0319 0320 0320.
0319 0317 0316 0313 0311 0308 0306 0305 0303 0300 0298 0296
0295 0294 0296 0299 0302 0307 0312 0317 0321 0324 0325 0325.
0323 0322 0320 0318 0316 0313 0311 0309 0307 0305 0303 0302
0300 0300 0300 0303 0306 0311 0315 0319 0324 0325 0322 0318=
0242 0242 0242 0242 0242 0242 0242 0241 0241 0241 0241 0241
0241 0241 0241 0241 0241 0241 0241 0241 0242 0242 0242 0243.
0244 0244 0245 0245 0245 0246 0246 0246 0246 0246 0246 0246
0246 0246 0247 0247 0247 0247 0247 0247 0247 0248 0248 0248.
0249 0249 0250 0250 0250 0250 0250 0250 0251 0251 0251 0251
0251 0251 0251 0251 0250 0250 0250 0250 0250 0250 0250 0250.
0250 0250 0250 0250 0250 0250 0249 0249 0249 0249 0248 0248
0248 0248 0247 0247 0247 0247 0246 0246 0246 0246 0246 0246.
0246 0246 0246 0246 0246 0245 0245 0245 0245 0245 0245 0244
0244 0244 0244 0243 0243 0243 0243 0243 0243 0243 0243 0243.
0243 0243 0243 0243 0243 0243 0243 0243 0243 0243 0243 0242
0242 0242 0242 0242 0242 0242 0242 0242 0243 0243 0243 0243.
0244 0244 0244 0244 0244 0244 0244 0244 0243 0243 0243 0243
0242 0242 0242 0241 0241 0241 0241 0241 0241 0242 0242 0242.
0242 0243 0243 0243 0243 0243 0243 0243 0243 0243 0243 0243
0242 0242 0242 0242 0242 0242 0242 0242 0242 0242 0243 0243.
0243 0244 0244 0244 0244 0244 0244 0244 0244 0244 0244 0244
0243 0243 0243 0243 0243 0243 0243 0243 0243 0244 0244 0244.
0245 0245 0245 0245 0245 0245 0246 0246 0246 0245 0245 0245
0245 0245 0245 0245 0245 0244 0244 0244 0245 0245 0245 0245.
0245 0245 0245 0246 0246 0246 0246 0246 0246 0246 0246 0246
0246 0246 0245 0245 0246 0246 0246 0246 0247 0247 0248 0248.
0249 0250 0250 0250 0251 0251 0251 0251 0251 0251 0251 0251
0251 0251 0251 0251 0251 0252 0252 0252 0253 0253 0254 0254.
0255 0255 0256 0256 0257 0257 0257 0257 0257 0257 0257 0257
0257 0257 0257 0257 0257 0257 0258 0258 0258 0259 0259 0260.
0260 0261 0261 0262 0262 0262 0262 0262 0262 0262 0262 0262
0262 0262 0261 0261 0261 0261 0261 0262 0262 0262 0261 0261.
0261 0261 0261 0260 0260 0260 0260 0259 0259 0259 0259 0258
0258 0258 0258 0257 0257 0257 0256 0256 0256 0256 0256 0256.
0255 0255 0255 0255 0255 0254 0254 0254 0254 0254 0254 0253
0253 0253 0253 0253 0253 0253 0253 0253 0253 0253 0253 0253.
0254 0254 0254 0254 0254 0254 0254 0254 0254 0254 0254 0254
0254 0253 0253 0253 0253 0253 0253 0253 0253 0253 0253 0254.
0254 0254 0254 0254 0254 0254 0254 0254 0254 0254 0254 0254
0254 0254 0253 0253 0253 0253 0253 0254 0254 0254 0254 0255.
0255 0255 0256 0256 0256 0256 0256 0256 0256 0256 0256 0256
0256 0256 0255 0255 0255 0255 0255 0256 0256 0256 0256 0257.
0257 0258 0258 0258 0258 0258 0258 0258 0258 0258 0258 0258
0258 0258 0258 0257 0258 0258 0258 0258 0258 0259 0259 0259.
0259 0260 0260 0260 0260 0261 0261 0261 0261 0261 0261 0260
0260 0260 0260 0260 0260 0260 0260 0260 0261 0261 0261 0262.
0262 0262 0263 0263 0263 0263 0263 0263 0263 0263 0263 0263
0263 0263 0263 0263 0263 0263 0263 0263 0263 0263 0263 0263.
0263 0263 0263 0263 0263 0262 0262 0262 0262 0262 0261 0261
0261 0260 0260 0260 0259 0259 0259 0259 0259 0259 0259 0259.
0258 0259 0258 0259 0258 0258 0258 0258 0258 0258 0258 0258
0258 0257 0257 0257 0257 0257 0257 0258 0258 0258 0259 0259.
0260 0260 0260 0261 0261 0261 0261 0261 0261 0261 0261 0261
0261 0261 0261 0261 0261 0261 0261 0262 0262 0262 0263 0263.
0264 0264 0264 0265 0265 0265 0265 0265 0266 0266 0266 0265
0265 0265 0265 0265 0265 0265 0265 0265 0266 0266 0266 0266.
0266 0267 0267 0267 0267 0267 0267 0267 0267 0267 0267 0267
0267 0267 0266 0266 0266 0266 0266 0266 0267 0267 0267 0267.
0268 0268 0268 0268 0268 0268 0268 0268 0268 0268 0267 0267
0267 0267 0267 0267 0266 0267 0267 0267 0267 0267 0268 0268.
0268 0269 0269 0269 0269 0269 0269 0269 0269 0269 0269 0269
0269 0268 0268 0268 0268 0268 0268 0269 0269 0269 0270 0270.
0270 0270 0271 0271 0271 0271 0271 0271 0271 0271 0271 0271
0270 0270 0270 0270 0270 0270 0270 0270 0271 0271 0271 0272.
0272 0272 0272 0273 0273 0273 0273 0273 0273 0273 0273 0273
0272 0272 0272 0272 0272 0272 0272 0272 0273 0275 0275 0274=
KB
0233 0233 0234 0234 0234 0234 0234 0234 0234 0234 0234 0234
0234 0234 0234 0234 0233 0233 0233 0234 0233 0233 0233 0233.
0233 0233 0233 0233 0233 0233 0233 0234 0234 0234 0234 0234
0234 0234 0234 0234 0234 0234 0234 0234 0234 0234 0234 0235.
0235 0235 0235 0235 0235 0235 0235 0235 0235 0235 0235 0235
0236 0236 0236 0236 0236 0236 0236 0236 0236 0236 0236 0236.
0236 0236 0237 0237 0237 0237 0237 0237 0237 0237 0237 0237
0237 0237 0237 0237 0237 0237 0237 0237 0237 0237 0237 0237.
0237 0237 0237 0237 0237 0237 0237 0237 0237 0237 0237 0237
0237 0237 0236 0236 0236 0237 0236 0236 0236 0236 0236 0236.
0236 0236 0236 0236 0236 0236 0236 0236 0236 0236 0236 0236
0236 0236 0236 0236 0236 0236 0236 0235 0235 0235 0235 0235.
0235 0235 0235 0235 0235 0235 0235 0235 0235 0235 0235 0235
0235 0235 0235 0235 0235 0235 0235 0235 0235 0235 0235 0235.
0235 0235 0235 0235 0235 0235 0235 0235 0235 0235 0235 0235
0235 0235 0235 0235 0235 0235 0235 0235 0235 0235 0235 0235.
0235 0235 0235 0235 0235 0235 0235 0235 0235 0235 0235 0235
0235 0235 0235 0235 0235 0235 0235 0235 0235 0235 0235 0235.
0235 0235 0235 0235 0235 0235 0235 0235 0235 0235 0235 0235
0235 0235 0235 0236 0236 0235 0235 0236 0236 0236 0235 0236.
0236 0236 0236 0236 0236 0236 0236 0236 0236 0236 0236 0236
0236 0236 0236 0236 0236 0236 0236 0236 0236 0236 0236 0236.
0236 0236 0236 0236 0236 0236 0236 0237 0237 0237 0237 0237
0237 0237 0237 0237 0237 0238 0238 0238 0238 0238 0238 0238.
0238 0238 0238 0238 0238 0238 0239 0239 0239 0239 0239 0239
0239 0239 0240 0240 0240 0240 0240 0240 0240 0240 0240 0241.
0241 0241 0241 0241 0241 0241 0241 0241 0242 0242 0242 0242
0242 0242 0242 0243 0243 0243 0243 0244 0243 0243 0243 0243.
0244 0244 0244 0244 0244 0244 0244 0244 0244 0245 0245 0245
0245 0245 0245 0245 0245 0246 0247 0247 0247 0247 0247 0247.
0247 0247 0247 0247 0246 0246 0246 0246 0246 0246 0246 0246
0246 0246 0246 0246 0246 0246 0246 0246 0246 0246 0246 0246.
0245 0245 0245 0245 0245 0245 0245 0245 0245 0245 0245 0245
0245 0245 0245 0245 0245 0245 0245 0245 0245 0245 0245 0245.
0245 0245 0245 0245 0245 0245 0245 0245 0245 0245 0245 0245
0245 0245 0245 0245 0245 0245 0245 0245 0245 0245 0245 0245.
0245 0245 0245 0245 0245 0245 0245 0245 0245 0245 0245 0245
0245 0245 0245 0245 0246 0246 0246 0246 0246 0246 0246 0245.
0246 0246 0246 0246 0246 0246 0246 0246 0246 0246 0246 0246
0246 0246 0246 0246 0246 0246 0246 0246 0246 0246 0246 0246.
0246 0247 0247 0247 0247 0247 0247 0247 0247 0247 0247 0247
0247 0247 0247 0247 0247 0248 0248 0248 0248 0248 0248 0248.
0248 0248 0248 0248 0248 0248 0248 0248 0248 0248 0248 0248
0248 0249 0249 0249 0249 0249 0249 0249 0249 0249 0249 0249.
0249 0249 0249 0249 0249 0249 0249 0250 0249 0250 0250 0250
0250 0250 0250 0250 0250 0250 0250 0250 0250 0250 0250 0250.
0250 0250 0250 0250 0250 0250 0250 0250 0249 0249 0249 0249
0249 0250 0249 0249 0249 0249 0249 0249 0249 0249 0249 0249.
0249 0249 0249 0249 0249 0249 0249 0249 0249 0249 0249 0249
0249 0250 0249 0249 0250 0250 0250 0250 0250 0250 0250 0250.
0250 0250 0250 0250 0250 0250 0250 0250 0250 0250 0251 0250
0251 0251 0251 0251 0251 0251 0251 0251 0251 0251 0251 0251.
0251 0252 0252 0252 0252 0252 0252 0252 0252 0252 0252 0252
0252 0253 0252 0253 0253 0253 0253 0253 0253 0253 0253 0253.
0253 0253 0253 0253 0253 0253 0253 0253 0253 0253 0254 0254
0254 0254 0254 0254 0254 0254 0254 0254 0254 0254 0254 0254.
0254 0254 0254 0254 0254 0254 0254 0254 0254 0254 0254 0255
0255 0255 0255 0255 0255 0255 0255 0255 0255 0255 0255 0255.
0255 0255 0255 0255 0255 0255 0255 0255 0255 0255 0255 0255
0256 0256 0256 0256 0256 0256 0256 0256 0256 0256 0256 0256.
0256 0256 0256 0256 0256 0256 0256 0256 0256 0256 0257 0257
0257 0257 0257 0257 0257 0257 0257 0257 0257 0257 0257 0257=
0211 0211 0211 0212 0212 0212 0212 0212 0212 0212 0212 0212
0212 0212 0212 0212 0212 0212 0212 0212 0212 0212 0212 0212.
0212 0212 0212 0212 0212 0212 0212 0212 0212 0212 0212 0212
0212 0212 0212 0212 0212 0213 0212 0212 0212 0212 0213 0213.
0213 0213 0213 0213 0213 0213 0213 0213 0213 0213 0213 0213
0213 0213 0213 0213 0213 0213 0213 0213 0213 0213 0213 0213.
0213 0213 0213 0213 0213 0213 0213 0213 0213 0213 0213 0213
0213 0213 0213 0213 0213 0213 0213 0213 0213 0213 0214 0214.
0214 0214 0214 0214 0214 0214 0214 0214 0214 0214 0214 0214
0214 0214 0214 0214 0214 0214 0214 0214 0214 0214 0214 0214.
0214 0214 0214 0214 0214 0214 0214 0214 0214 0214 0214 0214
0214 0214 0215 0214 0214 0215 0215 0215 0215 0215 0215 0215.
0215 0215 0215 0215 0215 0215 0215 0215 0215 0215 0215 0215
0215 0215 0215 0215 0215 0215 0215 0215 0215 0215 0215 0215.
0215 0215 0215 0215 0215 0215 0215 0215 0215 0215 0215 0215
0215 0215 0215 0215 0215 0215 0215 0215 0215 0215 0215 0215.
0215 0215 0215 0215 0215 0215 0216 0215 0215 0215 0216 0216
0216 0216 0216 0216 0216 0216 0216 0216 0216 0216 0216 0216.
0216 0216 0216 0216 0216 0216 0216 0216 0216 0216 0216 0216
0216 0216 0216 0216 0216 0216 0216 0216 0216 0216 0216 0216.
0216 0216 0216 0216 0216 0216 0216 0216 0216 0216 0216 0216
0216 0216 0216 0216 0216 0216 0216 0216 0216 0216 0216 0216.
0216 0216 0216 0216 0216 0216 0216 0216 0216 0217 0216 0217
0217 0217 0217 0217 0217 0217 0217 0217 0217 0217 0217 0217.
0217 0217 0217 0217 0217 0217 0217 0217 0217 0217 0217 0217
0217 0217 0217 0217 0217 0217 0217 0217 0217 0217 0217 0217.
0217 0217 0217 0217 0217 0217 0217 0217 0217 0217 0217 0217
0217 0217 0217 0217 0217 0217 0217 0217 0217 0218 0218 0217.
0217 0218 0218 0218 0218 0218 0218 0218 0218 0218 0218 0218
0218 0218 0218 0218 0218 0219 0220 0219 0219 0219 0220 0220.
0220 0220 0220 0220 0220 0220 0220 0220 0220 0220 0220 0220
0220 0220 0220 0221 0221 0221 0221 0221 0221 0221 0221 0221.
0221 0221 0221 0221 0221 0221 0221 0221 0221 0221 0221 0221
0221 0221 0221 0221 0222 0222 0222 0222 0222 0222 0222 0222.
0222 0222 0222 0222 0222 0222 0222 0222 0222 0222 0222 0222
0222 0222 0222 0222 0222 0222 0222 0222 0222 0222 0222 0222.
0222 0222 0223 0222 0222 0223 0222 0223 0223 0223 0223 0223
0223 0223 0223 0223 0223 0223 0223 0223 0223 0223 0223 0223.
0223 0223 0223 0223 0223 0223 0223 0223 0223 0223 0223 0223
0223 0223 0223 0223 0223 0223 0223 0223 0223 0224 0223 0223.
0223 0224 0224 0224 0224 0224 0224 0224 0224 0224 0224 0224
0224 0224 0224 0224 0224 0224 0224 0224 0224 0224 0224 0224.
0224 0224 0224 0224 0224 0224 0224 0224 0224 0224 0224 0224
0224 0224 0224 0224 0224 0224 0225 0224 0225 0224 0225 0224.
0224 0225 0225 0225 0225 0225 0225 0225 0225 0225 0225 0225
0225 0225 0225 0225 0225 0225 0225 0225 0225 0225 0225 0225.
0225 0225 0225 0225 0225 0225 0225 0225 0225 0225 0225 0225
0226 0226 0226 0226 0226 0226 0226 0226 0226 0226 0226 0226.
0226 0226 0226 0226 0226 0226 0226 0226 0226 0226 0226 0226
0226 0226 0226 0226 0226 0226 0226 0226 0226 0226 0226 0226.
0226 0226 0226 0227 0226 0227 0226 0227 0227 0227 0227 0227
0227 0227 0227 0227 0227 0227 0227 0227 0227 0227 0227 0227.
0227 0227 0227 0227 0227 0227 0227 0227 0227 0227 0227 0227
0227 0227 0227 0227 0227 0227 0227 0227 0227 0227 0227 0227.
0227 0227 0228 0228 0227 0227 0228 0227 0228 0228 0228 0228
0228 0228 0228 0228 0228 0228 0228 0228 0228 0228 0228 0228.
0228 0228 0228 0228 0228 0228 0228 0228 0228 0228 0228 0228
0228 0228 0228 0228 0229 0229 0228 0229 0229 0229 0229 0229.
0229 0229 0229 0229 0229 0229 0229 0229 0229 0229 0229 0229
0229 0229 0229 0229 0229 0229 0229 0229 0229 0229 0229 0229.
0229 0229 0229 0229 0229 0229 0229 0229 0229 0230 0230 0230
0229 0230 0230 0230 0230 0230 0230 0230 0230 0230 0230 0230=
0186 0186 0186 0186 0186 0186 0186 0186 0186 0186 0186 0186
0186 0186 0186 0186 0186 0186 0186 0186 0186 0186 0186 0186.
0186 0186 0186 0186 0186 0186 0186 0186 0186 0186 0186 0186
0186 0186 0187 0186 0187 0187 0186 0187 0186 0187 0186 0187.
0187 0187 0187 0187 0187 0187 0187 0187 0187 0187 0187 0187
0187 0187 0187 0187 0187 0187 0187 0187 0187 0187 0187 0187.
0187 0187 0187 0187 0187 0187 0187 0187 0187 0187 0187 0187
0187 0187 0187 0187 0187 0187 0187 0187 0187 0187 0187 0187.
0187 0187 0187 0187 0187 0187 0187 0187 0187 0187 0187 0187
0187 0187 0187 0187 0187 0188 0188 0188 0188 0187 0187 0188.
0188 0188 0188 0188 0188 0188 0188 0188 0188 0188 0188 0188
0188 0188 0188 0188 0188 0188 0188 0188 0188 0188 0188 0188.
0188 0188 0188 0188 0188 0188 0188 0188 0188 0188 0188 0188
0188 0188 0188 0188 0188 0188 0188 0188 0188 0188 0188 0188.
0188 0188 0188 0188 0188 0188 0188 0188 0188 0188 0188 0188
0188 0188 0189 0189 0189 0189 0189 0189 0189 0189 0189 0189.
0189 0189 0189 0189 0189 0189 0189 0189 0189 0189 0189 0189
0189 0189 0189 0189 0189 0189 0189 0189 0189 0189 0189 0189.
0189 0189 0189 0189 0189 0189 0189 0189 0189 0189 0189 0189
0189 0189 0189 0189 0189 0189 0189 0189 0189 0189 0189 0189.
0189 0189 0189 0189 0189 0189 0189 0189 0189 0189 0189 0189
0189 0190 0189 0189 0190 0190 0190 0190 0190 0190 0190 0190.
0190 0190 0190 0190 0190 0190 0190 0190 0190 0190 0190 0190
0190 0190 0190 0190 0190 0190 0190 0190 0190 0190 0190 0190.
0190 0190 0190 0190 0190 0190 0190 0190 0190 0190 0190 0190
0190 0190 0190 0190 0190 0190 0190 0190 0190 0190 0190 0190.
0190 0190 0190 0190 0190 0190 0190 0190 0191 0190 0191 0191
0190 0190 0190 0190 0190 0190 0190 0191 0191 0191 0191 0190.
0190 0191 0191 0191 0191 0191 0191 0191 0191 0191 0191 0191
0191 0191 0191 0191 0191 0191 0191 0191 0191 0192 0192 0192.
0192 0192 0192 0192 0192 0192 0192 0192 0192 0193 0193 0193
0193 0193 0193 0193 0193 0193 0193 0193 0193 0193 0193 0193.
0193 0193 0193 0193 0194 0194 0194 0194 0193 0193 0194 0194
0194 0194 0194 0194 0194 0194 0194 0194 0194 0194 0194 0194.
0194 0194 0194 0194 0194 0194 0194 0194 0194 0194 0194 0194
0194 0194 0194 0194 0194 0194 0194 0194 0194 0194 0194 0194.
0194 0194 0194 0194 0194 0194 0194 0194 0194 0194 0194 0194
0194 0194 0194 0194 0194 0194 0194 0194 0194 0194 0194 0194.
0194 0194 0194 0194 0194 0194 0194 0194 0194 0194 0194 0194
0195 0195 0194 0194 0195 0195 0195 0195 0195 0195 0194 0195.
0195 0195 0195 0195 0195 0195 0195 0195 0195 0195 0195 0195
0195 0195 0195 0195 0195 0195 0195 0195 0195 0195 0195 0195.
0195 0195 0195 0195 0195 0195 0195 0195 0195 0195 0195 0195
0195 0195 0195 0195 0195 0195 0195 0195 0195 0195 0195 0195.
0195 0195 0195 0195 0195 0195 0195 0195 0195 0195 0195 0195
0195 0195 0195 0195 0195 0195 0195 0195 0196 0195 0196 0195.
0195 0195 0195 0195 0195 0196 0195 0196 0196 0196 0196 0196
0196 0196 0196 0196 0196 0196 0196 0196 0196 0196 0196 0196.
0196 0196 0196 0196 0196 0196 0196 0196 0196 0196 0196 0196
0196 0196 0196 0196 0196 0196 0196 0196 0196 0196 0196 0196.
0196 0196 0196 0196 0196 0196 0196 0196 0196 0196 0196 0196
0196 0196 0197 0196 0197 0197 0197 0196 0197 0197 0197 0196.
0197 0197 0197 0197 0197 0197 0197 0197 0197 0197 0197 0197
0197 0197 0197 0197 0197 0197 0197 0197 0197 0197 0197 0197.
0197 0197 0197 0197 0197 0197 0197 0197 0197 0197 0197 0197
0197 0197 0197 0197 0197 0197 0197 0197 0197 0197 0197 0197.
0197 0197 0197 0197 0197 0197 0197 0197 0197 0197 0197 0197
0197 0198 0197 0197 0198 0198 0198 0198 0198 0198 0198 0198.
0198 0197 0198 0198 0198 0198 0198 0198 0198 0198 0198 0198
0198 0198 0198 0198 0198 0198 0198 0198 0198 0198 0198 0198.
0198 0198 0198 0198 0198 0198 0198 0198 0198 0198 0198 0198
0198 0198 0198 0198 0198 0198 0198 0198 0198 0198 0198 0198=
A=
SA=
BA
0225 0225 0224 0224 0225 0227 0227 0224 0226 0227 0243 0254
0293 0412 0474 0446 0420 0430 0369 0353 0344 0315 0297 0282 0475 1059 0223 2124.
0278 0263 0256 0249 0244 0240 0241 0239 0233 0235 0258 0285
0365 0411 0387 0421 0407 0378 0405 0341 0350 0319 0298 0271 0480 1217 0229 0529.
0264 0257 0253 0251 0251 0245 0244 0242 0240 0237 0248 0252
0262 0284 0296 0290 0316 0282 0295 0304 0241 0221 0226 0207 0322 1238 0207 1947.
0200 0207 0196 0196 0195 0198 0202 0196 0197 0201 0213 0228
0252 0265 0340 0344 0311 0269 0292 0238 0233 0216 0213 0207 0395 1136 0194 2311.
0208 0209 0211 0206 0208 0206 0204 0202 0202 0205 0219 0232
0247 0267 0282 0288 0330 0331 0290 0262 0257 0248 0235 0226 0370 1315 0200 0456.
0222 0223 0217 0215 0209 0212 0209 0190 0192 0184 0244 0331
0401 0440 0468 0480 0450 0394 0361 0339 0314 0281 0254 0224 0488 1124 0183 0540.
0206 0189 0174 0170 0163 0160 0158 0158 0151 0158 0217 0302
0395 0400 0432 0459 0426 0386 0363 0346 0328 0293 0262 0246 0466 1202 0149 0510.
0216 0207 0200 0190 0187 0182 0182 0180 0173 0178 0229 0301
0365 0416 0450 0403 0420 0402 0337 0288 0322 0297 0273 0234 0460 1102 0173 0459.
0218 0210 0202 0200 0200 0194 0189 0188 0184 0188 0235 0283
0356 0401 0431 0409 0391 0341 0371 0351 0317 0303 0278 0261 0484 1221 0182 0518.
0247 0230 0218 0222 0216 0204 0199 0197 0214 0215 0240 0264
0301 0296 0288 0306 0380 0365 0355 0361 0337 0313 0282 0261 0404 1339 0196 0348.
0245 0245 0228 0218 0219 0219 0217 0223 0227 0229 0284 0317
0420 0425 0455 0474 0470 0438 0410 0378 0367 0327 0302 0293 0501 1216 0207 0236.
0281 0254 0244 0237 0236 0230 0225 0226 0219 0226 0273 0368
0433 0482 0483 0504 0500 0477 0429 0366 0351 0338 0300 0285 0517 1140 0219 0457.
0278 0265 0263 0255 0249 0248 0245 0240 0240 0243 0291 0376
0384 0479 0506 0509 0500 0486 0414 0359 0321 0301 0286 0265 0528 1204 0237 0453.
0260 0261 0260 0260 0257 0255 0252 0248 0247 0246 0304 0316
0316 0413 0334 0303 0326 0319 0272 0236 0253 0248 0247 0239 0432 1006 0225 1523.
0233 0239 0234 0230 0233 0233 0235 0236 0232 0231 0231 0242
0250 0260 0257 0260 0241 0239 0242 0252 0250 0239 0232 0230 0272 1013 0227 1933.
0230 0228 0226 0225 0218 0221 0224 0224 0226 0225 0231 0258
0303 0311 0375 0371 0366 0400 0377 0337 0295 0293 0270 0239 0435 1147 0213 0117.
0230 0221 0220 0208 0210 0207 0208 0206 0203 0205 0234 0291
0370 0398 0326 0351 0364 0371 0325 0310 0312 0300 0265 0234 0453 1247 0200 0514.
0237 0237 0236 0238 0235 0221 0220 0227 0226 0216 0249 0295
0351 0370 0433 0444 0457 0413 0380 0353 0334 0303 0276 0247 0480 1134 0213 0538.
0240 0231 0224 0220 0215 0210 0207 0208 0206 0206 0250 0299
0349 0409 0455 0456 0429 0435 0417 0370 0349 0308 0285 0256 0495 1147 0203 0508.
0249 0250 0237 0235 0230 0223 0220 0219 0218 0215 0251 0327
0389 0450 0425 0483 0471 0435 0422 0363 0348 0316 0291 0265 0492 1215 0214 0524.
0255 0246 0240 0238 0238 0238 0232 0226 0223 0226 0273 0334
0398 0438 0422 0407 0470 0445 0424 0386 0342 0321 0296 0277 0483 1332 0221 0446.
0269 0264 0258 0257 0252 0246 0239 0241 0239 0243 0263 0311
0330 0356 0363 0335 0317 0266 0271 0250 0257 0253 0247 0243 0395 1051 0238 0248.
0243 0239 0235 0234 0230 0225 0226 0230 0224 0219 0226 0242
0251 0266 0295 0286 0267 0259 0264 0311 0307 0292 0261 0238 0330 1606 0217 0532.
0229 0224 0220 0220 0217 0224 0225 0220 0217 0219 0241 0319
0358 0463 0476 0531 0502 0469 0430 0390 0347 0328 0290 0275 0538 1212 0214 0547.
0265 0256 0251 0239 0238 0235 0239 0233 0230 0230 0257 0359
0430 0457 0487 0487 0487 0449 0425 0382 0354 0330 0301 0280 0509 1238 0225 0437.
0283 0272 0268 0264 0265 0253 0246 0242 0245 0245 0267 0294
0308 0384 0416 0415 0411 0426 0409 0377 0350 0333 0299 0287 0489 1131 0237 0542.
0274 0258 0255 0252 0252 0247 0238 0240 0240 0252 0267 0330
0356 0442 0412 0465 0447 0400 0303 0261 0279 0279 0257 0247 0479 1207 0238 0255.
0243 0242 0241 0237 0237 0235 0235 0231 0230 0242 0255 0289
0390 0434 0478 0482 0488 0477 0446 0409 0350 0331 0311 0293 0507 1337 0227 0412.
0278 0267 0250 0245 0239 0235 0231 0227 0225 0226 0266 0376
0446 0473 0489 0516 0489 0461 0435 0388 0347 0332 0314 0298 0522 1140 0225 0447.
0288 0264 0254 0249 0257 0240 0237 0230 0226 0226 0267 0375
0434 0479 0503 0516 0516 0465 0452 0373 0346 0331 0318 0297 0534 1155 0224 0523.
0296 0279 0269 0264 0258 0251 0247 0246 0245 0248 0273 0311
0411 0481 0493 0519 0511 0475 0461 0365 0235 0238 0239 0238 0538 1220 0232 1733=
=
??????
******
YF
19011










20150812=
JY
8888=
GK
01/
05/=
BZ
10/03/08;14;20

10/24/24
11/=
######
