57461 3042N 11118E 001331 001343 105 000 S14 11111999919199111991 0 2016 08
PC
9906 9912 9915 9913 9914 9912 9908 9904 9901 9903 9907 9911
9915 9916 9912 9908 9901 9890 9884 9882 9883 9884 9882 9888 9916 0946 9877 1632.
9896 9899 9910 9912 9907 9901 9895 9897 9898 9901 9905 9906
9908 9908 9908 9904 9898 9891 9887 9887 9888 9886 9894 9919 9924 1941 9881 1519.
9923 9922 9920 9917 9912 9906 9903 9906 9908 9915 9922 9923
9926 9930 9932 9927 9931 9930 9928 9924 9915 9914 9916 9922 9932 1017 9903 0250.
9930 9931 9928 9927 9926 9924 9922 9921 9922 9927 9928 9932
9936 9939 9940 9939 9936 9933 9926 9923 9919 9918 9919 9927 9940 1051 9917 1734.
9936 9943 9947 9945 9937 9931 9929 9930 9929 9929 9931 9937
9940 9941 9941 9938 9937 9931 9925 9921 9918 9921 9921 9923 9947 2258 9917 1641.
9928 9931 9929 9924 9920 9914 9908 9909 9909 9911 9913 9915
9917 9915 9915 9910 9903 9896 9887 9880 9877 9877 9882 9889 9931 2114 9875 1713.
9894 9895 9893 9891 9891 9886 9886 9884 9882 9885 9890 9891
9893 9895 9892 9889 9885 9875 9877 9874 9874 9877 9881 9888 9896 2128 9872 1524.
9897 9903 9903 9906 9901 9895 9895 9891 9891 9893 9896 9897
9898 9903 9903 9899 9895 9890 9884 9880 9883 9884 9891 9897 9906 2343 9880 1559.
9906 9911 9910 9906 9904 9900 9898 9898 9898 9902 9904 9906
9909 9910 9907 9906 9902 9896 9891 9884 9881 9884 9887 9896 9911 2138 9881 1652.
9901 9906 9909 9909 9905 9898 9895 9894 9897 9901 9908 9910
9911 9912 9909 9905 9898 9891 9885 9880 9879 9880 9884 9897 9912 0910 9878 1639.
9906 9911 9912 9908 9905 9902 9894 9898 9897 9909 9912 9907
9914 9924 9926 9926 9923 9917 9909 9905 9897 9895 9895 9900 9928 1030 9894 0256.
9913 9919 9919 9915 9910 9908 9905 9900 9902 9904 9908 9909
9909 9908 9902 9893 9885 9877 9871 9868 9864 9864 9865 9872 9920 2204 9863 1725.
9879 9884 9888 9889 9888 9884 9881 9878 9878 9881 9889 9891
9891 9894 9891 9885 9881 9873 9870 9864 9860 9859 9861 9868 9894 0948 9859 1707.
9878 9884 9887 9885 9885 9882 9879 9876 9874 9879 9883 9889
9890 9887 9883 9877 9867 9857 9852 9853 9860 9876 9881 9885 9890 0852 9852 1447.
9886 9891 9889 9888 9884 9877 9872 9871 9873 9876 9882 9887
9886 9888 9885 9877 9871 9864 9855 9853 9851 9849 9854 9864 9891 2139 9849 1716.
9871 9879 9880 9877 9877 9871 9869 9867 9868 9869 9872 9876
9881 9883 9880 9874 9867 9861 9857 9854 9852 9851 9853 9860 9883 0957 9850 1741.
9866 9870 9870 9868 9869 9867 9866 9865 9866 9867 9870 9872
9870 9870 9867 9860 9852 9847 9841 9837 9834 9831 9833 9839 9873 0801 9830 1742.
9845 9852 9855 9856 9856 9852 9850 9849 9852 9856 9861 9863
9864 9866 9863 9860 9854 9851 9847 9844 9840 9841 9843 9849 9866 0934 9839 2001.
9856 9864 9866 9869 9866 9863 9860 9859 9861 9868 9875 9876
9879 9881 9877 9873 9872 9866 9863 9859 9861 9861 9867 9874 9881 0951 9849 2001.
9878 9885 9890 9892 9891 9891 9892 9893 9896 9898 9902 9904
9907 9909 9908 9903 9896 9892 9886 9882 9880 9882 9888 9896 9910 1025 9874 2001.
9904 9906 9906 9907 9905 9904 9905 9905 9907 9911 9917 9922
9924 9925 9923 9915 9911 9905 9899 9894 9892 9894 9902 9914 9926 1005 9892 1612.
9921 9926 9926 9928 9926 9922 9925 9926 9933 9938 9940 9941
9939 9939 9936 9931 9926 9923 9920 9917 9913 9910 9914 9919 9941 0708 9910 1744.
9926 9931 9928 9929 9927 9928 9926 9924 9925 9927 9928 9929
9929 9929 9922 9915 9908 9902 9893 9887 9886 9887 9889 9894 9931 2143 9885 1721.
9898 9900 9899 9897 9894 9892 9891 9893 9896 9899 9906 9906
9907 9906 9902 9894 //// //// //// //// //// //// //// //// 9907 0706 9890 0219.
//// //// //// //// //// //// //// //// //// //// //// ////
//// //// //// //// //// //// //// //// //// //// //// //// //// //// //// ////.
//// //// //// //// //// //// //// //// //// //// //// ////
//// //// //// //// //// //// //// //// //// //// //// //// //// //// //// ////.
//// //// //// //// //// //// //// //// //// //// //// ////
//// //// //// //// //// //// //// //// //// //// //// //// //// //// //// ////.
//// //// //// //// //// //// //// //// //// 9991 9995 9998
9996 9994 9992 9986 9978 9968 9959 9953 9951 9948 9950 9954 9998 0730 9948 1754.
9961 9965 9968 9969 9967 9966 9961 9960 9962 9966 9971 9975
9974 9972 9966 9959 9952 9946 9938 9934 9934 9934 9935 9941 9975 0755 9932 1715.
9950 9953 9955 9955 9955 9950 9946 9944 9945 9948 9951 9954
9956 9957 9956 9953 9946 9942 9940 9937 9936 9932 9930 9931 9958 0918 9929 1851.
9931 9931 9930 9930 9924 9917 9909 9905 9901 9904 9909 9911
9911 9911 9904 9896 9888 9880 9874 9866 9865 9865 9868 9874 9932 2028 9864 1654=
0062 0061 0039 0039
0051 0058 0043 0072
0059 0077 0084 0076
0078 0086 0086 0081
0084 0090 0085 0076
0068 0068 0048 0041
0038 0043 0026 0040
0046 0050 0042 0050
0052 0059 0048 0048
0050 0062 0042 0048
0052 0058 0069 0052
0060 0061 0027 0022
0034 0041 0023 0018
0032 0039 0006 0037
0027 0039 0014 0014
0020 0026 0010 0010
0017 0022 9996 9989
0001 0013 0000 9999
0012 0026 0015 0024
0040 0054 0042 0046
0054 0073 0055 0065
0073 0093 0074 0071
0079 0081 0052 0045
0042 0057 //// ////
//// //// //// ////
//// //// //// ////
//// //// //// ////
//// //// //// 0108
0120 0130 0100 0095
0103 0108 0096 0086
0071 0065 0032 0027=
TB
0338 0322 0305 0301 0297 0290 0285 0283 0280 0280 0283 0296
0315 0332 0348 0352 0358 0360 0364 0331 0313 0281 0289 0291 0371 1512 0277 1748.
0290 0288 0287 0283 0283 0276 0272 0268 0267 0264 0270 0287
0302 0325 0330 0342 0344 0286 0295 0301 0305 0302 0298 0245 0344 1153 0244 1945.
0241 0244 0244 0246 0246 0245 0246 0246 0246 0246 0244 0246
0252 0260 0273 0279 0253 0248 0247 0251 0256 0261 0261 0259 0284 1141 0239 2040.
0259 0257 0255 0256 0250 0247 0245 0244 0244 0244 0244 0247
0250 0254 0260 0265 0279 0283 0281 0276 0269 0269 0268 0266 0290 1435 0243 0458.
0266 0265 0264 0264 0261 0260 0259 0258 0256 0254 0254 0257
0257 0259 0257 0258 0260 0247 0248 0253 0258 0259 0256 0256 0266 2001 0246 1352.
0254 0254 0254 0254 0253 0250 0250 0249 0250 0249 0249 0252
0256 0259 0269 0277 0277 0289 0292 0300 0300 0294 0284 0280 0303 1642 0249 0337.
0274 0268 0262 0256 0255 0251 0251 0251 0246 0243 0248 0260
0281 0304 0305 0307 0293 0314 0277 0284 0293 0285 0276 0271 0316 1401 0242 0607.
0271 0268 0263 0261 0262 0260 0255 0248 0248 0249 0250 0260
0267 0277 0283 0294 0301 0283 0306 0309 0266 0263 0263 0261 0311 1443 0248 0359.
0259 0261 0259 0259 0257 0258 0256 0255 0254 0252 0253 0260
0266 0277 0285 0280 0283 0290 0293 0304 0312 0299 0293 0289 0315 1702 0252 0558.
0282 0278 0274 0271 0269 0268 0264 0262 0261 0260 0265 0279
0292 0312 0319 0326 0332 0335 0337 0345 0338 0330 0322 0315 0349 1548 0259 0540.
0309 0303 0296 0290 0286 0282 0275 0275 0273 0273 0265 0272
0270 0259 0257 0260 0266 0295 0310 0320 0327 0326 0310 0301 0330 1733 0257 1043.
0293 0286 0279 0272 0267 0264 0263 0261 0259 0256 0262 0278
0297 0317 0330 0345 0349 0356 0358 0358 0353 0350 0343 0334 0364 1456 0256 0546.
0325 0312 0306 0297 0292 0289 0286 0281 0276 0276 0279 0291
0311 0328 0336 0342 0346 0347 0360 0357 0355 0348 0340 0332 0361 1503 0275 0612.
0330 0316 0303 0297 0290 0288 0284 0280 0279 0278 0282 0297
0310 0327 0339 0355 0352 0358 0363 0302 0297 0278 0270 0259 0369 1507 0257 1956.
0261 0263 0263 0260 0260 0260 0257 0258 0258 0257 0263 0281
0297 0318 0335 0342 0355 0356 0362 0357 0346 0343 0333 0317 0366 1439 0256 0513.
0312 0309 0302 0297 0290 0290 0287 0284 0280 0277 0283 0297
0312 0320 0327 0336 0339 0348 0348 0348 0347 0339 0329 0323 0352 1441 0277 0556.
0316 0310 0298 0290 0284 0279 0274 0274 0270 0270 0271 0282
0300 0308 0322 0332 0344 0351 0354 0350 0345 0339 0332 0327 0355 1457 0268 0607.
0317 0301 0299 0289 0285 0286 0284 0279 0275 0275 0275 0285
0302 0323 0334 0344 0352 0364 0366 0362 0361 0352 0341 0334 0370 1422 0274 0448.
0317 0307 0300 0293 0289 0286 0280 0278 0277 0276 0279 0292
0310 0330 0347 0358 0368 0370 0372 0368 0364 0357 0348 0341 0375 1349 0275 0604.
0333 0323 0310 0301 0299 0296 0291 0290 0287 0284 0287 0297
0319 0334 0339 0345 0359 0353 0361 0351 0339 0328 0319 0316 0366 1432 0283 0605.
0311 0309 0305 0306 0299 0299 0298 0294 0282 0281 0280 0280
0280 0291 0303 0319 0329 0333 0341 0338 0334 0328 0318 0311 0344 1526 0279 0429.
0308 0299 0287 0283 0275 0269 0264 0259 0257 0251 0253 0266
0286 0309 0324 0323 0328 0331 0324 0336 0327 0324 0315 0311 0337 1559 0249 0625.
0302 0293 0287 0284 0280 0279 0272 0266 0263 0260 0262 0275
0299 0312 0321 0330 0341 0346 0348 0347 0341 0334 0327 0321 0356 1424 0259 0630.
0315 0300 0291 0286 0284 0280 0276 0273 0272 0272 0273 0287
0300 0316 0331 0337 //// //// //// //// //// //// //// //// 0341 1152 0271 0429.
//// //// //// //// //// //// //// //// //// //// //// ////
//// //// //// //// //// //// //// //// //// //// //// //// //// //// //// ////.
//// //// //// //// //// //// //// //// //// //// //// ////
//// //// //// //// //// //// //// //// //// //// //// //// //// //// //// ////.
//// //// //// //// //// //// //// //// //// //// //// ////
//// //// //// //// //// //// //// //// //// //// //// //// //// //// //// ////.
//// //// //// //// //// //// //// //// //// 0207 0213 0227
0247 0272 0291 0302 0315 0315 0319 0323 0317 0305 0293 0281 0325 1610 0206 0614.
0262 0242 0233 0224 0217 0211 0206 0204 0197 0198 0199 0222
0238 0269 0279 0297 0306 0303 0309 0305 0305 0293 0284 0274 0320 1429 0196 0505.
0255 0246 0240 0237 0232 0230 0228 0225 0224 0224 0225 0227
0236 0254 0260 0261 0276 0274 0263 0254 0254 0247 0242 0238 0276 1258 0223 0629.
0235 0229 0227 0219 0219 0218 0221 0221 0222 0215 0211 0233
0253 0266 0274 0291 0306 0315 0319 0304 0301 0294 0287 0279 0320 1458 0210 0620=
IB
=
0238 0240 0242 0250 0248 0252 0243 0255 0248 0254 0245 0256
0251 0249 0247 0245 0247 0246 0236 0231 0229 0249 0245 0247.
0246 0256 0247 0218 0221 0225 0230 0233 0230 0241 0245 0249
0241 0243 0236 0236 0234 0242 0248 0247 0239 0246 0247 0235.
0227 0237 0230 0230 0230 0236 0234 0237 0237 0230 0235 0243
0249 0250 0244 0245 0244 0239 0238 0248 0244 0245 0251 0249.
0252 0243 0243 0251 0241 0245 0243 0237 0237 0235 0241 0238
0240 0242 0246 0240 0241 0237 0241 0252 0249 0249 0256 0254.
0248 0253 0250 0255 0249 0248 0252 0251 0244 0244 0249 0252
0245 0252 0248 0248 0255 0244 0236 0241 0233 0241 0247 0249.
0242 0242 0249 0244 0248 0247 0241 0246 0247 0242 0242 0249
0246 0243 0246 0247 0241 0245 0234 0246 0239 0236 0240 0248.
0245 0245 0250 0238 0239 0244 0239 0239 0239 0238 0238 0240
0251 0233 0237 0228 0244 0238 0233 0235 0235 0243 0242 0236.
0246 0239 0240 0243 0244 0239 0246 0238 0243 0235 0236 0250
0240 0235 0241 0241 0252 0239 0247 0245 0256 0254 0254 0252.
0243 0249 0247 0249 0243 0248 0247 0246 0235 0231 0234 0233
0235 0241 0230 0236 0245 0243 0237 0243 0236 0243 0240 0247.
0242 0252 0254 0249 0253 0248 0246 0244 0249 0246 0245 0249
0254 0248 0248 0235 0241 0244 0237 0232 0238 0231 0234 0236.
0236 0235 0233 0237 0246 0248 0241 0246 0249 0249 0253 0256
0250 0254 0252 0248 0252 0271 0260 0265 0260 0257 0258 0252.
0261 0254 0253 0258 0245 0243 0247 0247 0245 0240 0242 0248
0243 0246 0239 0232 0229 0236 0238 0250 0239 0243 0243 0259.
0258 0255 0261 0265 0256 0263 0258 0265 0256 0262 0265 0255
0266 0266 0253 0256 0248 0246 0261 0246 0260 0256 0251 0260.
0263 0264 0271 0269 0274 0270 0264 0268 0261 0267 0270 0271
0274 0265 0269 0265 0257 0268 0245 0244 0250 0238 0241 0241.
0234 0242 0236 0237 0242 0240 0236 0240 0237 0241 0245 0243
0252 0256 0255 0256 0251 0239 0251 0249 0251 0251 0256 0235.
0243 0248 0261 0263 0258 0260 0263 0258 0264 0265 0261 0271
0262 0261 0265 0256 0253 0253 0256 0247 0240 0245 0249 0251.
0255 0256 0262 0256 0254 0251 0252 0260 0252 0258 0259 0258
0255 0261 0248 0257 0261 0244 0234 0240 0247 0248 0249 0253.
0256 0258 0267 0263 0263 0264 0258 0255 0261 0257 0255 0253
0261 0251 0254 0258 0251 0240 0235 0234 0240 0235 0244 0248.
0251 0244 0251 0255 0261 0254 0256 0254 0255 0250 0255 0252
0249 0247 0240 0244 0229 0242 0236 0233 0240 0243 0250 0252.
0258 0259 0263 0261 0261 0268 0265 0262 0263 0262 0257 0263
0267 0267 0269 0259 0254 0255 0253 0262 0269 0271 0267 0262.
0264 0268 0267 0261 0263 0256 0268 0262 0260 0247 0238 0244
0238 0249 0251 0242 0233 0242 0225 0219 0216 0220 0201 0191.
0198 0205 0207 0216 0218 0219 0220 0207 0214 0214 0218 0227
0211 0205 0203 0206 0210 0213 0213 0217 0222 0225 0217 0227.
0231 0233 0227 0231 0227 0233 0237 0241 0242 0239 0239 0237
0238 0231 0236 0231 0222 0220 0222 0221 0225 0231 0228 0228.
0236 0234 0242 0244 0242 0242 0247 0242 0245 0247 0253 0251
0251 0247 0246 0251 //// //// //// //// //// //// //// ////.
//// //// //// //// //// //// //// //// //// //// //// ////
//// //// //// //// //// //// //// //// //// //// //// ////.
//// //// //// //// //// //// //// //// //// //// //// ////
//// //// //// //// //// //// //// //// //// //// //// ////.
//// //// //// //// //// //// //// //// //// //// //// ////
//// //// //// //// //// //// //// //// //// //// //// ////.
//// //// //// //// //// //// //// //// //// 0179 0187 0178
0184 0179 0153 0147 0155 0128 0127 0115 0120 0120 0114 0116.
0130 0160 0156 0162 0160 0156 0170 0158 0158 0166 0169 0176
0161 0146 0145 0135 0120 0118 0118 0110 0124 0118 0127 0130.
0155 0152 0168 0167 0165 0158 0170 0165 0169 0169 0165 0172
0171 0171 0165 0172 0153 0157 0165 0186 0151 0184 0184 0180.
0179 0191 0174 0185 0181 0170 0166 0170 0173 0162 0159 0177
0172 0162 0157 0163 0162 0155 0145 0157 0162 0169 0163 0171=
EA
295 298 301 316 313 320 303 327 314 325 308 328
319 315 311 307 311 309 292 283 279 316 307 310.
308 329 311 262 265 273 281 285 280 299 307 315
300 303 292 290 288 301 313 312 297 309 310 289.
276 293 281 281 281 292 288 294 294 281 290 303
314 316 305 308 306 297 296 312 305 308 318 314.
321 304 303 318 301 308 304 293 293 290 299 296
298 302 309 298 301 292 300 321 315 315 328 324.
313 322 317 327 314 313 321 319 305 305 315 320
307 321 314 312 326 305 291 300 286 301 312 315.
302 302 315 305 313 310 301 309 310 302 302 314
308 304 308 312 301 307 288 310 297 291 298 314.
307 306 316 295 297 306 296 296 297 295 294 299
319 287 293 278 306 294 286 290 289 303 303 290.
308 296 298 304 306 296 310 294 304 290 291 316
298 290 300 299 320 296 312 308 327 325 325 321.
304 314 311 314 304 312 312 310 289 282 287 286
289 301 280 291 308 304 293 304 291 304 297 311.
302 321 325 316 322 314 310 306 314 309 308 316
324 314 312 290 300 305 293 284 295 282 289 291.
290 289 286 292 309 314 301 308 316 316 322 328
317 324 320 313 320 359 337 347 336 330 332 320.
338 325 323 332 308 303 311 311 307 299 303 314
304 309 297 284 280 291 294 317 297 304 303 334.
333 327 338 346 328 342 333 346 329 340 346 326
348 348 323 328 314 310 339 310 335 328 319 336.
342 344 358 354 364 356 344 351 338 351 356 359
364 346 354 347 330 353 308 305 317 295 299 301.
287 301 291 292 302 299 291 299 292 300 308 304
321 329 326 328 318 296 318 316 319 319 327 290.
304 313 339 342 332 336 342 333 344 345 338 359
341 338 346 328 323 323 328 311 299 307 315 319.
325 328 340 328 325 319 321 336 321 332 333 333
327 338 313 331 337 305 287 298 312 312 315 322.
327 333 350 342 342 344 333 327 338 330 327 323
339 319 324 332 318 298 289 288 299 290 305 314.
318 305 318 326 338 325 329 325 327 318 327 320
314 312 299 306 279 301 292 286 298 304 317 321.
333 334 341 337 337 352 346 340 342 340 331 342
350 350 354 334 325 326 323 339 354 358 350 339.
343 353 349 338 342 329 352 340 336 312 295 306
295 314 319 303 285 302 273 263 257 264 235 221.
231 240 244 258 261 262 265 244 254 255 261 275
250 241 238 242 249 253 253 260 267 272 259 276.
283 285 276 282 276 286 292 299 301 296 296 294
295 282 292 282 267 264 267 265 273 283 277 277.
291 289 302 305 302 302 310 301 307 310 323 319
318 311 309 319 /// /// /// /// /// /// /// ///.
/// /// /// /// /// /// /// /// /// /// /// ///
/// /// /// /// /// /// /// /// /// /// /// ///.
/// /// /// /// /// /// /// /// /// /// /// ///
/// /// /// /// /// /// /// /// /// /// /// ///.
/// /// /// /// /// /// /// /// /// /// /// ///
/// /// /// /// /// /// /// /// /// /// /// ///.
/// /// /// /// /// /// /// /// /// 205 215 204
212 206 173 167 176 148 147 135 140 140 134 137.
150 181 177 184 182 178 194 180 179 189 193 201
183 167 165 154 141 138 138 131 144 139 147 150.
176 173 191 190 188 180 194 188 192 192 188 196
195 195 188 196 174 179 188 214 172 212 211 206.
206 221 199 213 208 193 189 194 198 185 180 203
197 185 179 185 184 176 165 178 183 193 185 195=
UB
56 62 69 74 75 80 78 85 83 86 80 79
69 62 56 54 53 52 48 56 61 83 77 77 45 1457.
77 83 79 68 69 74 78 81 80 87 86 80
70 62 58 54 53 77 76 73 68 72 74 94 51 1252.
92 96 92 91 91 95 93 95 95 91 95 98
98 94 84 82 95 95 95 98 93 91 94 94 78 1146.
96 92 93 97 95 99 99 96 96 95 98 95
94 93 92 86 80 76 79 87 89 89 93 93 74 1356.
90 93 92 95 93 93 96 96 93 94 97 97
93 96 95 94 97 98 93 93 86 90 95 96 86 1700.
93 93 97 94 97 98 95 98 98 96 96 98
94 91 87 84 81 77 71 73 70 71 77 83 65 1658.
84 87 93 90 91 96 93 93 96 97 94 89
84 66 67 63 75 64 77 75 71 78 82 81 58 1404.
86 84 87 90 90 88 95 94 97 92 92 94
85 78 78 73 75 77 71 69 94 95 95 95 64 1602.
91 93 93 94 92 94 95 95 89 88 89 85
83 81 72 77 80 76 72 70 64 72 73 78 64 1657.
79 86 89 88 91 89 90 90 93 92 89 84
80 69 66 59 59 59 56 52 56 56 60 63 51 1556.
65 67 69 73 79 82 82 84 87 87 93 91
89 97 97 93 92 87 75 73 68 67 74 75 63 2002.
83 83 86 92 88 88 91 92 92 91 89 84
73 66 59 52 50 50 50 54 52 54 56 65 46 1413.
68 72 77 83 81 86 85 91 89 92 92 81
77 70 62 61 57 56 57 53 58 59 60 66 52 1518.
68 74 83 85 91 90 89 93 90 94 93 86
81 70 67 60 58 60 51 71 76 79 84 90 50 1458.
85 88 85 87 90 89 88 90 88 91 90 80
77 70 63 61 55 51 53 54 58 59 64 62 47 1514.
67 70 79 82 83 84 87 86 91 93 88 86
75 71 70 63 61 58 59 56 54 58 63 66 53 1612.
70 73 81 82 84 85 88 92 90 93 93 87
77 76 65 65 62 54 50 53 57 59 62 65 48 1501.
70 78 83 86 88 88 86 87 92 90 89 83
79 66 63 61 56 49 47 48 50 51 57 61 44 1542.
68 69 75 80 85 83 87 87 88 86 87 79
70 62 54 52 45 48 46 46 49 52 57 60 43 1301.
65 69 76 79 80 85 86 85 87 88 84 82
74 68 67 61 55 57 54 60 67 72 74 73 51 1506.
76 79 80 77 81 78 84 83 88 82 78 81
78 78 74 64 57 59 51 50 50 53 50 49 48 1515.
52 57 62 67 71 74 77 73 77 80 81 79
64 54 49 50 50 50 52 50 54 56 56 61 47 1045.
66 70 70 73 73 76 81 86 88 88 87 80
70 62 61 56 50 48 48 48 51 55 56 58 45 1415.
63 68 75 78 78 80 84 83 85 86 89 81
75 67 61 61 // // // // // // // // 57 1132.
// // // // // // // // // // // //
// // // // // // // // // // // // // ////.
// // // // // // // // // // // //
// // // // // // // // // // // // // ////.
// // // // // // // // // // // //
// // // // // // // // // // // // // ////.
// // // // // // // // // 84 85 74
68 57 43 39 38 32 31 28 30 32 33 36 27 1545.
44 60 62 68 70 71 80 75 78 82 83 75
62 47 44 37 32 32 31 30 33 34 38 41 27 1439.
54 56 64 65 66 64 70 69 71 71 69 71
67 60 56 58 47 49 55 66 53 68 70 70 41 2001.
71 79 72 81 79 74 71 73 74 72 72 71
61 53 49 46 42 38 35 41 43 47 47 52 33 1459=
N=
H=
C=
V=
R6
0000 0014 0014
0000 0187 0187
0150 0263 0413
0408 0004 0412
0009 0129 0138
0005 0001 0006
0000 0000 0000
0024 0139 0163
0000 0000 0000
0000 0000 0000
0019 0087 0106
0000 0000 0000
0000 0000 0000
0002 0017 0019
0000 0000 0000
0000 0000 0000
0000 0000 0000
0000 0000 0000
0000 0000 0000
0000 0000 0000
0002 0000 0002
0000 0000 0000
0000 0000 0000
0000 //// ////
//// //// ////
//// //// ////
//// //// ////
//// 0000 ////
0000 0000 0000
0000 0000 0000
0000 0000 0000=
0000 0000 0000 0000 0000 0000 0000 0000 0000 0000 0000 0000
0000 0000 0000 0000 0000 0000 0000 0000 0000 0014 0000 0000.
0000 0000 0000 0000 0000 0000 0000 0000 0000 0000 0000 0000
0000 0000 0000 0000 0000 0015 0000 0000 0000 0000 0000 0172.
0003 0002 0001 0000 0000 0000 0000 0000 0000 0007 0095 0042
0023 0002 0000 0000 0073 0067 0039 0057 0002 0000 0000 0000.
0000 0000 0001 0000 0095 0305 0004 0000 0000 0001 0001 0001
0000 0000 0000 0000 0001 0000 0000 0000 0002 0000 0001 0000.
0000 0000 0000 0000 0000 0000 0000 0000 0002 0002 0004 0001
0000 0000 0040 0024 0027 0038 0000 0000 0000 0000 0000 0000.
0000 0000 0000 0000 0000 0000 0000 0000 0000 0004 0000 0001
0000 0000 0001 0000 0000 0000 0000 0000 0000 0000 0000 0000.
0000 0000 0000 0000 0000 0000 0000 0000 0000 0000 0000 0000
0000 0000 0000 0000 0000 0000 0000 0000 0000 0000 0000 0000.
0000 0000 0000 0000 0000 0000 0002 0019 0003 0000 0000 0000
0002 0000 0000 0000 0000 0000 0000 0000 0135 0002 0000 0000.
0000 0000 0000 0000 0000 0000 0000 0000 0000 0000 0000 0000
0000 0000 0000 0000 0000 0000 0000 0000 0000 0000 0000 0000.
0000 0000 0000 0000 0000 0000 0000 0000 0000 0000 0000 0000
0000 0000 0000 0000 0000 0000 0000 0000 0000 0000 0000 0000.
0000 0000 0000 0000 0000 0000 0000 0000 0000 0000 0019 0000
0000 0059 0014 0003 0011 0000 0000 0000 0000 0000 0000 0000.
0000 0000 0000 0000 0000 0000 0000 0000 0000 0000 0000 0000
0000 0000 0000 0000 0000 0000 0000 0000 0000 0000 0000 0000.
0000 0000 0000 0000 0000 0000 0000 0000 0000 0000 0000 0000
0000 0000 0000 0000 0000 0000 0000 0000 0000 0000 0000 0000.
0000 0000 0000 0000 0002 0000 0000 0000 0000 0000 0000 0000
0003 0000 0000 0000 0000 0000 0000 0000 0000 0001 0000 0013.
0000 0000 0000 0000 0000 0000 0000 0000 0000 0000 0000 0000
0000 0000 0000 0000 0000 0000 0000 0000 0000 0000 0000 0000.
0000 0000 0000 0000 0000 0000 0000 0000 0000 0000 0000 0000
0000 0000 0000 0000 0000 0000 0000 0000 0000 0000 0000 0000.
0000 0000 0000 0000 0000 0000 0000 0000 0000 0000 0000 0000
0000 0000 0000 0000 0000 0000 0000 0000 0000 0000 0000 0000.
0000 0000 0000 0000 0000 0000 0000 0000 0000 0000 0000 0000
0000 0000 0000 0000 0000 0000 0000 0000 0000 0000 0000 0000.
0000 0000 0000 0000 0000 0000 0000 0000 0000 0000 0000 0000
0000 0000 0000 0000 0000 0000 0000 0000 0000 0000 0000 0000.
0000 0000 0000 0000 0000 0000 0000 0000 0000 0000 0000 0000
0000 0000 0000 0000 0000 0000 0000 0000 0000 0000 0000 0000.
0000 0000 0000 0000 0000 0000 0000 0000 0002 0000 0000 0000
0000 0000 0000 0000 0000 0000 0000 0000 0000 0000 0000 0000.
0000 0000 0000 0000 0000 0000 0000 0000 0000 0000 0000 0000
0000 0000 0000 0000 0000 0000 0000 0000 0000 0000 0000 0000.
0000 0000 0000 0000 0000 0000 0000 0000 0000 0000 0000 0000
0000 0000 0000 0000 0000 0000 0000 0000 0000 0000 0000 0000.
0000 0000 0000 0000 0000 0000 0000 0000 0000 0000 0000 0000
0000 0000 0000 0000 //// //// //// //// //// //// //// ////.
//// //// //// //// //// //// //// //// //// //// //// ////
//// //// //// //// //// //// //// //// //// //// //// ////.
//// //// //// //// //// //// //// //// //// //// //// ////
//// //// //// //// //// //// //// //// //// //// //// ////.
//// //// //// //// //// //// //// //// //// //// //// ////
//// //// //// //// //// //// //// //// //// //// //// ////.
//// //// //// //// //// //// //// //// //// 0000 0000 0000
0000 0000 0000 0000 0000 0000 0000 0000 0000 0000 0000 0000.
0000 0000 0000 0000 0000 0000 0000 0000 0000 0000 0000 0000
0000 0000 0000 0000 0000 0000 0000 0000 0000 0000 0000 0000.
0000 0000 0000 0000 0000 0000 0000 0000 0000 0000 0000 0000
0000 0000 0000 0000 0000 0000 0000 0000 0000 0000 0000 0000.
0000 0000 0000 0000 0000 0000 0000 0000 0000 0000 0000 0000
0000 0000 0000 0000 0000 0000 0000 0000 0000 0000 0000 0000=
0000 ////////// 00000=
W=
LA
=
002 000 003 000 002 001 001 001 001 001 001 001
000 002 001 004 002 004 003 003 004 000 002 001 040.
001 002 002 001 001 003 000 002 001 000 001 001
000 000 001 001 001 006 001 002 001 001 002 030 061.
004 002 002 002 001 001 000 001 001 002 018 009
005 002 000 001 030 030 030 030 003 000 000 000 174.
000 000 001 009 030 030 004 000 001 001 001 003
004 003 003 001 003 003 002 003 001 002 002 002 109.
003 002 001 003 001 002 001 002 001 002 000 002
001 002 009 014 027 030 000 000 000 002 009 009 123.
008 001 002 002 001 003 001 001 002 003 001 001
000 002 001 001 001 002 000 002 001 001 002 001 040.
001 000 001 002 001 000 001 001 000 001 001 000
001 000 001 001 000 002 001 001 001 005 001 001 024.
002 001 000 002 000 001 001 002 001 001 001 000
002 000 001 000 001 001 001 001 030 003 000 001 053.
000 004 007 005 006 006 005 005 003 005 003 000
006 001 000 004 000 000 001 001 000 002 000 002 066.
000 001 001 000 001 000 000 001 001 000 001 000
003 001 000 001 002 002 003 002 002 006 001 002 031.
001 001 002 001 001 001 001 001 000 001 004 001
000 013 003 001 003 004 000 000 001 000 002 001 043.
001 002 001 001 001 001 002 001 001 001 002 001
000 000 005 001 002 002 002 002 003 002 005 001 040.
001 001 001 002 000 001 001 000 002 000 001 000
001 005 001 001 001 001 002 002 001 002 002 001 030.
001 001 002 001 000 001 001 001 000 001 001 000
004 000 000 001 001 001 003 000 003 004 006 005 038.
001 002 002 000 001 002 000 002 000 001 001 001
000 000 000 000 001 002 002 002 001 002 002 002 027.
002 001 001 001 001 001 001 001 001 000 001 000
000 001 001 001 003 003 003 002 002 003 004 002 036.
002 001 002 001 001 001 001 001 000 002 001 000
001 001 000 001 001 002 003 002 003 002 003 005 037.
001 001 002 001 001 001 001 000 002 000 001 001
000 001 001 003 001 002 003 003 002 003 002 003 036.
001 002 002 001 002 000 002 001 000 002 000 001
002 000 002 003 002 004 005 003 004 003 002 004 048.
001 002 001 002 001 001 001 001 000 002 001 000
001 002 001 002 003 003 003 003 003 004 002 003 043.
005 001 001 002 000 002 001 002 000 002 001 002
001 001 002 001 001 003 002 004 004 003 004 003 048.
002 002 002 001 002 002 001 001 001 002 006 002
002 001 003 001 003 002 004 002 003 002 005 001 053.
004 002 002 001 004 000 005 000 004 002 000 005
000 001 003 004 000 010 005 002 002 007 000 000 063.
013 000 000 002 006 003 000 000 000 010 000 000
002 000 003 001 /// /// /// /// /// /// /// /// ///.
/// /// /// /// /// /// /// /// /// /// /// ///
/// /// /// /// /// /// /// /// /// /// /// /// ///.
/// /// /// /// /// /// /// /// /// /// /// ///
/// /// /// /// /// /// /// /// /// /// /// /// ///.
/// /// /// /// /// /// /// /// /// /// /// ///
/// /// /// /// /// /// /// /// /// /// /// /// ///.
/// /// /// /// /// /// /// /// /// 001 000 002
002 002 001 003 002 005 003 003 004 004 004 002 ///.
002 001 002 001 001 000 002 001 001 001 001 001
002 002 004 002 003 005 002 002 003 003 002 001 045.
002 001 002 000 001 001 001 000 002 001 001 001
002 000 002 000 001 001 000 000 000 001 002 001 023.
002 001 000 002 000 002 000 002 001 000 002 000
002 003 001 002 001 002 003 002 002 002 002 001 035=
Z=
G=
FN
118021 036010 345019 306007 335013 337011
330003 285009 271009 235007 359007 252011
331014 145005 303011 184021 172009 176025
130016 010013 357024 333013 329018 306010.
298008 325009 176037 305012 280018 275019
301012 290008 282013 243011 338003 342006
351013 066016 225014 178015 177010 186024
240019 254015 295010 285014 205012 225011.
287027 281011 296010 327012 264012 315009
PPC001 264010 316004 176010 320004 249006
278014 202010 318007 266014 152018 209012
280013 273003 207007 261012 256005 208007.
PPC000 236010 321004 252011 220025 048013
034007 PPC001 108015 PPC000 136010 167007
123003 PPC002 PPC000 159012 PPC000 089014
148012 190012 154015 192013 071017 117013.
158013 078011 011005 143010 103012 110011
060008 104008 166008 133012 120013 098007
090011 318009 030008 140017 100009 029021
027011 031007 PPC000 238007 331008 260009.
331009 275010 257003 271007 329009 324006
022003 321010 227005 206006 261007 287009
332010 PPC001 150007 003010 023007 104011
134016 131011 160014 171010 153015 108008.
242004 280008 345005 337010 032005 278006
324008 069003 004009 337006 276007 318011
270006 216021 089009 106019 070012 105022
047013 130012 282010 226014 258015 265011.
238003 279008 256009 259008 307007 273009
106019 317010 264011 279012 321008 299011
197011 223009 178012 138012 168016 346010
259006 016010 190011 223012 PPC001 223013.
272008 251009 270010 283015 292009 240008
279009 284013 268013 264010 303006 332006
206009 260011 175014 159014 163014 212017
125021 204014 037005 151020 185016 153016.
202006 201007 PPC000 076007 224003 261010
296007 280008 263009 295007 010005 330009
251012 089007 153012 137019 067016 148017
173026 184012 138027 133025 077015 129018.
031011 015009 352007 350011 326010 322010
326013 PPC001 343006 074023 294007 277020
219008 118011 334009 231014 286016 268012
313017 233014 230015 230015 230009 218013.
208007 338009 265008 272011 277008 296009
296003 291007 PPC002 277005 279015 270014
228011 182009 176020 241016 173019 193012
165024 158021 147029 144018 088018 147011.
146012 341008 360007 316018 331013 313007
221007 013007 336010 255008 044005 327011
009006 058011 054011 132013 148012 032003
104010 099011 095013 100013 132020 166011.
167008 348007 023006 004011 343008 315011
284012 300007 300008 304005 267009 233003
250010 312013 291007 145026 031017 280015
148023 037014 260026 174023 289025 274019.
289020 327012 295009 308013 274009 280014
247009 325013 308009 281010 272008 251012
276019 255018 241012 097013 177013 191016
151017 102020 031009 346009 354011 151019.
256005 337009 360008 342008 007007 007007
024010 336006 007009 PPC000 275007 210008
175007 155022 143031 208018 160030 187031
120032 122023 077030 103021 126014 123014.
175010 262006 238007 254010 344008 355007
339015 223007 289008 232010 302006 316005
014009 269012 125009 129016 146017 202016
190025 180035 185027 188022 175018 165012.
326010 360010 011010 337013 324008 272007
323009 106004 025003 322009 343010 310009
244013 347012 043004 308011 135015 136016
194023 151020 154023 132019 158018 169011.
345012 008007 345011 324006 307010 323009
322015 279005 277006 325008 313007 304008
221019 233017 246011 175023 179010 185022
195032 149028 163030 158022 152018 163018.
206009 335012 016005 343017 024004 342012
331009 303007 353006 006003 339008 219007
221013 261019 148014 131024 191023 128024
142026 114029 095036 133031 137037 138023.
157016 164018 199010 190007 324009 228009
196008 168017 162013 131031 135020 168018
192017 157013 197019 157017 180025 198022
144016 129020 178027 126026 133018 149011.
140009 160011 331010 329003 325012 353009
310010 060007 062010 243010 314006 224008
202018 007014 360019 157018 187022 148024
157021 135017 154019 136021 170012 154015.
118017 174012 183011 160012 181011 179007
332003 014006 265009 276010 267011 303012
100005 164015 200023 115028 097020 166019
192020 193025 148027 146026 093018 166015.
163009 338007 330014 347009 326009 357007
330010 PPC002 304007 251006 230005 344008
PPC002 002008 176024 170019 ////// //////
////// ////// ////// ////// ////// //////.
////// ////// ////// ////// ////// //////
////// ////// ////// ////// ////// //////
////// ////// ////// ////// ////// //////
////// ////// ////// ////// ////// //////.
////// ////// ////// ////// ////// //////
////// ////// ////// ////// ////// //////
////// ////// ////// ////// ////// //////
////// ////// ////// ////// ////// //////.
////// ////// ////// ////// ////// //////
////// ////// ////// ////// ////// //////
////// ////// ////// ////// ////// //////
////// ////// ////// ////// ////// //////.
////// ////// ////// ////// ////// //////
////// ////// ////// 324008 233007 265012
288013 293013 189010 132022 153027 164021
181024 163019 161022 169033 162032 159012.
015009 335012 337013 245009 235007 244007
303006 255007 240005 319015 302008 337008
337015 002009 306010 181023 181018 110015
148016 129023 124019 133016 152011 231008.
344009 324009 332011 204009 354011 067006
PPC002 214005 234005 210007 247008 202009
233006 245009 216013 146006 199004 069006
210010 335009 292009 280017 287016 272014.
259014 328010 281008 329010 300010 323013
281005 316007 331009 018007 338009 292010
281017 287015 263021 255021 005016 182014
191015 172023 155023 165015 150017 075005=
118018 037009 331018 316008 332010 331012
353006 282008 298008 264007 346007 258010
310009 240007 323010 179016 187015 136019
138022 003016 006020 265010 317016 302008.
297008 320012 184027 296015 282020 273016
286011 288010 275013 253009 329004 008007
354011 070010 295012 213014 262010 181029
249016 251017 286012 294014 210011 260013.
282024 280015 272011 271009 267008 313007
305005 242009 295005 179010 321007 240009
285009 199011 338006 297013 139022 201013
281013 252007 229008 260011 277007 231008.
PPC002 234008 327003 256011 204019 070012
029005 PPC002 091013 PPC000 120010 157007
103004 052003 PPC000 158013 104003 106014
137018 181015 145014 189012 068013 107011.
151010 099006 014005 137010 110013 118009
080007 110009 140009 138011 098011 080004
083013 283006 028008 128013 151014 032021
038015 026007 289004 197007 306005 260007.
327009 267009 240005 272006 290003 328005
354005 313009 256006 216005 261005 306011
339009 PPC002 105005 004011 028008 124009
139013 126018 152012 211007 171010 116007.
PPC001 269007 PPC001 359007 017006 295005
335007 PPC002 338009 353007 277006 326009
262009 155011 100008 118015 096014 120017
044014 140020 233009 276011 282012 276010.
268010 260010 261011 277010 278004 275009
149015 293009 271011 282013 287012 292010
212012 208011 169011 145010 160020 336013
256014 337011 204013 238010 215007 243009.
297009 251009 260011 273015 285008 237005
271008 295011 270011 266010 295008 297006
212008 218009 182013 171017 180014 183016
138019 195013 155009 154017 176015 156014.
218004 224006 240004 353007 226006 273008
307007 256005 268008 295008 100003 329010
187010 019007 175014 146017 116023 137022
168020 141018 138029 128026 101013 128017.
038010 017011 357010 348010 312008 321010
326013 272003 329006 062014 302010 267015
197010 138018 331008 243014 276017 275019
285014 226013 220014 276009 243008 238013.
232009 322009 272009 262010 260009 296009
304007 299008 254005 274006 272011 285009
233011 195009 177016 212015 227019 175018
232018 155020 147022 145015 100015 125013.
147009 354009 001008 335016 337013 308008
230007 007005 331012 271006 023006 338010
313008 273010 146014 138016 133018 027010
100016 063008 128015 100018 110019 142014.
142011 337008 004008 026007 323008 317011
264013 290010 304008 PPC002 259006 312003
248011 304014 240010 164020 019018 248015
139025 026016 280027 191024 285030 304015.
268016 318011 282014 315011 269010 287013
299005 311010 291010 280010 276008 250009
285018 263016 233014 112013 141013 190020
160020 142023 348013 009012 004009 156021.
264005 342010 350006 353008 348007 359006
012008 284005 309006 015003 322004 273005
323006 165020 176022 206019 166030 181026
104027 130024 099023 099021 114017 121015.
180009 256009 233008 259011 334009 007009
327012 224007 294009 239007 340006 339009
029007 195009 080010 142018 119018 184020
176025 187032 188031 183019 176018 164013.
281007 356010 343009 342011 327010 252008
317007 037007 356007 293005 341011 334008
281011 003006 018006 283013 152019 190012
219019 132021 153020 132020 172021 163009.
001006 022005 346010 318008 299010 320008
332015 275005 269007 307008 281009 293006
207015 268014 218011 167020 192014 174023
187032 181024 160028 164025 148018 140015.
183011 337010 020006 343012 012006 336011
337008 307008 341006 039005 334008 229008
237011 319012 176015 146020 139020 126023
139028 120027 094026 129026 127030 141018.
152016 143012 192014 184009 294007 231007
201007 180016 175013 146024 120013 179022
170015 155015 190016 210014 175020 186027
156026 169022 184025 125028 123022 145017.
126012 181011 323008 276005 318010 298010
324011 047006 055010 234008 295006 247009
221013 349011 334013 161016 147021 170027
162024 134019 147023 155018 163019 160014.
125021 163014 196012 172013 180015 197007
346006 348009 274007 294009 284009 293011
036006 155012 175021 111023 125020 162024
178024 185023 169027 150026 099015 159017.
167010 349008 331012 344009 341007 342008
321009 008005 324007 249006 216006 341007
348007 347009 153015 148019 ////// //////
////// ////// ////// ////// ////// //////.
////// ////// ////// ////// ////// //////
////// ////// ////// ////// ////// //////
////// ////// ////// ////// ////// //////
////// ////// ////// ////// ////// //////.
////// ////// ////// ////// ////// //////
////// ////// ////// ////// ////// //////
////// ////// ////// ////// ////// //////
////// ////// ////// ////// ////// //////.
////// ////// ////// ////// ////// //////
////// ////// ////// ////// ////// //////
////// ////// ////// ////// ////// //////
////// ////// ////// ////// ////// //////.
////// ////// ////// ////// ////// //////
////// ////// ////// 332008 248006 256011
277014 333014 215015 193019 209022 160021
176028 166017 176024 162031 154028 157014.
013008 326012 333017 219008 238007 227006
316007 234008 232004 324013 288007 357007
320013 041007 324013 160018 171021 128018
183015 102019 120018 159020 151010 223009.
335011 324010 313008 211007 348009 008006
248007 240006 250005 218005 238007 220007
250005 249008 196009 219008 135008 034007
225007 328009 285009 293014 272014 272013.
284010 286014 285010 331007 317010 314011
300007 302007 315009 021008 341009 314010
279014 305018 274022 267020 291014 188016
225015 164017 149023 162015 147017 122009=
028121 1523 053300 1729
066129 1924 105133 1909
028005 1231 053011 1226
023204 0105 035170 0104
023124 1222 034122 1217
023106 1538 032173 1514
035057 1442 056071 1437
039142 1630 053145 1624
019177 1242 028139 1455
032184 1343 041130 1654
028134 0932 040111 0927
028161 1529 037145 1458
022128 1225 035167 1221
037161 1821 052028 1509
029177 1947 043179 1940
034188 1350 048147 1615
035187 1513 046176 1522
027144 1645 040153 1708
037186 1509 049193 1525
034105 1646 052130 1857
033183 1413 050150 1844
032169 1411 045187 1520
031188 1641 042167 1310
020117 1145 034181 1156
////// //// ////// ////
////// //// ////// ////
////// //// ////// ////
035166 1732 047164 1830
028109 1338 049128 1235
022337 1626 032334 1634
025222 1231 042244 1231=
DB
0308 0306 0298 0295 0293 0290 0287 0285 0283 0283 0295 0319
0358 0412 0458 0425 0458 0407 0410 0346 0337 0312 0302 0301 0501 1342 0283 0430.
0295 0293 0286 0280 0275 0273 0273 0271 0269 0266 0283 0311
0350 0396 0391 0438 0424 0317 0347 0346 0349 0326 0312 0260 0478 1231 0245 1942.
0267 0269 0270 0273 0269 0267 0270 0268 0269 0266 0261 0271
0292 0298 0317 0333 0275 0278 0279 0284 0294 0292 0281 0275 0349 1221 0255 0649.
0275 0273 0273 0272 0250 0255 0259 0260 0259 0260 0263 0270
0270 0277 0289 0313 0328 0340 0333 0309 0299 0294 0286 0280 0354 1422 0244 0111.
0277 0277 0276 0275 0273 0273 0272 0271 0269 0268 0271 0276
0275 0277 0280 0281 0285 0282 0289 0288 0282 0280 0274 0271 0294 1606 0267 0525.
0269 0265 0269 0268 0267 0265 0265 0264 0265 0264 0267 0279
0284 0296 0306 0342 0311 0338 0342 0378 0337 0311 0295 0289 0381 1331 0262 0241.
0284 0280 0275 0271 0268 0268 0267 0266 0264 0259 0270 0298
0321 0396 0380 0374 0376 0440 0329 0341 0330 0322 0297 0289 0446 1332 0259 0544.
0287 0285 0280 0281 0281 0277 0274 0270 0270 0268 0274 0298
0305 0316 0321 0338 0407 0334 0356 0351 0298 0297 0292 0285 0412 1302 0265 0328.
0283 0282 0279 0277 0277 0277 0276 0273 0271 0270 0272 0288
0298 0316 0325 0309 0325 0342 0337 0362 0342 0313 0298 0292 0363 1559 0269 0605.
0287 0284 0283 0283 0282 0280 0279 0274 0271 0269 0283 0305
0325 0358 0391 0420 0431 0425 0409 0403 0368 0337 0322 0311 0440 1307 0269 0538.
0308 0302 0300 0297 0295 0288 0285 0286 0284 0285 0289 0308
0292 0279 0286 0290 0308 0367 0373 0367 0357 0336 0315 0301 0378 1531 0270 0935.
0296 0292 0288 0284 0281 0278 0276 0274 0273 0271 0278 0299
0327 0362 0399 0422 0444 0430 0420 0409 0379 0352 0329 0319 0455 1323 0271 0554.
0316 0310 0310 0303 0301 0296 0293 0290 0287 0285 0296 0315
0341 0380 0372 0400 0427 0372 0418 0391 0378 0348 0326 0317 0449 1332 0285 0600.
0315 0309 0305 0304 0302 0296 0293 0290 0288 0288 0295 0325
0343 0375 0412 0445 0409 0429 0406 0361 0322 0305 0294 0290 0456 1252 0286 1939.
0286 0289 0282 0280 0280 0277 0279 0275 0274 0273 0281 0307
0324 0361 0393 0409 0435 0426 0420 0403 0380 0357 0336 0316 0439 1343 0273 0505.
0313 0309 0308 0303 0300 0300 0296 0292 0290 0290 0298 0322
0344 0382 0416 0436 0454 0450 0410 0399 0375 0348 0322 0312 0463 1328 0288 0518.
0308 0303 0298 0294 0292 0289 0285 0284 0281 0279 0289 0308
0340 0350 0399 0431 0455 0452 0429 0411 0380 0347 0322 0313 0462 1335 0279 0559.
0308 0302 0299 0295 0292 0293 0291 0287 0284 0283 0291 0312
0335 0377 0365 0418 0453 0475 0458 0416 0380 0345 0317 0309 0480 1353 0283 0600.
0302 0298 0294 0290 0287 0285 0281 0279 0278 0277 0288 0308
0337 0388 0443 0492 0513 0498 0463 0429 0390 0359 0328 0315 0516 1306 0277 0510.
0309 0305 0301 0296 0294 0292 0289 0287 0284 0282 0292 0313
0356 0400 0409 0429 0504 0393 0433 0378 0368 0332 0312 0306 0507 1255 0282 0546.
0302 0301 0294 0294 0290 0295 0295 0291 0288 0282 0283 0297
0293 0349 0362 0430 0481 0471 0459 0420 0362 0326 0299 0295 0501 1327 0278 0633.
0285 0279 0274 0270 0266 0261 0256 0254 0253 0250 0261 0284
0321 0395 0446 0411 0434 0466 0398 0426 0366 0337 0301 0292 0483 1352 0249 0557.
0282 0278 0274 0274 0271 0271 0265 0264 0261 0258 0270 0293
0343 0404 0455 0483 0490 0521 0484 0430 0389 0340 0312 0300 0535 1239 0258 0544.
0295 0289 0284 0281 0279 0278 0274 0271 0270 0270 0283 0307
0349 0402 0444 0455 //// //// //// //// //// //// //// //// 0498 1152 0269 0551.
//// //// //// //// //// //// //// //// //// //// //// ////
//// //// //// //// //// //// //// //// //// //// //// //// //// //// //// ////.
//// //// //// //// //// //// //// //// //// //// //// ////
//// //// //// //// //// //// //// //// //// //// //// //// //// //// //// ////.
//// //// //// //// //// //// //// //// //// //// //// ////
//// //// //// //// //// //// //// //// //// //// //// //// //// //// //// ////.
//// //// //// //// //// //// //// //// //// 0221 0230 0252
0276 0328 0396 0441 0456 0450 0422 0390 0339 0295 0263 0254 0462 1245 0221 0546.
0247 0239 0233 0226 0221 0218 0214 0211 0207 0207 0218 0245
0271 0330 0367 0446 0433 0376 0367 0357 0336 0279 0260 0254 0474 1222 0206 0521.
0248 0237 0239 0243 0238 0238 0236 0236 0237 0236 0240 0252
0268 0301 0309 0313 0357 0306 0278 0272 0278 0261 0243 0240 0367 1255 0233 0330.
0236 0229 0229 0223 0226 0225 0228 0228 0225 0219 0216 0247
0282 0314 0358 0412 0458 0472 0428 0320 0311 0294 0264 0253 0483 1230 0212 0616=
0335 0331 0327 0322 0319 0316 0313 0310 0308 0306 0305 0308
0316 0327 0342 0357 0363 0369 0371 0362 0351 0340 0334 0328.
0324 0320 0317 0313 0308 0305 0303 0300 0298 0296 0295 0298
0306 0319 0330 0345 0351 0339 0335 0338 0338 0335 0329 0302.
0301 0299 0298 0296 0295 0293 0291 0291 0289 0289 0283 0282
0283 0289 0293 0301 0302 0295 0292 0290 0292 0293 0293 0291.
0289 0288 0287 0286 0284 0269 0270 0271 0272 0272 0272 0273
0275 0276 0279 0283 0290 0296 0302 0303 0301 0299 0297 0293.
0291 0289 0288 0287 0286 0284 0284 0283 0282 0281 0280 0281
0281 0282 0281 0283 0283 0283 0285 0285 0287 0286 0285 0283.
0282 0280 0279 0279 0278 0277 0276 0276 0275 0275 0275 0276
0278 0281 0285 0290 0296 0302 0306 0314 0317 0313 0307 0302.
0299 0295 0293 0290 0287 0285 0283 0282 0281 0279 0278 0280
0287 0297 0308 0316 0316 0331 0332 0328 0326 0321 0316 0310.
0305 0302 0299 0296 0294 0293 0291 0289 0287 0286 0285 0286
0291 0294 0298 0304 0311 0317 0324 0325 0313 0309 0306 0303.
0300 0297 0295 0293 0292 0291 0289 0288 0287 0286 0284 0285
0288 0293 0298 0302 0305 0307 0312 0315 0317 0316 0312 0307.
0303 0299 0297 0295 0294 0292 0291 0289 0287 0286 0285 0289
0294 0303 0315 0330 0341 0348 0351 0352 0348 0341 0334 0327.
0322 0319 0315 0312 0309 0306 0303 0301 0299 0298 0296 0298
0300 0296 0295 0296 0298 0307 0318 0327 0329 0328 0324 0318.
0313 0309 0305 0302 0300 0297 0295 0293 0291 0289 0288 0290
0295 0305 0319 0333 0346 0354 0358 0359 0355 0349 0342 0335.
0329 0325 0322 0319 0316 0313 0310 0308 0305 0303 0302 0304
0309 0318 0329 0340 0349 0350 0351 0352 0350 0346 0339 0333.
0328 0324 0321 0318 0316 0314 0311 0309 0306 0304 0303 0304
0311 0321 0334 0344 0352 0353 0357 0350 0344 0335 0327 0320.
0315 0311 0308 0305 0302 0300 0298 0296 0295 0293 0292 0295
0301 0310 0324 0336 0345 0354 0360 0360 0356 0350 0344 0338.
0331 0326 0323 0320 0317 0314 0312 0310 0307 0305 0304 0307
0314 0322 0333 0346 0357 0365 0367 0361 0357 0350 0342 0335.
0329 0325 0321 0317 0314 0311 0308 0306 0303 0301 0300 0302
0308 0315 0323 0336 0348 0358 0362 0361 0357 0349 0341 0334.
0329 0324 0320 0317 0314 0312 0310 0308 0305 0303 0302 0304
0310 0318 0328 0330 0336 0351 0359 0358 0353 0346 0337 0330.
0325 0321 0317 0314 0311 0308 0306 0303 0301 0299 0299 0301
0307 0317 0331 0348 0360 0370 0372 0368 0361 0353 0344 0336.
0331 0327 0323 0320 0316 0314 0311 0309 0307 0305 0304 0306
0313 0323 0336 0346 0352 0357 0358 0352 0346 0341 0333 0327.
0322 0319 0316 0314 0311 0310 0309 0308 0306 0304 0302 0302
0303 0305 0320 0333 0346 0354 0358 0357 0351 0341 0331 0322.
0317 0313 0308 0304 0301 0298 0295 0292 0289 0286 0285 0287
0294 0304 0319 0324 0331 0336 0338 0339 0334 0330 0323 0316.
0311 0306 0303 0300 0298 0296 0293 0291 0290 0287 0286 0289
0296 0307 0321 0333 0347 0357 0363 0360 0352 0344 0335 0327.
0321 0317 0313 0309 0306 0304 0301 0299 0297 0295 0294 0297
0303 0314 0327 0340 //// //// //// //// //// //// //// ////.
//// //// //// //// //// //// //// //// //// //// //// ////
//// //// //// //// //// //// //// //// //// //// //// ////.
//// //// //// //// //// //// //// //// //// //// //// ////
//// //// //// //// //// //// //// //// //// //// //// ////.
//// //// //// //// //// //// //// //// //// //// //// ////
//// //// //// //// //// //// //// //// //// //// //// ////.
//// //// //// //// //// //// //// //// //// 0256 0254 0256
0261 0272 0287 0304 0319 0328 0332 0330 0324 0314 0303 0294.
0287 0281 0276 0272 0267 0263 0259 0256 0253 0250 0249 0251
0257 0268 0281 0297 0311 0318 0321 0317 0310 0303 0294 0287.
0283 0278 0274 0272 0269 0267 0265 0263 0262 0261 0260 0261
0264 0270 0276 0278 0287 0288 0286 0283 0282 0279 0276 0271.
0268 0264 0262 0259 0257 0255 0254 0253 0252 0251 0248 0249
0255 0266 0276 0288 0303 0313 0315 0310 0303 0297 0290 0284=
0339 0335 0331 0328 0324 0321 0319 0316 0314 0312 0310 0310
0312 0317 0324 0333 0340 0346 0350 0352 0347 0342 0337 0332.
0328 0325 0322 0319 0316 0312 0310 0307 0305 0303 0301 0301
0303 0309 0316 0323 0331 0333 0329 0330 0330 0330 0328 0320.
0311 0308 0305 0303 0301 0300 0298 0297 0295 0294 0292 0289
0288 0290 0292 0295 0299 0297 0295 0293 0293 0293 0294 0293.
0292 0291 0290 0289 0289 0278 0276 0276 0276 0276 0276 0276
0277 0278 0279 0281 0284 0288 0292 0295 0296 0296 0296 0294.
0293 0291 0290 0289 0288 0287 0286 0285 0285 0284 0283 0283
0283 0283 0283 0283 0283 0284 0284 0285 0285 0286 0285 0285.
0284 0283 0282 0281 0281 0280 0279 0279 0278 0278 0277 0277
0278 0279 0281 0284 0288 0291 0295 0299 0304 0305 0304 0301.
0299 0297 0295 0293 0291 0289 0287 0286 0285 0283 0282 0282
0283 0287 0294 0300 0304 0309 0317 0317 0317 0316 0314 0310.
0307 0304 0302 0300 0298 0296 0295 0293 0291 0290 0288 0288
0289 0291 0293 0296 0300 0306 0309 0313 0314 0309 0307 0304.
0302 0300 0298 0297 0295 0294 0293 0291 0290 0289 0288 0287
0288 0290 0292 0295 0297 0299 0302 0305 0307 0309 0308 0306.
0304 0302 0299 0298 0296 0295 0294 0292 0291 0289 0288 0288
0290 0294 0300 0308 0317 0324 0330 0333 0334 0333 0330 0326.
0323 0319 0317 0314 0312 0309 0307 0305 0303 0301 0300 0299
0300 0299 0297 0297 0297 0299 0305 0311 0316 0318 0318 0316.
0313 0310 0308 0306 0303 0301 0299 0297 0295 0294 0292 0292
0293 0297 0303 0311 0320 0328 0335 0339 0340 0339 0337 0333.
0329 0326 0323 0320 0318 0316 0313 0311 0309 0307 0305 0305
0306 0309 0315 0321 0328 0333 0335 0338 0339 0338 0336 0332.
0329 0326 0323 0320 0318 0316 0314 0312 0310 0308 0307 0306
0308 0311 0317 0325 0332 0336 0340 0341 0339 0335 0330 0325.
0321 0317 0314 0311 0308 0306 0304 0302 0301 0299 0297 0297
0299 0302 0309 0317 0325 0332 0338 0342 0343 0342 0339 0336.
0332 0328 0325 0322 0320 0317 0315 0313 0311 0309 0308 0307
0309 0313 0319 0326 0334 0342 0347 0348 0347 0344 0341 0336.
0332 0328 0325 0322 0319 0316 0314 0311 0309 0307 0305 0304
0306 0309 0313 0319 0328 0336 0342 0345 0346 0343 0340 0335.
0331 0328 0324 0321 0318 0316 0314 0312 0310 0308 0307 0306
0307 0311 0316 0320 0324 0330 0338 0342 0342 0340 0336 0332.
0328 0324 0321 0318 0316 0313 0311 0309 0307 0305 0303 0303
0305 0309 0316 0325 0335 0344 0350 0352 0350 0347 0343 0338.
0333 0329 0326 0323 0320 0318 0316 0314 0312 0310 0308 0308
0309 0314 0321 0328 0333 0340 0342 0343 0340 0338 0334 0330.
0326 0323 0320 0318 0316 0314 0312 0311 0310 0308 0306 0305
0305 0305 0310 0317 0326 0334 0339 0342 0342 0338 0333 0327.
0322 0318 0315 0311 0308 0305 0303 0300 0297 0295 0293 0292
0294 0298 0305 0312 0317 0321 0325 0327 0327 0326 0323 0319.
0315 0311 0308 0305 0303 0301 0299 0297 0296 0294 0292 0292
0294 0298 0306 0314 0323 0332 0339 0342 0342 0338 0334 0329.
0324 0320 0317 0314 0311 0309 0307 0304 0302 0301 0299 0299
0301 0305 0312 0320 //// //// //// //// //// //// //// ////.
//// //// //// //// //// //// //// //// //// //// //// ////
//// //// //// //// //// //// //// //// //// //// //// ////.
//// //// //// //// //// //// //// //// //// //// //// ////
//// //// //// //// //// //// //// //// //// //// //// ////.
//// //// //// //// //// //// //// //// //// //// //// ////
//// //// //// //// //// //// //// //// //// //// //// ////.
//// //// //// //// //// //// //// //// //// 0266 0264 0263
0264 0268 0275 0284 0295 0305 0311 0315 0315 0312 0306 0300.
0295 0290 0286 0282 0278 0274 0271 0268 0265 0262 0260 0259
0260 0264 0271 0280 0290 0298 0304 0306 0304 0302 0297 0292.
0289 0285 0281 0279 0276 0274 0272 0271 0269 0268 0266 0266
0266 0268 0272 0275 0279 0282 0283 0282 0281 0281 0279 0276.
0274 0271 0269 0267 0264 0263 0261 0260 0259 0258 0256 0255
0256 0261 0267 0274 0283 0291 0298 0300 0298 0295 0292 0288=
0339 0336 0333 0330 0328 0325 0323 0321 0319 0317 0315 0314
0313 0314 0317 0322 0327 0332 0336 0339 0340 0338 0336 0333.
0330 0327 0325 0323 0320 0318 0316 0313 0311 0309 0308 0306
0306 0307 0311 0315 0319 0324 0324 0324 0325 0325 0325 0324.
0318 0314 0311 0309 0307 0306 0304 0303 0301 0300 0298 0296
0295 0294 0295 0295 0297 0299 0298 0297 0296 0296 0296 0296.
0296 0295 0294 0294 0293 0286 0284 0283 0282 0282 0281 0281
0281 0281 0282 0283 0284 0286 0288 0291 0293 0294 0294 0294.
0294 0293 0292 0291 0291 0290 0289 0289 0288 0288 0287 0286
0286 0286 0286 0286 0286 0286 0286 0286 0286 0287 0287 0287.
0286 0286 0285 0284 0284 0284 0283 0283 0282 0281 0281 0281
0281 0281 0282 0283 0285 0287 0289 0292 0295 0298 0299 0299.
0298 0297 0296 0295 0293 0292 0291 0289 0288 0287 0286 0285
0285 0286 0289 0292 0296 0299 0304 0307 0308 0309 0309 0308.
0307 0305 0303 0302 0300 0299 0297 0296 0295 0294 0292 0291
0291 0291 0292 0293 0295 0298 0301 0304 0308 0307 0306 0305.
0303 0302 0300 0299 0298 0297 0296 0295 0294 0293 0292 0291
0290 0290 0291 0293 0295 0296 0298 0300 0302 0303 0304 0304.
0303 0302 0301 0299 0298 0297 0296 0295 0294 0293 0292 0291
0291 0292 0295 0299 0304 0309 0314 0318 0321 0323 0323 0322.
0320 0318 0316 0314 0313 0311 0309 0308 0306 0304 0303 0302
0301 0301 0300 0299 0299 0299 0301 0304 0307 0310 0312 0312.
0311 0310 0309 0307 0306 0304 0303 0301 0300 0298 0297 0296
0295 0296 0298 0302 0307 0313 0318 0323 0326 0328 0328 0327.
0326 0324 0322 0320 0319 0317 0315 0313 0312 0310 0308 0307
0307 0307 0309 0313 0317 0321 0324 0326 0328 0329 0329 0328.
0327 0325 0323 0321 0319 0318 0316 0315 0313 0312 0310 0309
0309 0309 0312 0315 0320 0324 0327 0330 0331 0330 0328 0326.
0323 0320 0318 0315 0313 0311 0309 0307 0306 0304 0303 0302
0301 0302 0305 0308 0313 0318 0323 0328 0331 0332 0332 0331.
0330 0327 0325 0323 0321 0319 0318 0316 0314 0313 0311 0310
0310 0311 0313 0317 0321 0327 0332 0335 0336 0337 0336 0334.
0332 0329 0327 0324 0322 0320 0318 0316 0314 0312 0310 0309
0308 0309 0311 0313 0317 0322 0327 0332 0334 0335 0334 0333.
0330 0328 0326 0324 0321 0319 0318 0316 0314 0313 0311 0310
0309 0310 0312 0315 0317 0320 0325 0329 0332 0332 0332 0330.
0328 0325 0323 0321 0319 0317 0315 0313 0311 0310 0308 0307
0307 0308 0310 0315 0321 0327 0333 0336 0338 0339 0337 0335.
0332 0330 0328 0325 0323 0321 0319 0317 0316 0314 0312 0311
0311 0312 0315 0319 0323 0327 0330 0333 0333 0333 0331 0329.
0327 0325 0322 0320 0319 0317 0315 0314 0313 0312 0310 0309
0308 0308 0308 0311 0316 0321 0326 0329 0332 0332 0330 0327.
0324 0321 0319 0316 0314 0311 0309 0307 0304 0302 0300 0299
0298 0299 0302 0306 0309 0313 0316 0319 0320 0321 0320 0319.
0316 0314 0312 0310 0308 0306 0304 0303 0301 0299 0298 0297
0297 0298 0301 0305 0311 0317 0323 0327 0330 0331 0329 0327.
0324 0322 0319 0317 0315 0313 0311 0309 0307 0305 0304 0303
0303 0304 0307 0311 //// //// //// //// //// //// //// ////.
//// //// //// //// //// //// //// //// //// //// //// ////
//// //// //// //// //// //// //// //// //// //// //// ////.
//// //// //// //// //// //// //// //// //// //// //// ////
//// //// //// //// //// //// //// //// //// //// //// ////.
//// //// //// //// //// //// //// //// //// //// //// ////
//// //// //// //// //// //// //// //// //// //// //// ////.
//// //// //// //// //// //// //// //// //// 0275 0273 0272
0271 0271 0274 0278 0284 0291 0298 0302 0305 0306 0305 0302.
0299 0295 0292 0289 0286 0283 0281 0278 0275 0273 0271 0269
0268 0269 0271 0275 0281 0287 0292 0296 0298 0298 0297 0294.
0292 0289 0287 0285 0283 0281 0279 0277 0276 0275 0273 0272
0272 0272 0273 0275 0277 0279 0281 0282 0282 0282 0281 0280.
0278 0277 0275 0273 0272 0270 0268 0267 0266 0265 0264 0263
0262 0263 0266 0269 0274 0280 0285 0290 0291 0291 0290 0289=
0331 0330 0328 0327 0325 0323 0321 0320 0318 0316 0315 0314
0312 0312 0313 0314 0317 0320 0323 0326 0328 0329 0328 0327.
0326 0324 0322 0321 0319 0317 0316 0314 0312 0310 0309 0307
0306 0306 0307 0308 0311 0314 0316 0316 0317 0318 0318 0318.
0316 0314 0312 0310 0308 0307 0305 0304 0303 0302 0300 0298
0297 0296 0295 0295 0296 0297 0297 0296 0296 0295 0295 0295.
0295 0294 0294 0293 0293 0288 0286 0285 0284 0284 0283 0283
0283 0282 0282 0283 0283 0284 0285 0286 0288 0289 0290 0290.
0291 0291 0290 0290 0289 0289 0289 0288 0288 0287 0287 0286
0286 0285 0285 0285 0285 0285 0285 0285 0285 0285 0285 0285.
0285 0285 0284 0284 0284 0283 0283 0282 0282 0281 0281 0281
0280 0280 0280 0281 0281 0283 0284 0286 0288 0290 0291 0292.
0293 0293 0292 0292 0291 0290 0289 0288 0288 0287 0286 0285
0285 0285 0285 0287 0289 0291 0293 0296 0298 0300 0301 0301.
0301 0300 0299 0298 0297 0296 0295 0295 0294 0293 0292 0291
0290 0290 0290 0290 0291 0292 0294 0296 0298 0300 0300 0300.
0299 0298 0298 0297 0296 0295 0294 0293 0293 0292 0291 0290
0290 0289 0289 0290 0291 0291 0292 0293 0295 0296 0297 0298.
0298 0298 0297 0297 0296 0295 0294 0294 0293 0292 0291 0290
0290 0290 0291 0292 0294 0297 0301 0304 0307 0310 0311 0312.
0312 0311 0310 0309 0308 0307 0306 0305 0304 0303 0302 0300
0300 0299 0299 0298 0297 0297 0297 0298 0300 0302 0303 0305.
0305 0305 0304 0304 0303 0302 0301 0300 0299 0298 0297 0295
0295 0294 0295 0296 0298 0301 0305 0308 0312 0314 0316 0317.
0317 0316 0316 0315 0314 0313 0312 0310 0309 0308 0307 0306
0305 0304 0305 0306 0308 0310 0313 0315 0317 0318 0319 0320.
0319 0319 0318 0317 0316 0314 0313 0312 0311 0310 0309 0308
0307 0306 0307 0308 0310 0313 0315 0318 0320 0321 0321 0320.
0318 0317 0315 0314 0312 0310 0309 0307 0306 0305 0303 0302
0301 0301 0301 0302 0305 0308 0311 0314 0317 0319 0321 0321.
0321 0321 0320 0319 0317 0316 0315 0314 0312 0311 0310 0309
0308 0308 0308 0310 0312 0315 0318 0321 0323 0325 0326 0326.
0325 0323 0322 0321 0319 0318 0316 0314 0313 0312 0310 0309
0308 0307 0307 0308 0310 0312 0315 0319 0321 0323 0324 0324.
0324 0323 0321 0320 0319 0317 0316 0314 0313 0312 0311 0309
0308 0308 0308 0309 0311 0312 0314 0317 0320 0322 0323 0322.
0322 0321 0319 0318 0317 0315 0314 0312 0311 0310 0308 0307
0306 0306 0306 0308 0311 0314 0318 0322 0324 0326 0327 0327.
0326 0324 0323 0322 0320 0319 0317 0316 0314 0313 0312 0311
0310 0309 0310 0311 0314 0316 0319 0321 0323 0323 0324 0323.
0322 0321 0319 0318 0316 0315 0314 0313 0312 0311 0310 0309
0308 0307 0306 0307 0309 0311 0315 0317 0320 0321 0322 0321.
0320 0318 0317 0315 0313 0311 0309 0308 0306 0304 0303 0301
0300 0299 0300 0301 0303 0305 0307 0310 0311 0313 0313 0313.
0312 0311 0310 0308 0307 0306 0304 0303 0302 0300 0299 0298
0297 0297 0298 0299 0302 0305 0309 0313 0317 0319 0319 0319.
0318 0317 0316 0314 0313 0311 0310 0308 0307 0305 0304 0303
0302 0302 0303 0304 //// //// //// //// //// //// //// ////.
//// //// //// //// //// //// //// //// //// //// //// ////
//// //// //// //// //// //// //// //// //// //// //// ////.
//// //// //// //// //// //// //// //// //// //// //// ////
//// //// //// //// //// //// //// //// //// //// //// ////.
//// //// //// //// //// //// //// //// //// //// //// ////
//// //// //// //// //// //// //// //// //// //// //// ////.
//// //// //// //// //// //// //// //// //// 0279 0278 0276
0275 0274 0274 0276 0278 0282 0286 0290 0294 0296 0297 0296.
0295 0294 0292 0290 0288 0286 0284 0282 0280 0278 0276 0274
0272 0272 0272 0273 0276 0279 0283 0286 0288 0290 0291 0290.
0289 0288 0287 0285 0284 0282 0281 0280 0278 0277 0276 0275
0274 0273 0274 0274 0275 0276 0277 0278 0279 0279 0279 0279.
0278 0277 0276 0275 0274 0273 0271 0270 0269 0268 0267 0266
0265 0265 0265 0267 0269 0272 0276 0279 0282 0283 0284 0284=
0300 0300 0301 0301 0301 0301 0301 0301 0301 0300 0300 0300
0299 0299 0299 0298 0298 0298 0298 0299 0299 0299 0300 0300.
0300 0300 0301 0300 0300 0300 0300 0300 0299 0299 0298 0298
0297 0297 0297 0296 0296 0296 0296 0296 0296 0296 0297 0297.
0297 0297 0297 0297 0296 0296 0296 0295 0295 0294 0294 0293
0293 0292 0292 0291 0291 0290 0290 0290 0289 0289 0289 0289.
0288 0288 0288 0288 0287 0287 0287 0286 0286 0285 0284 0284
0284 0283 0283 0283 0282 0282 0282 0282 0282 0282 0282 0282.
0282 0282 0282 0282 0282 0282 0282 0282 0282 0282 0282 0282
0281 0281 0281 0281 0281 0281 0280 0280 0280 0280 0280 0280.
0280 0280 0279 0279 0279 0279 0279 0279 0279 0278 0278 0278
0278 0278 0278 0278 0277 0278 0278 0278 0278 0278 0278 0278.
0279 0279 0279 0279 0280 0280 0280 0280 0280 0280 0279 0279
0279 0279 0279 0279 0279 0279 0279 0279 0280 0280 0280 0281.
0281 0281 0282 0282 0282 0282 0282 0282 0282 0282 0282 0282
0282 0281 0281 0281 0281 0281 0281 0281 0281 0281 0282 0282.
0282 0282 0283 0283 0283 0283 0282 0282 0282 0282 0282 0282
0282 0282 0281 0281 0281 0281 0281 0281 0281 0281 0281 0281.
0282 0282 0282 0282 0282 0282 0282 0282 0282 0282 0282 0282
0281 0281 0281 0281 0281 0281 0282 0282 0282 0283 0283 0284.
0284 0285 0285 0286 0286 0286 0286 0286 0286 0286 0286 0286
0286 0285 0285 0285 0285 0285 0285 0285 0285 0285 0285 0285.
0285 0285 0285 0286 0286 0286 0286 0286 0286 0285 0285 0285
0285 0285 0285 0284 0284 0284 0285 0285 0285 0286 0286 0287.
0287 0288 0288 0289 0289 0289 0289 0289 0289 0289 0289 0289
0289 0289 0289 0289 0289 0289 0289 0289 0289 0290 0290 0290.
0291 0291 0292 0292 0292 0292 0292 0292 0292 0292 0292 0292
0291 0291 0291 0291 0291 0291 0291 0291 0292 0292 0292 0293.
0293 0293 0293 0293 0293 0293 0293 0293 0292 0292 0292 0291
0291 0291 0290 0290 0290 0290 0290 0290 0291 0291 0291 0292.
0292 0292 0293 0293 0293 0293 0293 0293 0293 0293 0293 0293
0293 0293 0292 0292 0292 0292 0292 0293 0293 0294 0294 0294.
0295 0295 0295 0295 0295 0295 0295 0295 0295 0295 0295 0294
0294 0294 0294 0293 0293 0293 0293 0293 0294 0294 0294 0294.
0295 0295 0295 0296 0296 0296 0296 0295 0295 0295 0295 0295
0295 0294 0294 0294 0294 0294 0294 0294 0294 0295 0295 0296.
0296 0297 0297 0297 0297 0297 0297 0297 0297 0297 0296 0296
0296 0295 0295 0295 0295 0295 0295 0295 0296 0297 0297 0298.
0299 0299 0299 0300 0300 0300 0300 0300 0300 0300 0299 0299
0299 0299 0299 0298 0298 0298 0299 0299 0299 0300 0300 0300.
0301 0301 0301 0301 0301 0301 0301 0301 0301 0300 0300 0300
0299 0299 0299 0299 0298 0298 0298 0298 0299 0299 0300 0300.
0300 0300 0301 0300 0300 0300 0300 0300 0299 0299 0298 0298
0297 0297 0296 0296 0296 0296 0296 0296 0296 0296 0296 0297.
0297 0297 0297 0297 0297 0297 0297 0297 0296 0296 0296 0295
0295 0294 0294 0294 0294 0294 0294 0294 0295 0295 0296 0296.
0297 0297 0298 0298 0298 0298 0298 0298 0298 0298 0297 0297
0297 0296 0296 0296 //// //// //// //// //// //// //// ////.
//// //// //// //// //// //// //// //// //// //// //// ////
//// //// //// //// //// //// //// //// //// //// //// ////.
//// //// //// //// //// //// //// //// //// //// //// ////
//// //// //// //// //// //// //// //// //// //// //// ////.
//// //// //// //// //// //// //// //// //// //// //// ////
//// //// //// //// //// //// //// //// //// //// //// ////.
//// //// //// //// //// //// //// //// //// 0282 0281 0281
0280 0280 0279 0279 0279 0278 0278 0279 0279 0279 0280 0281.
0281 0281 0282 0282 0282 0282 0281 0281 0281 0280 0280 0279
0278 0278 0277 0277 0276 0276 0276 0276 0276 0277 0277 0278.
0278 0278 0278 0278 0278 0278 0278 0278 0278 0277 0277 0277
0276 0276 0275 0275 0275 0275 0274 0274 0274 0274 0274 0274.
0274 0274 0274 0274 0274 0274 0273 0273 0273 0272 0272 0271
0271 0270 0270 0270 0270 0270 0270 0270 0270 0271 0271 0272=
KB
0281 0281 0281 0281 0281 0281 0281 0281 0281 0282 0282 0282
0282 0282 0282 0282 0282 0282 0282 0282 0282 0282 0282 0282.
0282 0282 0282 0282 0282 0282 0282 0282 0282 0282 0282 0283
0282 0283 0283 0283 0283 0283 0282 0282 0282 0282 0282 0282.
0282 0282 0282 0282 0282 0282 0282 0282 0282 0282 0282 0282
0282 0282 0282 0282 0282 0282 0282 0282 0282 0282 0282 0282.
0282 0282 0281 0281 0281 0282 0281 0281 0281 0281 0281 0281
0281 0281 0281 0280 0280 0280 0280 0280 0280 0279 0279 0279.
0279 0279 0279 0279 0279 0278 0278 0278 0278 0278 0278 0278
0278 0278 0278 0278 0277 0277 0277 0277 0277 0277 0277 0277.
0277 0277 0277 0277 0276 0276 0276 0276 0276 0276 0276 0276
0276 0276 0276 0276 0276 0275 0275 0275 0275 0275 0275 0275.
0275 0275 0275 0275 0274 0274 0274 0274 0274 0274 0274 0274
0274 0274 0274 0274 0274 0274 0274 0274 0274 0274 0274 0274.
0274 0274 0274 0274 0274 0274 0274 0274 0274 0274 0274 0274
0274 0274 0274 0274 0274 0274 0274 0274 0274 0274 0274 0274.
0274 0274 0274 0274 0274 0274 0274 0274 0274 0274 0274 0274
0274 0274 0274 0274 0274 0274 0274 0274 0274 0274 0274 0274.
0274 0274 0274 0274 0274 0274 0274 0274 0274 0274 0274 0274
0274 0274 0274 0274 0274 0274 0274 0274 0274 0274 0274 0274.
0274 0274 0274 0274 0274 0274 0274 0274 0274 0274 0274 0274
0274 0274 0274 0274 0274 0274 0275 0275 0275 0275 0275 0275.
0275 0275 0275 0275 0275 0275 0275 0275 0275 0275 0275 0275
0275 0275 0275 0275 0275 0275 0275 0275 0275 0275 0275 0275.
0275 0275 0275 0275 0275 0275 0275 0275 0275 0275 0275 0276
0276 0276 0276 0276 0276 0276 0276 0276 0276 0276 0276 0276.
0276 0276 0277 0277 0276 0277 0277 0277 0277 0277 0277 0277
0277 0277 0277 0278 0278 0278 0278 0278 0278 0278 0278 0278.
0278 0278 0278 0278 0278 0278 0278 0278 0278 0278 0278 0279
0279 0279 0279 0279 0279 0279 0279 0279 0279 0279 0279 0279.
0279 0279 0279 0279 0279 0279 0279 0279 0279 0279 0279 0279
0279 0279 0279 0279 0279 0279 0279 0279 0279 0279 0279 0279.
0279 0280 0280 0280 0280 0280 0280 0280 0280 0280 0280 0280
0280 0280 0280 0280 0280 0281 0280 0281 0281 0281 0280 0280.
0280 0280 0281 0281 0281 0281 0281 0281 0281 0281 0281 0281
0281 0281 0281 0281 0281 0281 0281 0281 0281 0281 0281 0281.
0281 0281 0281 0281 0281 0282 0282 0282 0282 0282 0282 0282
0282 0282 0282 0282 0282 0282 0282 0282 0282 0282 0282 0282.
0282 0282 0282 0282 0283 0283 0283 0283 0283 0283 0283 0283
0283 0284 0284 0284 0284 0284 0284 0284 0284 0284 0284 0284.
0284 0284 0284 0284 0284 0285 0285 0285 0285 0285 0285 0285
0285 0285 0285 0285 0285 0285 0285 0285 0286 0285 0286 0285.
0285 0285 0285 0285 0286 0286 0286 0286 0286 0286 0286 0286
0286 0286 0286 0286 0286 0286 0286 0286 0286 0286 0286 0286.
0286 0286 0286 0286 0286 0286 0286 0286 0286 0286 0286 0286
0286 0286 0286 0286 0286 0286 0285 0285 0285 0285 0285 0285.
0285 0285 0285 0285 0285 0285 0285 0285 0285 0285 0286 0286
0286 0286 0286 0286 //// //// //// //// //// //// //// ////.
//// //// //// //// //// //// //// //// //// //// //// ////
//// //// //// //// //// //// //// //// //// //// //// ////.
//// //// //// //// //// //// //// //// //// //// //// ////
//// //// //// //// //// //// //// //// //// //// //// ////.
//// //// //// //// //// //// //// //// //// //// //// ////
//// //// //// //// //// //// //// //// //// //// //// ////.
//// //// //// //// //// //// //// //// //// 0282 0282 0282
0282 0281 0281 0281 0281 0281 0281 0281 0281 0280 0280 0280.
0280 0280 0279 0279 0279 0279 0279 0279 0279 0279 0279 0279
0279 0279 0279 0279 0279 0279 0278 0278 0278 0278 0278 0278.
0278 0278 0277 0277 0277 0277 0277 0277 0277 0277 0277 0277
0277 0277 0277 0277 0276 0276 0276 0276 0276 0276 0276 0276.
0276 0276 0276 0275 0275 0275 0275 0275 0275 0275 0275 0275
0275 0275 0275 0274 0274 0274 0274 0274 0273 0273 0273 0273=
0247 0247 0247 0247 0247 0247 0247 0247 0247 0247 0247 0247
0248 0247 0248 0248 0248 0248 0248 0248 0248 0248 0248 0248.
0248 0248 0248 0248 0248 0248 0248 0248 0248 0248 0248 0248
0248 0248 0248 0248 0248 0248 0248 0248 0249 0248 0248 0249.
0249 0249 0249 0249 0249 0249 0249 0249 0249 0249 0249 0249
0249 0249 0249 0249 0249 0250 0250 0250 0250 0250 0250 0250.
0250 0250 0250 0250 0250 0255 0253 0253 0252 0252 0252 0252
0252 0252 0252 0252 0252 0252 0252 0252 0252 0252 0252 0252.
0252 0253 0253 0253 0253 0253 0253 0253 0253 0253 0253 0253
0253 0253 0253 0253 0253 0253 0253 0253 0253 0253 0253 0253.
0253 0253 0253 0253 0253 0253 0253 0253 0253 0253 0253 0253
0253 0253 0253 0253 0253 0254 0253 0253 0254 0253 0254 0254.
0254 0254 0254 0253 0253 0253 0253 0254 0253 0253 0253 0253
0254 0253 0253 0253 0254 0254 0254 0254 0254 0253 0253 0254.
0254 0254 0253 0253 0254 0253 0253 0253 0253 0253 0253 0253
0253 0254 0253 0253 0253 0253 0254 0253 0253 0253 0253 0253.
0253 0253 0253 0253 0253 0253 0253 0253 0253 0253 0253 0253
0253 0253 0253 0253 0253 0253 0253 0253 0253 0253 0253 0253.
0253 0253 0253 0253 0253 0253 0253 0253 0253 0253 0253 0253
0253 0253 0253 0253 0253 0253 0253 0253 0253 0253 0253 0253.
0253 0253 0253 0253 0253 0253 0253 0253 0253 0253 0253 0253
0253 0253 0253 0253 0253 0253 0253 0253 0253 0253 0253 0253.
0253 0253 0253 0253 0253 0253 0253 0253 0253 0253 0253 0253
0253 0253 0253 0253 0253 0253 0253 0253 0253 0253 0253 0253.
0253 0253 0253 0253 0253 0253 0253 0253 0253 0253 0253 0253
0253 0253 0253 0253 0253 0253 0253 0253 0253 0253 0253 0253.
0253 0253 0253 0253 0253 0253 0253 0253 0253 0253 0253 0253
0253 0253 0253 0253 0253 0253 0254 0253 0253 0253 0253 0253.
0253 0253 0253 0254 0254 0253 0253 0253 0254 0253 0253 0254
0254 0254 0254 0254 0254 0254 0254 0254 0254 0254 0254 0254.
0254 0254 0254 0254 0254 0254 0254 0254 0254 0254 0254 0254
0254 0254 0254 0254 0254 0254 0254 0254 0254 0254 0254 0254.
0254 0254 0254 0254 0254 0254 0254 0254 0254 0254 0254 0254
0254 0254 0254 0254 0254 0254 0254 0254 0254 0254 0254 0254.
0254 0254 0254 0254 0254 0254 0254 0254 0254 0254 0254 0254
0255 0254 0254 0255 0255 0255 0255 0255 0255 0255 0255 0255.
0255 0255 0255 0255 0255 0255 0255 0255 0255 0255 0255 0255
0255 0255 0255 0255 0255 0255 0255 0255 0255 0255 0255 0255.
0255 0255 0255 0255 0255 0255 0255 0255 0255 0255 0255 0255
0255 0255 0255 0255 0255 0255 0255 0255 0255 0255 0255 0255.
0255 0256 0255 0255 0255 0256 0256 0256 0256 0256 0256 0256
0256 0256 0256 0256 0256 0256 0256 0256 0256 0256 0256 0256.
0256 0256 0256 0256 0256 0256 0256 0256 0256 0256 0256 0256
0256 0256 0256 0256 0256 0256 0256 0256 0256 0256 0256 0256.
0256 0256 0256 0257 0257 0257 0256 0257 0257 0257 0257 0257
0257 0257 0257 0257 0257 0257 0257 0257 0257 0257 0257 0257.
0257 0257 0257 0257 0257 0257 0257 0257 0257 0257 0257 0257
0257 0257 0257 0257 //// //// //// //// //// //// //// ////.
//// //// //// //// //// //// //// //// //// //// //// ////
//// //// //// //// //// //// //// //// //// //// //// ////.
//// //// //// //// //// //// //// //// //// //// //// ////
//// //// //// //// //// //// //// //// //// //// //// ////.
//// //// //// //// //// //// //// //// //// //// //// ////
//// //// //// //// //// //// //// //// //// //// //// ////.
//// //// //// //// //// //// //// //// //// 0259 0259 0259
0259 0259 0259 0259 0259 0259 0259 0259 0259 0259 0259 0259.
0259 0259 0259 0259 0259 0259 0259 0259 0259 0259 0259 0259
0259 0259 0259 0259 0259 0259 0259 0259 0259 0259 0259 0259.
0259 0259 0259 0259 0259 0259 0259 0259 0259 0259 0259 0259
0259 0259 0259 0259 0259 0259 0259 0259 0259 0259 0259 0259.
0259 0259 0259 0259 0259 0259 0259 0259 0259 0259 0259 0259
0259 0259 0259 0259 0259 0259 0259 0259 0259 0259 0259 0259=
0208 0208 0208 0208 0208 0208 0208 0208 0208 0208 0208 0208
0208 0208 0208 0208 0208 0208 0208 0208 0208 0208 0208 0208.
0208 0208 0208 0208 0208 0208 0208 0208 0208 0208 0208 0208
0208 0208 0208 0209 0208 0208 0208 0208 0208 0208 0208 0208.
0208 0208 0208 0208 0208 0209 0208 0208 0209 0209 0209 0209
0209 0209 0209 0209 0209 0209 0209 0209 0209 0209 0209 0209.
0209 0209 0209 0209 0209 0209 0209 0210 0210 0210 0210 0210
0210 0210 0210 0210 0211 0211 0211 0211 0211 0211 0211 0211.
0211 0211 0211 0211 0211 0211 0211 0212 0212 0212 0212 0212
0212 0212 0212 0212 0212 0212 0212 0212 0212 0212 0212 0212.
0212 0212 0212 0212 0212 0212 0212 0212 0212 0212 0213 0213
0213 0213 0213 0213 0213 0213 0213 0213 0213 0213 0213 0213.
0213 0213 0213 0213 0213 0213 0213 0213 0213 0213 0213 0213
0213 0213 0213 0213 0213 0213 0213 0213 0213 0213 0213 0213.
0213 0213 0213 0213 0213 0213 0213 0213 0213 0213 0213 0213
0213 0214 0214 0214 0214 0214 0214 0214 0214 0214 0214 0214.
0214 0214 0214 0214 0214 0214 0214 0214 0214 0214 0214 0214
0214 0214 0214 0214 0214 0214 0214 0214 0214 0214 0214 0214.
0214 0214 0214 0214 0214 0214 0214 0214 0214 0214 0214 0214
0214 0214 0214 0214 0214 0214 0214 0214 0214 0214 0214 0214.
0214 0214 0214 0214 0214 0214 0214 0214 0214 0214 0214 0214
0214 0214 0214 0214 0214 0215 0215 0215 0215 0215 0215 0215.
0215 0215 0215 0215 0215 0215 0215 0215 0215 0215 0215 0215
0215 0215 0215 0215 0215 0215 0215 0215 0215 0215 0215 0215.
0215 0215 0215 0215 0215 0215 0215 0215 0215 0215 0215 0215
0215 0215 0215 0215 0215 0215 0215 0215 0215 0215 0215 0215.
0215 0215 0215 0215 0215 0215 0215 0215 0215 0215 0215 0215
0215 0215 0215 0216 0215 0216 0216 0216 0215 0215 0216 0216.
0216 0216 0216 0216 0216 0215 0216 0216 0216 0216 0216 0216
0216 0216 0216 0216 0216 0216 0216 0216 0216 0216 0216 0216.
0216 0216 0216 0216 0216 0216 0216 0216 0216 0216 0216 0216
0216 0216 0216 0216 0216 0216 0216 0216 0216 0216 0216 0216.
0216 0216 0216 0216 0216 0216 0216 0216 0216 0216 0216 0216
0216 0216 0216 0216 0216 0217 0217 0217 0216 0216 0216 0216.
0216 0216 0217 0217 0217 0217 0217 0217 0217 0217 0217 0217
0217 0217 0217 0217 0217 0217 0217 0217 0217 0217 0217 0217.
0217 0217 0217 0217 0217 0217 0217 0217 0217 0217 0217 0217
0217 0217 0217 0217 0217 0217 0217 0217 0217 0217 0217 0217.
0217 0217 0217 0217 0217 0217 0217 0217 0217 0217 0217 0217
0217 0217 0217 0217 0217 0217 0217 0217 0217 0217 0217 0217.
0217 0217 0217 0217 0217 0217 0217 0217 0217 0217 0217 0217
0217 0218 0217 0217 0217 0218 0218 0218 0218 0218 0218 0218.
0218 0218 0218 0218 0218 0218 0218 0218 0218 0218 0218 0218
0218 0218 0218 0218 0218 0218 0218 0218 0218 0218 0218 0218.
0218 0218 0218 0218 0218 0218 0218 0218 0218 0218 0218 0218
0218 0218 0218 0218 0218 0218 0218 0218 0218 0218 0218 0218.
0218 0218 0218 0218 0218 0218 0218 0218 0218 0218 0218 0218
0218 0218 0218 0218 //// //// //// //// //// //// //// ////.
//// //// //// //// //// //// //// //// //// //// //// ////
//// //// //// //// //// //// //// //// //// //// //// ////.
//// //// //// //// //// //// //// //// //// //// //// ////
//// //// //// //// //// //// //// //// //// //// //// ////.
//// //// //// //// //// //// //// //// //// //// //// ////
//// //// //// //// //// //// //// //// //// //// //// ////.
//// //// //// //// //// //// //// //// //// 0219 0219 0219
0219 0219 0219 0219 0219 0219 0219 0219 0219 0219 0219 0219.
0219 0219 0219 0219 0219 0219 0219 0219 0219 0219 0219 0219
0219 0220 0220 0220 0220 0220 0220 0220 0220 0220 0220 0220.
0220 0220 0220 0220 0220 0220 0220 0220 0220 0220 0220 0220
0220 0220 0220 0220 0220 0220 0220 0220 0220 0220 0220 0220.
0220 0220 0220 0220 0220 0220 0220 0220 0220 0220 0220 0220
0220 0220 0220 0220 0220 0220 0220 0220 0220 0220 0220 0220=
A=
SA=
BA
0303 0300 0295 0292 0290 0288 0287 0286 0283 0284 0284 0293
0307 0321 0334 0339 0343 0341 0343 0320 0312 0301 0297 0295 0352 1343 0282 0521.
0295 0291 0289 0284 0282 0281 0279 0277 0277 0274 0275 0282
0294 0311 0314 0332 0332 0304 0310 0313 0313 0308 0303 0272 0338 1232 0265 1943.
0274 0274 0274 0274 0273 0270 0270 0271 0271 0269 0264 0266
0271 0276 0281 0289 0277 0275 0273 0273 0278 0278 0277 0274 0291 1211 0263 0651.
0272 0272 0270 0270 0265 0252 0255 0256 0256 0257 0258 0260
0261 0263 0267 0273 0281 0284 0286 0284 0281 0280 0277 0274 0287 1418 0249 0119.
0272 0271 0270 0270 0269 0268 0267 0267 0266 0265 0265 0267
0267 0268 0266 0268 0269 0265 0267 0267 0270 0270 0268 0267 0274 2001 0264 1354.
0265 0264 0265 0265 0264 0263 0262 0262 0262 0262 0262 0265
0267 0269 0274 0282 0280 0288 0291 0299 0295 0289 0283 0279 0299 1548 0261 0414.
0277 0274 0271 0269 0266 0266 0265 0265 0264 0260 0262 0269
0281 0294 0296 0301 0298 0317 0297 0297 0297 0292 0288 0283 0318 1412 0260 0552.
0280 0279 0276 0275 0274 0273 0271 0270 0269 0268 0269 0273
0279 0281 0284 0290 0303 0293 0307 0302 0284 0284 0282 0279 0310 1443 0268 0527.
0277 0276 0275 0274 0273 0273 0272 0271 0270 0269 0268 0271
0275 0281 0286 0284 0288 0292 0294 0299 0296 0291 0287 0283 0299 1559 0268 0623.
0280 0277 0276 0275 0275 0274 0273 0271 0270 0268 0270 0278
0285 0294 0307 0318 0324 0327 0327 0324 0315 0305 0300 0295 0329 1406 0268 0542.
0293 0290 0288 0286 0285 0282 0280 0279 0277 0277 0278 0284
0282 0275 0277 0279 0284 0301 0308 0310 0307 0304 0299 0293 0312 1532 0274 0934.
0289 0285 0283 0281 0279 0276 0275 0272 0272 0270 0271 0277
0287 0298 0310 0320 0328 0333 0336 0329 0321 0314 0307 0302 0336 1426 0269 0609.
0300 0297 0296 0293 0292 0289 0286 0284 0283 0280 0283 0287
0297 0309 0315 0324 0330 0322 0331 0326 0321 0314 0307 0303 0332 1240 0280 0541.
0301 0298 0295 0294 0293 0291 0290 0288 0285 0284 0285 0292
0301 0311 0323 0333 0332 0336 0335 0318 0311 0301 0295 0292 0339 1424 0283 0542.
0289 0286 0284 0281 0280 0279 0278 0276 0275 0274 0275 0282
0291 0303 0315 0322 0328 0335 0336 0329 0323 0317 0312 0304 0338 1435 0274 0448.
0301 0297 0297 0295 0292 0291 0289 0287 0284 0284 0286 0292
0300 0312 0322 0332 0338 0344 0337 0330 0323 0315 0308 0303 0344 1357 0284 0443.
0299 0297 0293 0292 0288 0285 0285 0283 0282 0280 0281 0286
0293 0301 0312 0324 0334 0339 0338 0331 0324 0315 0309 0304 0340 1413 0278 0623.
0300 0297 0293 0292 0290 0289 0288 0286 0283 0282 0283 0288
0298 0410 0372 0464 0514 0534 0498 0463 0404 0348 0303 0277 0547 1351 0277 1956.
0271 0266 0262 0256 0253 0251 0249 0241 0239 0244 0277 0355
0410 0460 0484 0493 0508 0481 0465 0448 0406 0364 0316 0301 0514 1131 0239 0458.
0288 0278 0272 0270 0267 0265 0259 0258 0251 0250 0282 0362
0422 0449 0418 0433 0488 0388 0421 0371 0357 0316 0296 0289 0497 1308 0249 0601.
0286 0282 0272 0271 0267 0273 0274 0274 0259 0256 0259 0284
0277 0398 0389 0435 0477 0462 0453 0421 0353 0314 0285 0283 0494 1323 0255 0528.
0268 0247 0235 0234 0231 0227 0220 0208 0217 0208 0244 0335
0391 0427 0458 0423 0431 0450 0391 0435 0379 0328 0285 0278 0466 1055 0206 0553.
0271 0257 0248 0252 0246 0242 0232 0232 0228 0227 0255 0331
0388 0437 0457 0436 0441 0489 0469 0426 0386 0327 0296 0284 0515 1238 0225 0538.
0268 0258 0254 0250 0249 0248 0242 0240 0238 0240 0267 0329
0384 0436 0448 0441 //// //// //// //// //// //// //// //// 0498 1126 0237 0419.
//// //// //// //// //// //// //// //// //// //// //// ////
//// //// //// //// //// //// //// //// //// //// //// //// //// //// //// ////.
//// //// //// //// //// //// //// //// //// //// //// ////
//// //// //// //// //// //// //// //// //// //// //// //// //// //// //// ////.
//// //// //// //// //// //// //// //// //// //// //// ////
//// //// //// //// //// //// //// //// //// //// //// //// //// //// //// ////.
//// //// //// //// //// //// //// //// //// 0157 0190 0257
0350 0402 0440 0453 0454 0448 0426 0414 0356 0277 0243 0204 0472 1256 0155 0532.
0177 0169 0172 0157 0151 0149 0145 0143 0138 0148 0175 0251
0331 0398 0394 0441 0444 0358 0359 0337 0361 0251 0210 0197 0490 1433 0137 0506.
0200 0185 0190 0193 0191 0193 0190 0190 0193 0193 0206 0233
0269 0319 0304 0287 0353 0286 0230 0232 0254 0239 0214 0205 0378 1252 0183 2140.
0198 0189 0188 0175 0186 0187 0192 0192 0188 0172 0175 0280
0331 0332 0388 0435 0461 0478 0439 0303 0298 0274 0239 0214 0494 1402 0159 0618=
=
??????
******
YF
19011










20160910=
JY
8888=
GK
01/
05/=
BZ
10/03/08;14;20

10/24/24
11/=
######
