57461 3042N 11118E 001331 001343 105 000 S14 11111999919199111991 0 2014 01
PC
0063 0066 0063 0059 0056 0057 0057 0053 0049 0048 0050 0054
0058 0058 0053 0038 0022 0010 0002 9998 9999 0002 0006 0008 0067 2137 9998 1535.
0016 0021 0025 0019 0021 0020 0017 0011 0008 0008 0011 0015
0023 0028 0027 0017 0007 9997 9994 9997 0003 0011 0023 0032 0032 2000 9993 1504.
0039 0043 0047 0048 0048 0050 0049 0049 0049 0049 0054 0057
0066 0072 0069 0060 0046 0037 0034 0035 0045 0057 0069 0078 0078 1954 0032 2001.
0085 0092 0093 0094 0094 0097 0097 0096 0095 0095 0095 0098
0103 0110 0102 0086 0070 0056 0047 0044 0049 0049 0053 0056 0110 0955 0044 1547.
0058 0058 0055 0055 0053 0050 0050 0045 0045 0047 0050 0054
0060 0065 0059 0050 0034 0025 0018 0016 0019 0022 0027 0035 0066 0954 0015 1603.
0039 0041 0043 0041 0035 0033 0032 0030 0028 0028 0031 0035
0044 0047 0042 0030 0019 0007 0004 0004 0009 0016 0021 0029 0048 0938 0002 1505.
0034 0037 0032 0033 0032 0033 0036 0034 0035 0035 0042 0052
0060 0068 0067 0059 0051 0047 0047 0055 0065 0072 0084 0098 0098 2000 0029 2001.
0111 0118 0120 0124 0123 0125 0128 0129 0129 0135 0138 0144
0157 0166 0164 0153 0139 0134 0132 0133 0140 0144 0153 0159 0169 1032 0098 2001.
0166 0167 0171 0171 0165 0160 0158 0156 0153 0152 0155 0165
0172 0172 0168 0154 0138 0128 0121 0120 0124 0126 0131 0134 0173 2345 0119 1513.
0140 0141 0142 0138 0137 0133 0131 0125 0120 0116 0119 0128
0138 0143 0139 0130 0119 0109 0105 0110 0116 0122 0130 0137 0144 0943 0105 1437.
0144 0149 0151 0150 0149 0147 0148 0147 0146 0148 0154 0161
0166 0170 0170 0161 0151 0144 0142 0143 0145 0147 0153 0163 0172 1041 0137 2001.
0168 0167 0171 0171 0170 0166 0163 0162 0165 0169 0175 0181
0191 0192 0192 0180 0170 0166 0159 0159 0167 0170 0173 0181 0194 1029 0157 1515.
0186 0186 0188 0186 0186 0183 0179 0176 0169 0169 0173 0177
0179 0179 0171 0156 0137 0123 0114 0109 0110 0112 0117 0120 0189 2246 0109 1553.
0122 0125 0126 0126 0124 0126 0124 0122 0119 0121 0127 0135
0148 0156 0154 0148 0141 0133 0133 0134 0141 0145 0153 0159 0159 1955 0118 0508.
0166 0170 0172 0176 0171 0171 0166 0159 0158 0159 0160 0164
0169 0173 0169 0159 0142 0129 0120 0114 0115 0118 0121 0124 0176 2356 0113 1619.
0130 0130 0131 0128 0125 0122 0119 0115 0112 0114 0119 0121
0125 0128 0126 0117 0105 0096 0094 0100 0105 0110 0116 0119 0131 2110 0093 1420.
0124 0122 0123 0121 0120 0120 0122 0123 0121 0125 0129 0135
0145 0152 0153 0143 0128 0120 0116 0116 0122 0135 0147 0155 0155 1959 0115 1521.
0161 0167 0171 0171 0174 0181 0186 0188 0191 0196 0202 0206
0210 0213 0213 0202 0186 0168 0159 0155 0150 0151 0151 0151 0215 1021 0148 1708.
0151 0149 0144 0136 0127 0123 0120 0115 0113 0120 0127 0134
0142 0149 0147 0136 0118 0111 0110 0111 0114 0117 0121 0128 0152 2010 0109 1450.
0135 0140 0147 0147 0148 0147 0150 0151 0153 0153 0160 0169
0176 0180 0178 0169 0153 0139 0135 0134 0138 0144 0148 0151 0181 1012 0128 2001.
0153 0155 0156 0154 0153 0153 0157 0158 0161 0166 0174 0180
0188 0192 0195 0187 0172 0160 0153 0152 0152 0153 0158 0159 0195 1043 0151 2001.
0162 0160 0159 0154 0149 0144 0137 0130 0124 0122 0124 0125
0124 0123 0120 0108 0090 0076 0065 0062 0060 0063 0067 0067 0162 2053 0059 1635.
0068 0070 0070 0065 0057 0051 0044 0039 0035 0034 0036 0037
0038 0038 0031 0018 9999 9984 9975 9968 9967 9969 9975 9977 0072 2237 9966 1623.
9978 9975 9973 9969 9965 9959 9954 9953 9950 9952 9960 9966
9972 9975 9971 9963 9952 9944 9943 9948 9955 9972 9987 0002 0003 1955 9938 1430.
0011 0017 0034 0031 0030 0037 0042 0039 0045 0049 0057 0067
0076 0084 0085 0080 0068 0059 0056 0059 0058 0066 0072 0082 0087 1026 0003 2001.
0086 0092 0097 0098 0100 0097 0096 0100 0102 0104 0116 0121
0126 0128 0128 0120 0105 0092 0083 0078 0077 0078 0082 0088 0130 1031 0076 1617.
0093 0092 0090 0085 0080 0077 0069 0062 0057 0055 0055 0061
0066 0069 0063 0053 0037 0020 0013 0008 0010 0018 0027 0038 0093 2046 0007 1617.
0046 0052 0051 0056 0052 0049 0050 0054 0054 0059 0067 0077
0085 0094 0096 0091 0080 0069 0062 0061 0064 0069 0080 0091 0096 1027 0038 2001.
0092 0094 0088 0085 0081 0074 0067 0064 0057 0057 0060 0063
0066 0067 0061 0051 0035 0022 0011 0006 0004 0007 0010 0016 0095 2051 0004 1621.
0019 0021 0019 0016 0015 0016 0015 0019 0019 0020 0029 0037
0040 0043 0037 0028 0013 9999 9994 9991 9991 9993 9998 0003 0043 0952 9991 1525.
0006 0005 0004 9998 9993 9988 9985 9980 9977 9976 9978 9983
9984 9983 9979 9967 9954 9940 9931 9929 9930 9939 9945 9949 0007 2107 9929 1542=
0220 0219 0173 0173
0183 0179 0160 0197
0214 0222 0199 0243
0260 0264 0220 0222
0214 0220 0189 0200
0196 0199 0170 0194
0198 0218 0213 0265
0292 0312 0301 0327
0328 0334 0295 0302
0300 0296 0277 0306
0316 0331 0313 0332
0335 0351 0334 0350
0350 0346 0290 0289
0294 0305 0301 0329
0339 0333 0296 0292
0289 0288 0262 0286
0287 0303 0285 0323
0347 0375 0335 0320
0291 0303 0278 0296
0313 0337 0305 0319
0320 0349 0328 0328
0312 0294 0242 0235
0216 0204 0148 0142
0122 0130 0106 0166
0200 0232 0223 0247
0261 0287 0256 0254
0242 0227 0184 0203
0212 0241 0233 0256
0239 0229 0186 0181
0180 0202 0162 0168
0151 0147 0102 0111=
TB
0097 0091 0080 0066 0064 0064 0058 0052 0047 0043 0045 0051
0061 0089 0120 0152 0156 0166 0170 0162 0151 0132 0119 0109 0172 1512 0041 0629.
0096 0087 0080 0077 0070 0066 0061 0056 0056 0052 0050 0057
0063 0082 0092 0107 0116 0127 0126 0124 0121 0115 0111 0108 0128 1401 0046 0631.
0105 0102 0098 0095 0094 0092 0086 0083 0074 0069 0068 0071
0073 0099 0128 0151 0166 0180 0180 0176 0148 0134 0121 0104 0185 1445 0064 0733.
0094 0092 0086 0081 0076 0076 0075 0066 0064 0060 0052 0049
0063 0082 0099 0120 0133 0142 0148 0151 0140 0120 0108 0099 0152 1542 0048 0804.
0086 0072 0068 0064 0059 0052 0050 0044 0040 0039 0037 0034
0044 0066 0089 0110 0123 0128 0132 0130 0128 0118 0113 0111 0134 1514 0032 0743.
0106 0101 0097 0097 0094 0092 0091 0090 0088 0089 0084 0086
0089 0094 0099 0102 0105 0108 0108 0104 0102 0095 0087 0080 0111 2001 0078 1930.
0077 0072 0070 0064 0060 0057 0055 0055 0057 0057 0057 0057
0058 0059 0061 0064 0065 0066 0067 0066 0067 0067 0067 0066 0080 2001 0055 0222.
0065 0066 0064 0062 0060 0061 0060 0058 0058 0058 0057 0057
0058 0068 0076 0081 0085 0085 0082 0081 0076 0069 0065 0058 0089 1320 0055 0731.
0054 0050 0053 0051 0051 0050 0047 0047 0046 0047 0048 0047
0051 0059 0064 0071 0079 0087 0090 0086 0081 0071 0068 0065 0092 1442 0045 0414.
0062 0059 0057 0057 0058 0055 0055 0053 0052 0051 0050 0051
0054 0057 0058 0058 0056 0055 0045 0042 0040 0036 0033 0035 0065 2001 0033 1853.
0034 0032 0032 0032 0033 0034 0034 0035 0035 0036 0037 0037
0039 0046 0049 0053 0055 0059 0061 0061 0061 0058 0054 0055 0063 1441 0031 2314.
0054 0051 0042 0037 0034 0029 0026 0022 0020 0018 0018 0020
0024 0049 0075 0101 0112 0117 0120 0112 0102 0094 0088 0080 0124 1506 0015 0543.
0070 0063 0055 0051 0052 0049 0042 0033 0033 0025 0022 0019
0037 0053 0068 0087 0095 0104 0113 0108 0099 0085 0073 0057 0114 1435 0018 0739.
0053 0042 0039 0031 0023 0017 0013 0010 0008 0005 0004 0006
0017 0049 0066 0079 0091 0101 0106 0103 0096 0086 0076 0060 0109 1441 0002 0628.
0058 0052 0046 0041 0038 0034 0031 0025 0026 0030 0032 0036
0043 0052 0066 0079 0090 0097 0100 0098 0093 0086 0082 0078 0106 1454 0024 0408.
0075 0069 0065 0062 0058 0051 0053 0048 0050 0051 0052 0053
0056 0065 0078 0083 0089 0094 0098 0096 0093 0088 0087 0081 0101 1425 0048 0357.
0081 0080 0074 0064 0056 0054 0049 0042 0036 0033 0032 0031
0040 0058 0081 0108 0126 0142 0149 0151 0143 0126 0112 0098 0152 1535 0029 0721.
0091 0078 0071 0063 0057 0052 0046 0043 0040 0036 0036 0031
0038 0052 0072 0082 0094 0102 0108 0109 0100 0090 0081 0065 0111 1540 0031 0757.
0054 0049 0043 0031 0026 0021 0018 0014 0010 0012 0009 0006
0023 0046 0068 0083 0097 0115 0113 0112 0107 0102 0100 0094 0117 1406 0005 0741.
0090 0083 0078 0070 0063 0057 0049 0043 0042 0035 0029 0029
0041 0073 0101 0117 0130 0138 0140 0136 0131 0120 0107 0094 0143 1503 0027 0746.
0077 0062 0053 0046 0044 0033 0027 0026 0022 0019 0015 0013
0026 0052 0078 0095 0107 0112 0116 0114 0108 0095 0084 0068 0119 1443 0012 0802.
0062 0048 0040 0033 0029 0014 0016 0012 0013 0003 0002 0003
0022 0047 0073 0099 0110 0120 0132 0137 0127 0107 0095 0085 0137 1527 -001 0711.
0073 0067 0058 0044 0039 0036 0035 0033 0027 0020 0021 0020
0039 0060 0084 0103 0119 0141 0154 0151 0143 0125 0118 0101 0156 1505 0017 0625.
0090 0085 0074 0069 0063 0059 0056 0051 0050 0047 0045 0046
0063 0081 0106 0125 0139 0157 0164 0167 0160 0141 0133 0116 0167 1529 0043 0646.
0114 0096 0095 0088 0087 0077 0078 0068 0059 0059 0057 0057
0065 0078 0103 0124 0141 0147 0151 0151 0144 0137 0129 0120 0155 1438 0053 0713.
0111 0106 0103 0096 0087 0083 0077 0075 0075 0070 0064 0059
0073 0086 0100 0111 0121 0127 0129 0131 0127 0119 0108 0093 0132 1557 0058 0736.
0085 0077 0067 0063 0059 0049 0048 0046 0043 0040 0037 0037
0047 0065 0088 0108 0126 0142 0147 0150 0141 0126 0122 0114 0151 1536 0036 0709.
0113 0115 0110 0096 0089 0087 0088 0089 0088 0088 0089 0089
0092 0097 0104 0105 0110 0114 0117 0115 0111 0098 0092 0089 0117 1420 0087 0158.
0085 0080 0081 0078 0078 0076 0070 0073 0071 0069 0067 0065
0066 0071 0077 0086 0099 0113 0123 0128 0125 0109 0102 0095 0131 1629 0064 0742.
0086 0079 0075 0070 0067 0061 0058 0055 0054 0057 0052 0051
0055 0059 0070 0084 0113 0143 0141 0149 0141 0125 0112 0100 0151 1534 0050 0756.
0094 0087 0082 0078 0073 0071 0063 0064 0065 0063 0065 0061
0062 0068 0074 0092 0112 0141 0164 0167 0157 0155 0151 0145 0171 1511 0061 0750=
IB
=
0014 -008 -002 -004 0007 -003 0008 0011 0003 0012 0005 0003
-006 0004 0001 0002 -010 -020 -007 -005 0002 0002 0015 0022.
0022 0027 0020 0018 0027 0011 0024 0017 0010 0022 0025 0025
0020 0029 0025 0023 0018 0014 0004 -005 0002 0006 -001 0026.
0021 0026 0031 0028 0029 0042 0026 0025 0023 0028 0031 0033
0032 0030 0037 0016 0011 -018 -029 -026 0024 0023 0008 0002.
0003 0028 0022 0030 0027 0025 0034 0013 0001 0015 0022 0014
0010 0007 0013 0027 0019 0011 -013 -006 -020 -026 -026 -018.
0001 0013 0007 0011 0012 0010 0000 0000 0007 0001 0000 0003
0016 0013 0013 0007 0004 -019 -023 -010 -035 -024 -021 0008.
0012 -001 0003 0003 0011 0016 0018 0021 0010 0011 0033 0030
0037 0040 0018 0037 0005 -001 -003 -007 -003 -012 -011 -007.
0000 0009 0013 0021 0037 0037 0041 0038 0045 0047 0042 0042
0048 0044 0049 0050 0050 0043 0040 0036 0035 0037 0035 0046.
0048 0046 0050 0048 0045 0046 0042 0040 0044 0048 0042 0043
0041 0048 0044 0036 0025 0021 0011 0019 0014 0022 0031 0028.
0027 0030 0025 0028 0025 0029 0019 0021 0020 0021 0022 0021
0019 0024 0005 0001 -001 -029 -029 -039 -044 -029 -034 -029.
-022 -032 -036 -039 -044 -026 -021 -023 -010 -007 -021 -014
-013 -010 -003 -014 -020 -016 0003 0011 0007 0010 0013 0015.
0021 0009 0011 0012 0015 0013 0014 0017 0015 0016 0019 0019
0021 0016 0010 0007 0012 0012 0002 0006 0006 0002 0010 0011.
0011 0012 0014 0016 0011 0011 0013 0006 0008 0009 0009 0013
0011 0026 0018 -007 0025 -040 -046 -092 -089 -082 -078 -081.
-050 -028 -028 -037 -026 -018 -004 -011 -011 -009 -005 -008
-001 -010 -040 -045 -060 -069 -075 -061 -064 -077 -068 -072.
-063 -064 -023 -022 -030 -028 -025 -031 -026 -022 -039 -021
-017 -011 -031 -030 -041 -032 -028 -030 -020 -021 -004 -001.
0002 0004 0011 -001 0001 -001 0008 -004 -003 0001 -006 0000
0004 0010 0017 0004 -014 -020 -030 -042 -039 -027 -013 -014.
-015 -015 -016 -017 -009 -005 0009 0004 0008 0005 0004 -001
-002 0004 0008 -010 -004 -008 -016 -014 0002 -002 -001 0003.
0006 0012 0015 0015 0013 0017 0017 0021 0012 0017 0017 0013
0007 0019 0017 0019 0016 0015 0018 0016 0012 0013 0009 0012.
0018 0025 0032 0028 0020 0010 0016 0020 0015 0018 0015 0010
0012 0004 -007 -027 -038 -062 -061 -074 -068 -068 -061 -061.
-047 -036 -028 -028 -031 -026 -033 -018 -035 -020 -034 -021
-019 -014 -011 -021 -026 -038 -040 -037 -017 -015 -017 -016.
-011 -007 0008 0007 0008 0014 -005 -005 0014 0002 -006 -013
-025 0001 0002 -001 -037 -075 -080 -071 -087 -091 -101 -087.
-079 -043 -048 -039 -038 -035 -032 -039 -035 -053 -030 -026
-031 -033 -115 -123 -120 -122 -126 -121 -113 -117 -110 -087.
-081 -064 -052 -056 -055 -055 -041 -040 -036 -043 -054 -053
-052 -036 -054 -082 -073 -064 -059 -054 -044 -034 -034 -030.
-016 -012 -028 -018 -015 -014 -009 -014 -011 -013 -012 -016
-011 -003 -004 -008 -009 -019 0000 -002 0002 0006 0003 0022.
0007 0014 0015 0014 0012 0011 0017 0018 0018 0017 0014 0016
0022 0028 0017 0024 0015 0022 0009 0008 0013 0011 0025 0029.
0022 0025 0030 0032 0035 0032 0027 0031 0024 0018 0020 0018
0037 0037 0031 0014 -004 -010 -019 -019 -021 -019 -022 -008.
-001 0014 -020 0000 0002 0010 0020 0002 0011 0011 0013 0018
0018 0020 0019 -004 -021 -040 -042 -045 -053 -043 -026 -009.
-005 -010 -007 0000 -013 -009 0006 -004 -005 -004 -001 -003
0003 0002 0005 -006 -010 -018 -010 -007 0007 0016 0018 0022.
0021 0030 0033 0061 0062 0063 0062 0062 0068 0057 0070 0065
0070 0078 0073 0066 0069 0063 0068 0049 0052 0062 0068 0063.
0071 0058 0057 0056 0056 0061 0058 0062 0060 0060 0053 0048
0056 0059 0052 0059 0061 0062 0066 0062 0072 0070 0065 0071.
0064 0067 0064 0059 0058 0049 0052 0049 0044 0051 0048 0047
0051 0055 0066 0078 0062 0074 0083 0070 0079 0074 0075 0071.
0072 0075 0071 0067 0064 0059 0051 0058 0059 0053 0056 0057
0058 0064 0065 0086 0065 0079 0084 0094 0100 0101 0099 0097=
EA
067 058 060 059 064 060 065 066 062 066 063 062
058 063 062 062 057 053 058 059 062 062 068 072.
072 074 071 069 074 066 072 069 065 072 073 073
071 075 073 072 070 068 063 059 062 064 061 074.
071 073 076 075 075 083 074 073 072 075 076 078
077 076 080 069 066 054 050 050 072 072 065 062.
062 074 071 076 074 073 078 067 061 068 072 068
066 064 067 074 070 066 056 058 053 050 050 054.
061 067 064 066 067 065 061 061 064 061 061 062
069 067 067 064 063 053 052 057 047 051 052 065.
066 061 063 063 066 069 069 071 066 066 077 076
080 081 069 080 063 061 060 058 060 056 056 058.
061 065 067 071 079 080 082 080 084 085 082 082
086 084 087 087 087 083 081 079 078 079 078 085.
086 085 087 086 084 085 082 081 084 086 082 083
082 086 083 079 073 071 066 070 068 072 076 075.
074 076 073 075 073 075 070 071 070 071 071 071
070 072 063 061 061 049 049 046 044 049 047 049.
052 048 047 046 044 051 052 052 057 058 052 055
056 057 060 055 053 054 062 066 064 066 067 068.
071 065 066 067 068 067 068 069 068 069 070 070
071 069 066 064 067 067 062 064 064 062 065 066.
066 067 068 068 066 066 067 064 065 065 065 067
066 074 069 058 073 045 043 031 031 033 034 033.
042 050 050 047 050 054 059 056 056 057 059 057
060 057 045 044 039 037 035 039 038 034 037 036.
038 038 052 052 049 050 051 049 050 052 046 052
054 056 049 049 045 048 050 049 053 052 059 061.
062 063 066 061 062 061 065 059 060 061 058 061
063 065 069 063 055 053 049 045 046 050 055 055.
055 055 054 054 057 059 065 063 065 063 063 061
060 063 065 057 059 058 054 055 062 060 061 063.
064 066 068 068 067 069 069 071 066 069 069 067
064 070 069 070 069 068 069 069 067 067 065 067.
069 073 077 074 070 065 069 071 068 070 068 066
067 063 058 050 046 039 039 035 037 037 039 039.
043 047 050 050 049 050 048 053 047 053 048 052
053 055 056 053 051 046 045 047 054 055 054 054.
056 058 065 064 065 068 059 059 068 062 059 056
051 061 062 060 046 035 034 036 032 031 028 032.
034 045 043 046 046 047 048 046 047 041 049 050
049 048 025 024 024 024 023 024 026 025 026 032.
033 038 041 040 041 041 045 045 047 044 041 041
042 047 041 033 035 038 039 041 044 048 047 049.
054 056 050 054 055 055 057 055 056 056 056 054
057 060 059 058 057 053 061 060 062 064 062 072.
064 068 068 068 067 066 069 069 070 069 067 069
072 074 069 072 068 071 065 065 067 066 073 075.
071 073 076 077 079 077 074 076 072 070 070 070
079 079 076 068 059 057 053 053 052 053 052 057.
061 068 053 061 062 066 070 062 066 066 067 070
069 070 070 059 052 045 045 044 041 045 050 057.
059 057 058 061 056 057 064 059 059 059 060 060
062 062 063 058 057 053 057 058 064 069 070 071.
071 076 077 094 095 096 095 095 098 092 100 097
100 106 102 098 100 096 099 087 088 094 099 096.
101 092 092 091 091 094 092 095 094 093 089 086
091 093 088 093 094 095 097 095 101 100 097 101.
096 098 096 093 092 087 088 087 083 088 086 085
088 090 097 106 095 103 109 100 106 103 104 101.
101 103 101 098 096 093 088 092 093 089 091 091
092 096 097 112 097 106 110 118 123 123 122 120=
UB
56 50 56 61 67 62 70 75 73 80 75 71
62 55 44 36 32 28 30 32 36 41 49 55 26 1402.
60 66 66 66 74 68 77 76 72 81 84 80
74 69 63 56 51 46 43 41 44 47 46 57 40 1516.
56 59 63 63 64 71 66 67 70 75 77 77
75 62 54 40 35 26 24 25 43 47 46 49 21 1456.
53 64 64 70 71 70 75 69 64 73 81 78
69 59 55 53 46 41 33 34 33 36 39 44 31 1504.
55 66 65 69 72 74 70 73 79 76 77 80
82 69 59 49 44 36 34 38 32 37 39 49 31 1647.
52 49 52 52 56 59 60 62 58 58 70 68
70 69 57 64 50 47 46 46 48 47 50 54 43 1407.
58 64 67 74 85 87 91 89 92 93 90 90
93 90 92 91 90 85 83 81 80 81 80 87 53 2009.
89 87 91 91 90 90 88 88 91 93 90 91
89 87 80 73 66 64 61 65 65 72 79 81 58 1526.
83 87 82 85 83 86 82 83 83 83 83 83
80 78 66 61 57 44 43 41 41 49 48 51 35 1624.
55 52 51 50 48 56 58 58 64 66 60 63
62 62 65 60 58 60 74 80 79 83 87 87 47 2326.
91 85 86 87 88 86 87 88 87 87 88 88
88 81 76 72 74 72 66 68 68 67 73 73 64 1623.
74 76 82 86 85 88 91 89 92 94 94 95
91 85 67 47 55 33 31 23 25 28 30 31 22 1559.
42 52 55 53 57 62 72 73 73 78 82 82
76 64 46 39 33 29 26 30 31 31 36 39 24 1432.
43 46 64 68 68 72 76 74 78 82 73 82
78 65 50 46 39 39 39 39 44 47 57 65 35 1419.
67 71 78 74 77 78 85 81 81 81 76 77
76 74 71 59 48 44 40 37 39 45 51 52 36 1546.
53 55 56 57 62 67 73 73 74 72 71 68
66 65 61 52 52 49 45 46 53 53 54 58 44 1427.
59 62 66 71 74 77 80 86 84 89 90 88
79 76 64 54 47 42 41 40 41 46 49 55 38 1610.
60 69 76 78 77 74 81 85 84 88 86 86
83 71 57 46 39 31 30 27 30 32 36 40 26 1556.
48 54 60 65 66 71 69 79 72 79 73 82
74 65 57 48 42 34 34 35 42 44 44 46 33 1401.
49 53 61 64 68 74 68 71 82 79 78 74
62 60 50 44 31 22 21 23 21 22 22 27 20 1422.
32 47 48 54 55 61 65 62 66 59 72 75
66 54 24 20 19 18 17 18 20 21 24 32 16 1348.
35 44 51 52 54 60 66 68 70 71 66 66
58 55 40 27 27 27 26 26 30 37 40 44 24 1233.
53 57 54 64 68 70 73 71 76 79 79 77
70 64 54 46 41 33 35 35 38 44 45 58 30 1413.
56 61 66 68 70 71 76 79 80 81 80 81
75 69 54 50 43 40 35 34 37 41 48 55 32 1601.
53 61 64 68 70 73 70 77 78 75 77 76
82 75 61 47 37 34 31 31 32 34 35 41 30 1441.
46 53 42 51 55 60 67 60 64 66 70 75
68 63 57 45 37 31 30 29 28 32 39 49 26 1629.
53 54 59 64 60 66 74 70 71 73 76 75
73 64 56 45 39 33 34 34 40 47 49 53 30 1521.
53 56 59 79 83 85 84 83 87 81 88 85
86 88 81 77 76 71 72 64 67 78 85 84 51 2001.
91 86 85 86 86 90 92 93 93 94 91 89
93 92 84 83 77 71 68 64 70 77 78 85 62 1619.
86 92 93 93 94 92 96 96 93 96 97 97
97 97 97 96 71 63 68 59 66 71 78 82 55 1607.
86 92 93 93 94 92 92 96 96 93 94 97
97 97 94 96 73 66 59 62 69 70 71 73 55 1509=
N=
H=
C=
V=
R6
0000 0000 0000
0000 0000 0000
0000 0000 0000
0000 0000 0000
0000 0000 0000
0000 0000 0000
0054 0014 0068
0000 0002 0002
0001 0000 0001
0000 0012 0012
0005 0001 0006
0000 0000 0000
0000 0000 0000
0000 0000 0000
0000 0000 0000
0000 0000 0000
0000 0000 0000
0000 0000 0000
0000 0000 0000
0000 0000 0000
0000 0000 0000
0000 0000 0000
0000 0000 0000
0000 0000 0000
0000 0000 0000
0000 0000 0000
0000 0000 0000
0014 0016 0030
0013 0000 0013
0001 0000 0001
0000 0000 0000=
0000 0000 0000 0000 0000 0000 0000 0000 0000 0000 0000 0000
0000 0000 0000 0000 0000 0000 0000 0000 0000 0000 0000 0000.
0000 0000 0000 0000 0000 0000 0000 0000 0000 0000 0000 0000
0000 0000 0000 0000 0000 0000 0000 0000 0000 0000 0000 0000.
0000 0000 0000 0000 0000 0000 0000 0000 0000 0000 0000 0000
0000 0000 0000 0000 0000 0000 0000 0000 0000 0000 0000 0000.
0000 0000 0000 0000 0000 0000 0000 0000 0000 0000 0000 0000
0000 0000 0000 0000 0000 0000 0000 0000 0000 0000 0000 0000.
0000 0000 0000 0000 0000 0000 0000 0000 0000 0000 0000 0000
0000 0000 0000 0000 0000 0000 0000 0000 0000 0000 0000 0000.
0000 0000 0000 0000 0000 0000 0000 0000 0000 0000 0000 0000
0000 0000 0000 0000 0000 0000 0000 0000 0000 0000 0000 0000.
0000 0000 0000 0001 0012 0017 0018 0004 0001 0001 0000 0000
0007 0005 0001 0000 0001 0000 0000 0000 0000 0000 0000 0000.
0000 0000 0000 0000 0000 0000 0000 0000 0000 0000 0000 0000
0000 0000 0000 0000 0000 0000 0000 0000 0000 0000 0002 0000.
0000 0000 0000 0001 0000 0000 0000 0000 0000 0000 0000 0000
0000 0000 0000 0000 0000 0000 0000 0000 0000 0000 0000 0000.
0000 0000 0000 0000 0000 0000 0000 0000 0000 0000 0000 0000
0000 0000 0000 0000 0000 0000 0000 0001 0001 0001 0005 0004.
0003 0002 0000 0000 0000 0000 0000 0000 0000 0000 0000 0000
0000 0000 0000 0000 0000 0000 0000 0001 0000 0000 0000 0000.
0000 0000 0000 0000 0000 0000 0000 0000 0000 0000 0000 0000
0000 0000 0000 0000 0000 0000 0000 0000 0000 0000 0000 0000.
0000 0000 0000 0000 0000 0000 0000 0000 0000 0000 0000 0000
0000 0000 0000 0000 0000 0000 0000 0000 0000 0000 0000 0000.
0000 0000 0000 0000 0000 0000 0000 0000 0000 0000 0000 0000
0000 0000 0000 0000 0000 0000 0000 0000 0000 0000 0000 0000.
0000 0000 0000 0000 0000 0000 0000 0000 0000 0000 0000 0000
0000 0000 0000 0000 0000 0000 0000 0000 0000 0000 0000 0000.
0000 0000 0000 0000 0000 0000 0000 0000 0000 0000 0000 0000
0000 0000 0000 0000 0000 0000 0000 0000 0000 0000 0000 0000.
0000 0000 0000 0000 0000 0000 0000 0000 0000 0000 0000 0000
0000 0000 0000 0000 0000 0000 0000 0000 0000 0000 0000 0000.
0000 0000 0000 0000 0000 0000 0000 0000 0000 0000 0000 0000
0000 0000 0000 0000 0000 0000 0000 0000 0000 0000 0000 0000.
0000 0000 0000 0000 0000 0000 0000 0000 0000 0000 0000 0000
0000 0000 0000 0000 0000 0000 0000 0000 0000 0000 0000 0000.
0000 0000 0000 0000 0000 0000 0000 0000 0000 0000 0000 0000
0000 0000 0000 0000 0000 0000 0000 0000 0000 0000 0000 0000.
0000 0000 0000 0000 0000 0000 0000 0000 0000 0000 0000 0000
0000 0000 0000 0000 0000 0000 0000 0000 0000 0000 0000 0000.
0000 0000 0000 0000 0000 0000 0000 0000 0000 0000 0000 0000
0000 0000 0000 0000 0000 0000 0000 0000 0000 0000 0000 0000.
0000 0000 0000 0000 0000 0000 0000 0000 0000 0000 0000 0000
0000 0000 0000 0000 0000 0000 0000 0000 0000 0000 0000 0000.
0000 0000 0000 0000 0000 0000 0000 0000 0000 0000 0000 0000
0000 0000 0000 0000 0000 0000 0000 0000 0000 0000 0000 0000.
0000 0000 0000 0000 0000 0000 0000 0000 0000 0000 0000 0000
0000 0000 0000 0000 0000 0000 0000 0000 0000 0000 0000 0000.
0000 0000 0000 0000 0000 0000 0000 0000 0000 0000 0000 0000
0000 0000 0000 0000 0000 0000 0000 0000 0000 0000 0000 0000.
0000 0000 0000 0000 0000 0000 0000 0000 0000 0000 0000 0000
0000 0000 0000 0000 0000 0000 0000 0000 0000 0000 0000 0000.
0000 0000 0000 0007 0006 0000 0000 0000 0000 0001 0000 0000
0000 0000 0000 0000 0000 0000 0000 0000 0000 0003 0004 0009.
0013 0000 0000 0000 0000 0000 0000 0000 0000 0000 0000 0000
0000 0000 0000 0000 0000 0000 0000 0000 0000 0000 0000 0000.
0000 0000 0000 0000 0000 0000 0000 0000 0001 0000 0000 0000
0000 0000 0000 0000 0000 0000 0000 0000 0000 0000 0000 0000.
0000 0000 0000 0000 0000 0000 0000 0000 0000 0000 0000 0000
0000 0000 0000 0000 0000 0000 0000 0000 0000 0000 0000 0000=
0000 ////////// 00000=
W=
LA
=
000 002 000 000 000 000 001 001 000 001 000 000
001 000 002 000 002 002 001 002 000 001 000 001 017.
000 000 000 000 001 000 000 000 000 001 001 000
001 001 000 001 000 001 001 001 000 000 000 000 009.
001 000 000 001 000 000 000 000 000 001 000 000
001 001 001 002 000 001 003 000 001 001 000 001 015.
000 001 000 001 000 000 000 001 000 000 000 000
000 002 000 001 001 001 003 001 000 001 001 002 016.
000 001 000 000 001 000 000 001 000 001 000 001
000 001 000 001 002 002 000 002 000 000 000 000 013.
001 000 000 000 001 000 000 000 001 000 000 000
000 002 000 000 000 001 000 001 000 001 001 000 009.
001 000 000 001 002 006 004 002 000 001 001 000
002 002 001 000 001 000 000 001 000 000 001 000 026.
000 001 000 000 001 000 000 001 000 000 000 000
000 001 000 001 000 001 001 001 001 000 001 000 010.
000 000 000 002 000 000 001 000 001 000 001 000
000 000 000 000 001 002 000 001 001 002 000 002 014.
000 002 000 001 000 001 001 000 000 001 000 001
000 001 000 001 000 000 000 001 000 000 001 002 013.
001 002 000 000 001 000 001 000 000 000 000 000
000 001 000 000 002 000 000 002 000 000 000 000 010.
000 001 000 000 000 000 001 000 000 000 000 000
001 000 001 000 001 003 001 002 001 002 000 001 015.
000 000 000 001 000 001 000 001 000 000 000 000
001 000 001 001 002 001 002 002 001 001 000 001 016.
000 001 000 001 001 001 000 001 000 000 001 000
000 000 001 001 002 001 002 001 001 000 001 000 016.
000 000 001 000 000 001 000 001 000 001 001 000
001 000 000 001 002 000 002 000 001 001 000 001 014.
000 001 000 000 000 000 000 001 000 000 000 001
000 000 001 001 001 001 001 000 001 000 000 001 010.
000 000 000 001 000 000 000 001 000 001 000 000
001 000 001 002 001 001 001 001 001 000 001 000 013.
000 001 000 000 000 000 002 000 001 000 001 000
000 000 002 001 000 002 002 001 000 002 000 000 015.
000 001 001 000 000 000 001 000 000 001 001 000
001 000 001 000 002 002 000 002 000 000 000 002 015.
000 000 000 000 000 001 000 000 001 001 000 000
001 000 001 002 002 002 002 001 003 000 001 001 019.
000 000 000 001 000 001 000 000 000 001 000 001
000 001 001 002 001 002 001 003 002 000 001 000 018.
001 001 000 000 001 000 000 001 000 000 001 000
000 001 000 003 001 002 001 002 001 000 000 000 016.
000 000 001 000 000 000 001 000 000 000 001 001
000 001 001 001 001 002 002 000 001 000 000 001 014.
001 000 000 002 000 001 000 000 000 001 000 000
000 000 002 000 002 001 002 000 000 000 000 002 014.
000 001 000 000 000 001 000 000 000 000 001 000
001 000 001 001 002 001 002 000 001 000 000 001 013.
001 000 001 000 000 000 000 000 001 000 000 001
000 000 001 001 001 001 001 001 002 000 001 001 014.
000 000 001 000 000 001 000 001 000 000 001 001
000 001 000 002 001 001 002 001 001 000 001 000 015.
000 000 001 001 000 000 001 000 000 002 001 000
001 000 000 000 001 000 002 000 001 000 000 001 012.
002 001 000 000 002 000 000 001 000 001 000 000
000 000 001 000 000 001 002 000 001 000 000 001 013.
000 000 001 000 000 000 000 001 001 001 000 000
001 000 001 000 002 000 002 001 001 000 001 000 013.
000 001 000 000 001 000 000 000 000 000 000 000
000 000 000 001 000 002 001 001 001 000 000 000 008=
Z=
G=
FN
291008 311007 313010 259007 343013 334013
297006 215004 332010 322011 315013 289012
331017 316011 318012 156012 093012 139019
160020 148020 116020 082011 078013 332013.
350016 304003 254006 273010 356010 320010
303007 334009 339013 273011 329009 008005
052003 255005 288007 147007 090014 125008
169015 137015 110006 PPC002 279008 273012.
330003 322009 301003 168004 PPC000 346008
072008 314009 313006 358011 264010 300012
338010 344008 284010 271018 319014 247017
120010 163013 122030 105015 097014 061012.
036005 265009 333009 357003 337012 010010
355010 009006 305003 320007 264009 349012
PPC002 119019 078014 163014 134013 134016
126024 130010 084014 070017 061010 248004.
340018 325011 256003 006010 002009 260007
068003 339008 331006 348008 325008 204006
322005 037005 304010 075010 074007 149018
108011 233006 140007 079007 060003 244010.
251012 271009 270008 319008 153003 350010
243006 280010 289008 036005 175009 200005
111005 011007 337011 181011 105005 053007
098008 124012 112007 159014 128024 173013.
142018 127025 096016 169008 050004 275014
223010 296003 162008 PPC002 143006 123016
061003 133017 134012 090013 125007 121013
092022 140016 144010 151012 189007 198005.
PPC001 125006 194004 121006 100013 064007
087008 186007 238009 255005 060006 100012
117007 101014 094017 105016 146032 134020
125028 151024 171011 144007 319011 327008.
314008 299009 256014 295008 038007 047008
069007 030008 100005 106005 066008 097011
111013 118010 152015 338007 142023 136015
152018 176020 140024 160026 122016 100015.
086007 052011 PPC002 PPC000 175007 078005
081005 158006 094006 105006 134008 126007
128010 338003 174010 359012 049008 044013
021018 064011 050007 115011 110005 225004.
274012 268019 263018 289013 270009 262010
PPC000 082011 093009 PPC000 267007 267007
260010 200011 268011 252008 256013 226011
139007 142006 235011 252009 301010 246011.
272009 251009 269007 276009 236013 353010
236009 PPC002 262006 244008 031004 265012
272013 292011 235012 120010 158019 156026
132019 134036 142025 144017 116010 174013.
336012 321007 PPC002 354007 047004 359005
198006 PPC000 220010 341008 207006 337007
310003 337007 096014 082017 132022 105024
132017 128031 117021 108027 082015 032008.
066014 335006 261009 226008 278008 163005
276004 002004 156005 320009 073005 308005
296004 181007 091018 175018 133024 137029
156030 150025 150015 134013 109011 064010.
091008 334010 264008 224010 256005 003006
PPC000 356010 033004 PPC000 360003 084009
258004 336011 305008 108017 069015 133023
156020 159015 116015 090012 101015 108013.
092014 085013 087007 PPC002 PPC000 249004
242007 289007 PPC000 083008 101007 109010
098006 097013 167011 336005 073008 178019
162015 182018 130016 150010 141011 050005.
123007 305005 279009 215006 163006 033008
345010 275005 288005 331013 027008 010006
005009 345010 313014 090011 137007 185016
097013 157017 135015 113019 113012 180005.
015009 358007 359008 338012 032008 004007
323010 190007 156008 177006 359011 042005
319007 296007 219010 055009 121015 145027
129019 137020 105022 116027 101013 035012.
336011 324008 265009 289006 218007 006003
341011 PPC000 010006 324006 263009 321006
190007 046008 180012 257005 125018 105015
155012 061015 PPC001 272009 122010 356005.
093007 PPC001 272006 327008 258005 003011
325009 338009 360010 344015 336013 338011
344011 341008 147007 137017 115028 140023
152029 133029 153018 126019 131012 073011.
050004 346012 345015 349016 329013 321007
PPC002 347007 133004 038009 317009 283011
293011 297011 316008 064017 074014 182015
124015 119024 153018 137019 155011 049007.
330011 349010 316011 286004 237007 247005
326004 345005 249009 329007 205004 341012
356006 275010 233009 061013 115010 062010
176015 123012 102012 069011 061013 003010.
328014 309008 279007 265009 PPC002 166006
341011 337006 322006 259007 002004 341003
229007 160009 135011 080011 142013 154017
188017 140017 078013 186008 321010 336008.
258008 266008 PPC002 268004 105007 330003
320008 205009 035006 PPC001 009008 308008
161005 241007 099010 172010 148021 209009
156021 098009 073008 023005 276011 PPC002.
264013 289006 343006 345010 264012 079012
341012 335009 271004 018009 PPC001 086007
242006 325010 321006 132016 124020 131031
173018 148011 167013 132010 156008 332008.
105010 068006 PPC001 317007 004006 341014
291011 PPC001 097004 036003 183011 339008
000007 231004 102013 121012 143013 134014
110020 125020 110012 118011 108013 071011.
015007 354010 316009 274005 281010 255006
348006 323006 254005 352007 PPC002 PPC000
279006 254004 015009 266011 089006 115011
178013 111013 145016 096015 105016 078006.
213006 241006 185008 256010 233009 306010
348011 071006 PPC001 142006 PPC002 295003
PPC000 251008 223005 133012 077012 055004
159010 155012 162027 104010 163007 284008.
294004 279007 228006 317007 229005 PPC000
172006 116006 180011 042007 188008 169004
359006 132011 097010 157012 306008 145016
161010 162009 332008 330003 253010 320006.
283009 324008 314008 318008 359009 158010
187003 007003 230008 319010 331006 201005
154008 196009 119009 148014 161021 112020
119028 135025 117021 150009 101008 118004.
231006 304005 320004 269006 179006 266004
183006 014004 177004 290004 192009 063009
238006 221007 155015 146018 132021 155021
140022 158013 182008 253008 166009 238010=
313008 295007 300008 284006 342011 339012
314008 152004 334010 339012 328015 300011
331015 322010 313011 233008 080014 120020
168020 143023 115022 086011 081014 337009.
344016 285004 278005 263010 010008 341011
291008 339006 352014 263010 349009 031007
028004 229005 277008 133008 113013 158010
159013 124013 117003 061006 269008 257009.
306003 311007 294006 219007 223003 341008
055007 330008 321007 343013 267008 295011
347010 352010 282009 287016 289016 207015
163013 131016 123027 111017 097014 062014.
039006 261007 317009 008007 344009 004007
359007 345007 000007 330009 255008 351012
PPC002 129017 113016 153015 144017 113018
121024 121011 092020 067015 062012 289005.
332015 332010 267006 357008 005008 259007
031006 330007 325006 337009 321008 228005
311003 354006 301009 103010 127012 147021
085013 228008 098013 082006 069004 253008.
240012 270008 282004 316009 PPC001 317005
303006 285008 306008 009006 186010 244003
107006 001008 338016 194012 323003 023006
125008 117011 127008 154013 125020 160018.
151020 119019 107012 111012 078005 254010
268006 271005 160005 097005 134008 128014
127007 126017 138012 111014 114011 124015
107018 122017 144011 153012 197007 186003.
PPC002 107005 155003 125007 097014 082009
082007 148007 260007 286005 078004 105012
119006 101012 113015 128024 132025 141024
136028 152021 145015 171004 309010 324007.
318014 279011 265013 298009 025007 038007
044007 030007 027005 113006 089005 090010
105010 089009 125014 283008 070013 162016
165016 141018 137025 142025 117015 111014.
072007 051010 051003 PPC002 162009 079004
079007 159005 079004 122005 123007 119006
107008 005008 160007 004010 049008 027011
045015 066011 052010 104012 099010 244006.
269016 271021 270018 278014 264010 252010
PPC000 086011 064003 PPC002 289008 287007
260010 240009 236010 247008 244012 277008
133010 154012 216010 269008 292009 254009.
274010 219010 290008 297007 232011 358010
253009 330004 254008 242009 023006 255012
277013 299010 238010 104010 162023 159027
161026 128029 126025 144017 132011 167013.
309007 331007 062004 345009 026007 357007
218005 PPC002 225010 335008 219007 345008
318005 351007 019009 139015 143020 123021
140025 132029 125022 113026 088014 033008.
059012 350006 245010 226009 282009 221005
298005 330007 101003 319006 072005 309006
253003 217006 122013 139017 125022 131026
141030 139024 140019 124017 100010 064009.
095008 329006 253006 220009 264007 346007
355004 353008 060005 002003 009005 071008
257006 338010 019007 146014 127014 151021
135015 158020 128021 095011 114014 107014.
100013 090012 079007 055005 PPC000 240003
243007 276005 PPC001 109007 116007 111012
138005 075008 134010 080007 098009 167018
147015 177018 130019 139009 146012 063007.
129008 285006 286009 230007 159005 035008
345009 220004 277007 320008 083006 358009
354006 005008 329012 214009 156012 156014
115015 137015 128013 113022 122011 192004.
004007 345007 348009 340011 035006 357006
334010 212006 136008 129005 358009 086004
319008 317010 273008 105015 131016 139030
133021 125021 113014 114021 106012 040009.
352007 307009 255009 322008 216008 001005
338012 PPC001 351005 282007 250009 312007
211008 350006 181010 219008 139018 095014
143014 087014 PPC000 254011 111010 019004.
074009 347006 265007 325007 248005 008010
333009 356009 352013 330010 348010 337011
341011 355008 138012 111013 132025 128027
159031 138031 146020 138017 127012 081012.
060003 350012 353014 347013 327013 324007
220007 337005 326004 010007 325009 275012
297009 278010 284012 085018 132015 124016
107015 121023 165027 131020 141009 052006.
319010 354011 323010 286005 235008 244005
319005 343003 253010 339007 212006 341009
004006 202011 236010 123013 131014 086012
118015 132013 091013 067011 062013 012010.
327014 292010 266008 263008 PPC000 194005
359010 014007 286009 260006 359006 348003
233007 143010 123012 110012 115016 146017
160016 115017 070014 255006 305009 329009.
281006 273010 PPC001 245004 067004 346005
311007 219008 084005 232003 355006 335007
208006 266007 157008 215009 149015 180011
150018 113013 106009 035006 280009 335007.
266013 314008 350010 002006 280011 086011
326012 328005 331008 010010 323003 102009
239007 318008 331009 134013 120020 134029
152015 154012 160014 134010 165007 330008.
121007 045007 131004 311007 017007 331013
270011 PPC001 055005 353006 194007 296006
344006 211007 135011 126018 162013 133016
139020 115015 108013 112011 110012 065011.
352008 342010 317007 267006 293010 241005
359007 335006 276006 357003 PPC001 053004
266005 262005 353007 279012 110011 126014
136017 117016 143018 087014 111017 067008.
241005 237007 184008 252007 244008 305011
347012 011006 PPC001 120006 176006 340004
PPC001 219006 079006 129011 088011 100006
143009 155013 155021 122008 112007 260010.
303008 304011 229006 298006 221005 245004
165007 107005 174009 049007 193006 184005
012006 099010 130010 192009 295010 145014
116012 154009 315008 328004 248008 299007.
306008 276008 294008 322008 020008 153012
PPC002 PPC002 254006 266009 303006 232006
119006 181010 041008 121016 160020 125021
129023 127024 121020 146010 108009 109003.
226003 280003 303004 271006 217003 254006
182005 335004 026004 PPC002 227006 124009
209008 197005 160008 136019 104020 159020
148017 216014 171008 253007 178009 250009=
028148 1413 039116 1405
017335 2050 023354 2111
038107 1620 051094 1611
030132 1527 038125 1524
021151 1338 030136 1357
025133 1830 034133 1828
023153 2107 034164 2105
036157 1328 048162 1346
036131 1724 049128 1721
019068 0627 030074 1456
022275 2218 033283 2049
035167 1532 050181 1524
032133 1604 047159 1417
032142 1505 041128 1414
023161 1612 032136 1416
020171 1546 030164 1539
025110 1753 035119 1753
031159 1348 046162 1428
019155 1256 027153 1311
038133 1411 055113 1404
028158 1649 040130 1643
027099 1627 037091 1623
021125 1534 029125 1325
020119 1538 029116 1533
030132 1352 044130 1351
022121 1509 031159 1532
022106 1852 029105 1853
024155 1705 033153 1711
015139 1425 026332 2149
028132 1438 037102 1406
025130 1444 031147 1416=
DB
0031 0021 0016 0005 0004 0001 -005 -012 -012 -013 -010 0000
0077 0158 0221 0272 0287 0282 0253 0198 0131 0081 0061 0049 0293 1335 -016 0717.
0047 0033 0025 0024 0019 0018 0012 0006 0010 0002 0008 0035
0057 0108 0129 0158 0174 0185 0163 0140 0112 0092 0084 0080 0185 1352 0000 0631.
0078 0075 0073 0070 0068 0060 0052 0048 0026 0020 0019 0043
0072 0146 0192 0234 0264 0294 0263 0213 0136 0095 0072 0053 0294 1400 0017 0546.
0040 0039 0039 0040 0035 0046 0044 0032 0029 0015 0001 0010
0066 0125 0177 0227 0239 0238 0218 0180 0119 0069 0049 0037 0247 1309 0000 0703.
0032 0019 0010 0010 0006 -004 -005 -009 -012 -014 -016 -010
0051 0115 0174 0210 0228 0210 0164 0145 0112 0094 0088 0085 0239 1326 -017 0730.
0082 0078 0075 0075 0073 0073 0072 0070 0070 0070 0065 0066
0075 0104 0103 0115 0117 0123 0111 0094 0087 0069 0069 0062 0130 1343 0057 1914.
0059 0061 0059 0055 0057 0060 0059 0060 0060 0061 0062 0059
0063 0066 0074 0086 0088 0092 0087 0074 0068 0063 0062 0060 0093 1339 0053 0013.
0059 0058 0057 0055 0052 0056 0054 0052 0051 0052 0050 0053
0066 0091 0116 0134 0148 0129 0106 0085 0072 0066 0062 0048 0157 1335 0048 1958.
0031 0024 0041 0044 0045 0044 0043 0040 0041 0041 0041 0042
0053 0081 0108 0124 0143 0161 0138 0104 0075 0058 0054 0051 0163 1403 0024 2152.
0050 0048 0047 0047 0045 0045 0044 0044 0044 0042 0042 0043
0052 0057 0059 0062 0059 0057 0047 0047 0043 0040 0039 0040 0067 1125 0038 1855.
0039 0035 0033 0033 0034 0033 0034 0034 0036 0036 0036 0036
0044 0065 0065 0079 0082 0093 0093 0079 0066 0053 0042 0043 0097 1441 0033 2246.
0043 0030 0015 0006 0008 0002 -007 -005 -005 -008 -007 -004
0016 0093 0149 0188 0199 0193 0183 0143 0093 0068 0051 0032 0199 1300 -008 0546.
0035 0032 0026 0015 0027 0029 0017 -002 -007 -010 -013 -010
0043 0088 0132 0187 0201 0204 0189 0145 0092 0050 0030 0012 0214 1335 -017 0735.
0007 -003 -010 -016 -020 -025 -029 -032 -030 -030 -031 -024
0016 0096 0149 0190 0210 0211 0186 0148 0095 0053 0033 0020 0223 1340 -033 0422.
0013 0011 0006 0001 0004 0000 -001 -008 0005 0016 0023 0030
0059 0098 0133 0170 0181 0192 0157 0129 0095 0068 0066 0056 0209 1318 -009 0352.
0056 0047 0045 0045 0033 0021 0035 0032 0039 0036 0040 0043
0065 0095 0151 0135 0154 0172 0156 0118 0097 0078 0074 0066 0193 1417 0019 0120.
0066 0063 0055 0029 0016 0012 0005 -002 -006 -009 -015 -004
0044 0108 0169 0221 0252 0266 0242 0197 0135 0090 0063 0044 0269 1406 -015 0654.
0036 0028 0022 0017 0009 0003 -002 -005 -007 -010 -011 -008
0034 0092 0144 0174 0194 0189 0181 0144 0095 0054 0033 0017 0202 1335 -014 0724.
0007 0000 -012 -018 -025 -028 -029 -033 -037 -038 -041 -031
0029 0095 0152 0203 0204 0227 0157 0127 0102 0083 0076 0070 0230 1354 -041 0649.
0065 0052 0046 0024 0020 0016 -009 -008 -009 -016 -022 -013
0047 0156 0222 0186 0254 0270 0244 0186 0137 0075 0043 0031 0277 1129 -023 0701.
0018 0006 0000 -007 -011 -021 -029 -030 -036 -035 -043 -031
0046 0127 0192 0235 0255 0258 0239 0182 0115 0057 0027 0011 0263 1334 -045 0727.
0001 -006 -010 -021 -028 -032 -036 -039 -042 -043 -049 -035
0046 0129 0197 0236 0268 0265 0247 0200 0131 0065 0043 0031 0268 1259 -050 0707.
0024 0012 0004 -007 -012 -017 -016 -018 -023 -028 -030 -017
0057 0131 0192 0237 0271 0281 0263 0209 0147 0080 0060 0047 0289 1408 -030 0640.
0035 0031 0029 0026 0015 0008 0005 -001 -003 -003 0000 0006
0068 0137 0194 0238 0257 0269 0248 0209 0153 0090 0067 0059 0271 1355 -005 0552.
0048 0042 0058 0040 0029 0023 0024 0013 0010 0009 0000 0011
0069 0132 0191 0231 0243 0235 0199 0174 0129 0104 0088 0081 0252 1323 -002 0719.
0074 0070 0061 0055 0049 0039 0039 0040 0041 0027 0021 0023
0083 0130 0159 0175 0205 0197 0183 0166 0122 0083 0060 0047 0233 1309 0007 0733.
0042 0027 0019 0016 0011 0003 0002 0005 -001 -005 -009 0001
0058 0122 0177 0230 0258 0269 0233 0201 0143 0094 0104 0098 0273 1403 -009 0647.
0094 0095 0094 0086 0084 0082 0082 0082 0081 0079 0079 0081
0091 0104 0120 0127 0130 0134 0136 0110 0096 0088 0084 0082 0146 1410 0078 0636.
0082 0077 0078 0076 0076 0069 0053 0066 0054 0058 0055 0049
0071 0087 0115 0142 0186 0206 0202 0175 0136 0095 0072 0061 0209 1344 0045 0532.
0052 0042 0035 0029 0026 0036 0052 0055 0055 0060 0060 0062
0079 0103 0147 0208 0250 0274 0245 0216 0160 0107 0083 0069 0275 1401 0020 0130.
0057 0050 0045 0039 0034 0031 0039 0061 0066 0068 0069 0070
0082 0104 0142 0215 0251 0278 0275 0235 0184 0152 0140 0119 0280 1346 0031 0139=
0086 0079 0072 0066 0061 0057 0053 0050 0046 0044 0041 0040
0042 0055 0076 0099 0119 0133 0139 0138 0130 0118 0106 0096.
0089 0083 0078 0073 0069 0066 0063 0059 0056 0054 0051 0052
0055 0064 0075 0085 0096 0105 0110 0110 0107 0102 0097 0093.
0091 0088 0087 0085 0084 0082 0080 0077 0074 0068 0065 0063
0065 0073 0089 0106 0124 0137 0145 0145 0138 0126 0114 0104.
0096 0089 0084 0080 0078 0076 0075 0074 0071 0067 0063 0058
0058 0068 0083 0100 0116 0127 0132 0131 0125 0114 0103 0093.
0086 0080 0074 0068 0064 0060 0056 0053 0050 0047 0045 0042
0044 0055 0071 0089 0106 0118 0119 0115 0111 0105 0100 0097.
0094 0092 0090 0088 0087 0086 0085 0084 0084 0083 0082 0082
0082 0084 0089 0093 0095 0098 0100 0098 0095 0092 0089 0086.
0083 0082 0080 0079 0078 0078 0077 0076 0075 0075 0075 0075
0074 0075 0076 0079 0083 0086 0088 0086 0083 0081 0078 0077.
0075 0074 0073 0072 0071 0070 0070 0069 0068 0068 0067 0067
0068 0072 0082 0092 0102 0109 0106 0101 0094 0088 0084 0080.
0073 0066 0063 0064 0064 0064 0064 0063 0062 0061 0060 0060
0061 0066 0076 0085 0095 0104 0109 0107 0098 0088 0081 0077.
0074 0072 0070 0068 0067 0066 0065 0064 0063 0063 0062 0061
0061 0064 0065 0068 0068 0068 0067 0065 0064 0062 0061 0060.
0059 0058 0056 0055 0054 0054 0053 0053 0053 0053 0053 0053
0053 0057 0062 0065 0069 0074 0078 0079 0077 0073 0068 0064.
0062 0061 0055 0049 0044 0042 0038 0035 0033 0031 0030 0029
0028 0037 0058 0082 0100 0110 0114 0113 0105 0094 0084 0075.
0069 0065 0061 0057 0054 0053 0052 0047 0042 0038 0034 0031
0035 0046 0059 0077 0095 0108 0114 0113 0105 0093 0080 0070.
0062 0055 0049 0043 0038 0034 0030 0026 0024 0022 0020 0018
0018 0029 0049 0069 0089 0102 0110 0109 0102 0091 0080 0070.
0063 0057 0053 0049 0045 0043 0040 0038 0036 0037 0040 0042
0045 0053 0065 0080 0093 0103 0109 0109 0102 0093 0086 0081.
0076 0073 0070 0067 0065 0061 0058 0057 0057 0058 0057 0058
0059 0065 0073 0085 0091 0099 0107 0105 0099 0094 0088 0084.
0082 0079 0077 0073 0066 0060 0056 0051 0047 0043 0040 0037
0038 0049 0066 0086 0106 0122 0131 0133 0127 0115 0104 0093.
0084 0077 0071 0066 0062 0057 0053 0049 0046 0043 0040 0038
0039 0047 0061 0077 0091 0102 0107 0108 0102 0092 0082 0072.
0065 0058 0053 0047 0042 0037 0033 0030 0027 0024 0021 0019
0021 0033 0051 0070 0089 0103 0108 0105 0099 0092 0087 0083.
0080 0076 0073 0068 0063 0058 0053 0047 0043 0040 0037 0033
0034 0048 0070 0095 0109 0123 0130 0130 0123 0111 0097 0086.
0077 0069 0062 0057 0052 0046 0042 0037 0034 0031 0027 0024
0026 0039 0059 0081 0100 0114 0122 0123 0115 0102 0089 0077.
0068 0060 0054 0049 0044 0039 0034 0031 0027 0024 0021 0018
0021 0035 0056 0079 0100 0116 0124 0126 0119 0108 0094 0083.
0075 0069 0063 0057 0051 0046 0043 0040 0037 0034 0031 0029
0031 0044 0063 0085 0105 0122 0132 0134 0128 0116 0103 0092.
0084 0078 0073 0069 0065 0060 0056 0053 0050 0047 0045 0043
0045 0057 0074 0093 0111 0125 0134 0135 0130 0120 0108 0098.
0091 0085 0080 0078 0074 0070 0066 0063 0059 0056 0053 0050
0051 0062 0078 0096 0113 0124 0129 0128 0123 0115 0107 0101.
0096 0092 0089 0085 0082 0078 0074 0072 0071 0069 0065 0061
0062 0071 0082 0096 0106 0116 0120 0119 0116 0108 0099 0091.
0084 0079 0073 0069 0064 0060 0056 0053 0051 0049 0046 0044
0046 0056 0072 0091 0109 0122 0130 0134 0128 0118 0110 0106.
0102 0100 0099 0097 0096 0095 0093 0092 0092 0091 0090 0089
0090 0093 0096 0101 0105 0108 0112 0111 0107 0102 0099 0097.
0094 0093 0091 0090 0088 0087 0084 0081 0081 0076 0076 0074
0074 0079 0086 0098 0111 0126 0136 0138 0133 0123 0111 0100.
0093 0086 0079 0074 0069 0065 0067 0069 0071 0072 0073 0073
0075 0081 0090 0105 0126 0145 0154 0155 0148 0136 0123 0112.
0103 0095 0088 0083 0079 0074 0071 0073 0076 0078 0080 0080
0082 0086 0093 0106 0128 0145 0156 0161 0156 0148 0141 0134=
0096 0091 0087 0083 0079 0075 0072 0069 0066 0063 0061 0059
0058 0059 0065 0075 0086 0098 0107 0113 0115 0113 0109 0104.
0099 0095 0091 0087 0084 0081 0078 0076 0073 0071 0069 0067
0067 0068 0072 0077 0083 0088 0094 0097 0099 0099 0097 0096.
0094 0093 0091 0090 0089 0088 0087 0086 0084 0082 0079 0077
0076 0076 0080 0087 0096 0106 0115 0120 0123 0121 0117 0112.
0107 0102 0098 0094 0092 0089 0088 0086 0084 0082 0080 0077
0075 0074 0078 0085 0093 0102 0109 0114 0115 0114 0109 0104.
0100 0095 0091 0087 0083 0080 0077 0074 0071 0068 0066 0064
0062 0063 0067 0075 0084 0093 0100 0103 0104 0103 0101 0099.
0098 0096 0095 0094 0093 0092 0091 0090 0090 0089 0088 0088
0088 0088 0089 0091 0093 0094 0096 0097 0097 0096 0095 0093.
0091 0090 0089 0088 0087 0086 0085 0084 0084 0083 0083 0082
0082 0082 0082 0083 0084 0086 0088 0088 0088 0087 0086 0084.
0083 0083 0082 0081 0080 0079 0079 0078 0078 0077 0076 0076
0075 0076 0078 0083 0088 0093 0097 0098 0096 0094 0091 0089.
0086 0083 0079 0077 0076 0075 0075 0074 0073 0072 0072 0071
0071 0071 0074 0078 0083 0089 0094 0097 0097 0094 0091 0087.
0085 0083 0081 0079 0078 0077 0076 0075 0074 0073 0072 0072
0071 0071 0072 0073 0073 0074 0074 0073 0073 0072 0071 0070.
0069 0069 0068 0067 0066 0065 0065 0064 0064 0063 0063 0063
0063 0063 0065 0067 0069 0071 0074 0076 0077 0077 0075 0073.
0072 0070 0069 0066 0063 0060 0057 0055 0053 0051 0049 0048
0046 0046 0051 0061 0072 0082 0089 0094 0095 0093 0090 0085.
0081 0077 0074 0072 0069 0067 0066 0064 0061 0058 0055 0052
0050 0052 0056 0063 0072 0082 0090 0095 0096 0094 0090 0084.
0079 0074 0069 0065 0061 0057 0054 0051 0048 0046 0043 0041
0040 0040 0045 0054 0064 0074 0083 0089 0091 0090 0086 0082.
0077 0073 0069 0066 0063 0060 0058 0056 0054 0052 0052 0053
0053 0055 0060 0066 0073 0081 0088 0092 0093 0092 0089 0086.
0083 0081 0079 0077 0075 0073 0071 0069 0068 0067 0067 0066
0066 0067 0070 0075 0080 0084 0089 0093 0094 0093 0091 0089.
0087 0085 0084 0082 0079 0076 0073 0069 0066 0063 0060 0058
0056 0056 0060 0068 0078 0089 0099 0106 0110 0109 0105 0100.
0095 0090 0086 0082 0078 0075 0072 0069 0066 0063 0061 0058
0056 0057 0060 0066 0074 0082 0088 0093 0095 0093 0090 0085.
0080 0076 0072 0068 0064 0060 0057 0054 0051 0048 0046 0043
0042 0043 0048 0056 0066 0076 0084 0089 0090 0089 0087 0086.
0084 0082 0080 0078 0075 0072 0069 0066 0062 0059 0057 0054
0052 0053 0059 0069 0080 0090 0099 0105 0108 0106 0102 0096.
0090 0085 0080 0076 0072 0068 0064 0061 0057 0054 0051 0049
0046 0047 0053 0062 0073 0084 0093 0099 0102 0100 0095 0090.
0084 0079 0074 0070 0066 0062 0058 0055 0052 0049 0046 0043
0041 0043 0049 0058 0070 0082 0092 0099 0102 0102 0098 0092.
0087 0082 0078 0074 0070 0067 0063 0060 0057 0055 0052 0050
0048 0050 0055 0064 0075 0087 0097 0105 0108 0108 0104 0099.
0094 0089 0085 0082 0079 0076 0073 0070 0067 0065 0063 0061
0059 0060 0065 0073 0083 0094 0103 0109 0112 0112 0108 0103.
0099 0095 0091 0088 0086 0083 0080 0078 0075 0072 0070 0067
0066 0066 0071 0078 0087 0097 0104 0108 0110 0109 0107 0103.
0101 0098 0096 0093 0091 0088 0086 0084 0082 0080 0079 0076
0074 0075 0078 0083 0090 0096 0102 0105 0106 0106 0103 0099.
0095 0092 0088 0084 0081 0078 0075 0072 0070 0067 0065 0063
0061 0062 0067 0074 0084 0094 0102 0109 0112 0111 0108 0106.
0103 0102 0100 0099 0098 0097 0096 0096 0095 0094 0094 0093
0093 0093 0094 0096 0099 0101 0103 0105 0105 0104 0102 0100.
0099 0098 0096 0095 0094 0093 0092 0090 0089 0087 0086 0084
0083 0083 0085 0089 0094 0102 0110 0116 0119 0118 0114 0110.
0104 0100 0095 0091 0087 0084 0081 0081 0081 0081 0081 0081
0081 0082 0085 0090 0099 0110 0120 0127 0129 0128 0124 0119.
0113 0108 0103 0099 0095 0091 0088 0086 0086 0086 0086 0087
0087 0088 0090 0094 0102 0112 0122 0130 0134 0135 0133 0130=
0099 0096 0094 0091 0088 0086 0083 0081 0078 0076 0074 0072
0071 0070 0071 0074 0079 0086 0093 0099 0103 0105 0105 0104.
0102 0100 0097 0095 0093 0090 0088 0086 0084 0082 0080 0079
0078 0077 0078 0079 0082 0086 0089 0092 0095 0096 0097 0097.
0096 0095 0095 0094 0094 0093 0092 0091 0090 0089 0088 0086
0085 0084 0084 0087 0091 0096 0102 0107 0112 0113 0113 0112.
0110 0107 0104 0102 0100 0098 0096 0094 0093 0092 0090 0088
0086 0085 0085 0087 0090 0095 0100 0105 0108 0109 0109 0107.
0105 0102 0100 0097 0094 0092 0089 0087 0085 0082 0080 0078
0076 0075 0075 0078 0082 0087 0092 0096 0099 0100 0101 0100.
0100 0099 0098 0098 0097 0096 0096 0095 0095 0094 0094 0093
0093 0093 0093 0093 0094 0095 0097 0098 0098 0098 0098 0097.
0096 0096 0095 0094 0093 0092 0092 0091 0090 0090 0089 0089
0089 0088 0088 0088 0088 0089 0090 0091 0091 0091 0091 0090.
0090 0089 0088 0088 0087 0087 0086 0085 0085 0084 0084 0084
0083 0083 0083 0085 0087 0090 0094 0095 0096 0096 0095 0094.
0093 0091 0089 0087 0085 0084 0083 0083 0082 0081 0080 0080
0079 0079 0079 0081 0083 0086 0090 0093 0095 0095 0094 0093.
0091 0090 0088 0087 0086 0085 0084 0083 0082 0082 0081 0080
0079 0079 0079 0079 0079 0080 0080 0080 0080 0079 0079 0078.
0077 0077 0076 0076 0075 0074 0074 0073 0073 0072 0072 0071
0071 0071 0071 0072 0073 0074 0076 0078 0079 0080 0080 0079.
0078 0077 0077 0075 0074 0072 0070 0068 0066 0064 0063 0061
0060 0059 0059 0062 0067 0074 0080 0085 0088 0090 0090 0088.
0086 0084 0082 0081 0078 0077 0075 0074 0072 0070 0068 0066
0064 0063 0064 0066 0070 0075 0081 0086 0089 0091 0091 0089.
0086 0083 0080 0077 0075 0072 0069 0066 0064 0062 0059 0058
0056 0054 0055 0057 0062 0068 0074 0080 0084 0086 0086 0085.
0083 0080 0078 0076 0074 0072 0070 0068 0066 0065 0064 0063
0063 0063 0064 0067 0071 0075 0080 0084 0087 0089 0089 0088.
0087 0085 0084 0083 0082 0080 0079 0077 0076 0075 0075 0074
0074 0073 0074 0076 0078 0081 0084 0088 0090 0091 0091 0090.
0090 0089 0088 0087 0086 0084 0082 0080 0077 0075 0073 0071
0069 0068 0068 0070 0075 0080 0087 0093 0098 0101 0101 0100.
0098 0096 0093 0090 0088 0085 0083 0080 0078 0076 0074 0072
0070 0068 0069 0070 0074 0078 0082 0087 0090 0091 0091 0090.
0087 0085 0082 0080 0077 0074 0071 0069 0066 0064 0062 0060
0058 0056 0057 0059 0064 0070 0076 0081 0084 0086 0086 0086.
0086 0085 0084 0083 0082 0080 0078 0076 0074 0072 0070 0067
0065 0064 0065 0068 0074 0080 0086 0092 0097 0099 0099 0097.
0095 0092 0089 0086 0083 0080 0077 0074 0072 0069 0067 0064
0062 0061 0061 0064 0069 0075 0082 0088 0092 0094 0094 0093.
0090 0087 0084 0081 0078 0075 0072 0070 0067 0064 0062 0060
0058 0056 0057 0060 0066 0072 0079 0086 0091 0094 0094 0093.
0091 0088 0086 0083 0081 0078 0075 0073 0071 0068 0066 0064
0062 0061 0062 0065 0070 0077 0084 0090 0096 0099 0099 0098.
0096 0094 0091 0089 0087 0085 0083 0080 0078 0076 0074 0073
0071 0070 0071 0074 0078 0084 0090 0096 0100 0103 0104 0103.
0101 0099 0096 0094 0092 0090 0088 0087 0085 0083 0081 0079
0077 0076 0076 0079 0083 0088 0093 0098 0101 0103 0104 0103.
0102 0100 0099 0098 0096 0095 0093 0091 0090 0088 0087 0086
0084 0083 0083 0085 0088 0091 0095 0098 0101 0102 0102 0101.
0099 0097 0095 0093 0090 0088 0086 0084 0082 0080 0078 0076
0074 0073 0073 0076 0080 0086 0092 0097 0101 0104 0105 0104.
0103 0102 0102 0101 0100 0100 0099 0099 0098 0098 0097 0097
0096 0096 0096 0097 0098 0100 0101 0102 0103 0104 0103 0103.
0102 0101 0100 0099 0099 0098 0097 0096 0095 0094 0093 0092
0091 0090 0090 0091 0093 0096 0101 0106 0110 0112 0112 0111.
0108 0106 0103 0100 0097 0095 0092 0090 0090 0089 0088 0088
0088 0088 0088 0090 0094 0099 0106 0112 0116 0119 0119 0118.
0115 0113 0109 0107 0104 0101 0098 0096 0095 0094 0093 0093
0093 0093 0093 0095 0098 0103 0109 0115 0120 0123 0125 0125=
0095 0094 0093 0092 0091 0089 0088 0086 0085 0083 0081 0080
0078 0077 0076 0077 0078 0081 0085 0089 0093 0096 0098 0099.
0099 0098 0097 0096 0095 0093 0092 0091 0089 0088 0087 0085
0084 0083 0083 0083 0083 0085 0087 0089 0091 0092 0093 0094.
0094 0094 0094 0094 0094 0094 0093 0093 0092 0092 0091 0090
0089 0088 0088 0088 0089 0091 0094 0098 0101 0104 0106 0107.
0106 0106 0105 0103 0102 0100 0099 0098 0097 0096 0095 0093
0092 0091 0090 0090 0091 0092 0095 0098 0100 0103 0104 0104.
0104 0103 0102 0100 0099 0097 0095 0094 0092 0090 0088 0087
0085 0084 0083 0083 0084 0086 0088 0091 0094 0096 0097 0098.
0098 0098 0098 0098 0097 0097 0097 0096 0096 0096 0095 0095
0095 0095 0094 0094 0095 0095 0096 0097 0097 0098 0098 0098.
0097 0097 0096 0096 0095 0095 0094 0094 0093 0093 0093 0092
0092 0092 0091 0091 0091 0091 0091 0092 0092 0092 0092 0092.
0092 0092 0091 0091 0090 0090 0089 0089 0089 0088 0088 0087
0087 0086 0086 0086 0087 0088 0090 0092 0093 0094 0094 0094.
0094 0093 0092 0091 0090 0089 0088 0087 0087 0086 0085 0085
0084 0084 0083 0084 0084 0086 0087 0089 0091 0093 0093 0093.
0093 0092 0091 0090 0089 0089 0088 0087 0087 0086 0085 0085
0084 0084 0083 0083 0083 0083 0083 0083 0083 0083 0083 0082.
0082 0081 0081 0080 0080 0079 0079 0078 0078 0078 0077 0077
0076 0076 0076 0076 0076 0077 0078 0078 0079 0080 0081 0081.
0081 0080 0080 0080 0079 0078 0076 0075 0074 0073 0071 0070
0069 0068 0067 0067 0069 0071 0075 0078 0081 0084 0085 0086.
0086 0085 0084 0084 0082 0081 0080 0079 0078 0077 0076 0074
0073 0072 0071 0071 0072 0074 0077 0080 0083 0085 0087 0087.
0087 0086 0084 0082 0081 0079 0077 0075 0073 0072 0070 0068
0067 0065 0064 0064 0065 0068 0071 0074 0078 0080 0082 0083.
0083 0082 0081 0080 0079 0077 0076 0075 0073 0072 0071 0070
0069 0069 0069 0070 0071 0073 0076 0078 0081 0083 0085 0085.
0085 0085 0085 0084 0084 0083 0082 0081 0080 0079 0079 0078
0078 0077 0077 0078 0078 0080 0081 0083 0085 0087 0088 0088.
0088 0088 0088 0088 0087 0086 0085 0084 0083 0081 0080 0078
0077 0075 0074 0074 0075 0078 0081 0085 0088 0092 0094 0095.
0095 0094 0093 0092 0091 0089 0088 0086 0084 0083 0081 0080
0078 0077 0076 0075 0076 0077 0080 0082 0085 0087 0088 0088.
0088 0087 0086 0084 0083 0081 0079 0077 0075 0074 0072 0070
0068 0067 0066 0066 0067 0069 0072 0076 0079 0081 0083 0083.
0084 0084 0084 0084 0083 0082 0082 0081 0079 0078 0076 0075
0073 0072 0071 0071 0073 0076 0079 0083 0087 0090 0092 0093.
0092 0092 0090 0089 0087 0085 0083 0081 0080 0078 0076 0074
0072 0070 0069 0069 0071 0073 0076 0080 0084 0086 0088 0089.
0089 0088 0087 0085 0083 0081 0080 0078 0076 0074 0072 0070
0068 0067 0066 0066 0067 0070 0074 0078 0082 0085 0087 0088.
0088 0088 0087 0086 0084 0083 0081 0079 0078 0076 0074 0073
0071 0070 0069 0069 0071 0073 0077 0081 0085 0089 0091 0092.
0092 0092 0091 0090 0089 0088 0086 0085 0083 0082 0080 0079
0078 0077 0076 0076 0077 0080 0083 0087 0090 0093 0096 0097.
0097 0096 0096 0095 0093 0092 0091 0090 0089 0087 0086 0085
0083 0082 0081 0081 0082 0084 0087 0090 0093 0095 0097 0098.
0098 0098 0098 0097 0096 0095 0095 0093 0092 0091 0091 0090
0088 0087 0086 0086 0087 0089 0091 0093 0095 0097 0098 0098.
0098 0097 0096 0095 0094 0092 0091 0089 0088 0086 0085 0083
0082 0080 0079 0080 0081 0083 0086 0089 0093 0095 0097 0099.
0099 0099 0099 0099 0099 0098 0098 0098 0098 0097 0097 0097
0097 0096 0096 0096 0097 0097 0098 0099 0100 0100 0101 0101.
0101 0100 0100 0099 0099 0099 0098 0098 0097 0096 0095 0095
0094 0093 0092 0092 0093 0094 0096 0099 0101 0104 0105 0106.
0106 0105 0104 0102 0101 0099 0097 0095 0094 0093 0092 0092
0091 0091 0091 0091 0092 0094 0097 0101 0105 0108 0110 0111.
0111 0110 0109 0107 0106 0104 0102 0101 0099 0098 0097 0096
0096 0096 0095 0096 0096 0098 0101 0104 0108 0112 0114 0116=
0094 0094 0094 0095 0095 0095 0095 0095 0095 0095 0095 0095
0095 0095 0094 0094 0094 0094 0094 0094 0094 0095 0095 0095.
0096 0096 0096 0097 0097 0097 0097 0097 0097 0097 0097 0097
0097 0097 0096 0096 0096 0096 0096 0096 0096 0097 0097 0097.
0098 0098 0098 0098 0099 0099 0099 0099 0099 0099 0099 0099
0099 0099 0099 0099 0099 0099 0100 0100 0100 0100 0101 0101.
0101 0102 0102 0102 0102 0103 0103 0102 0103 0103 0102 0102
0102 0102 0102 0102 0102 0102 0102 0102 0102 0102 0102 0102.
0103 0103 0103 0103 0103 0103 0103 0103 0103 0102 0102 0102
0102 0101 0101 0101 0101 0100 0100 0100 0100 0100 0101 0101.
0101 0101 0101 0102 0102 0102 0102 0102 0102 0102 0102 0102
0102 0102 0102 0102 0103 0103 0103 0103 0103 0103 0103 0103.
0103 0104 0104 0104 0104 0104 0104 0104 0104 0104 0104 0104
0104 0104 0103 0103 0103 0103 0103 0103 0103 0103 0103 0103.
0103 0103 0103 0103 0103 0103 0103 0103 0103 0103 0103 0103
0103 0103 0103 0102 0102 0102 0102 0103 0103 0103 0103 0103.
0103 0104 0104 0104 0104 0104 0104 0104 0103 0103 0103 0103
0103 0103 0103 0103 0102 0102 0102 0102 0102 0103 0103 0103.
0103 0103 0103 0103 0103 0103 0103 0103 0103 0103 0103 0103
0103 0103 0102 0102 0102 0102 0102 0102 0102 0102 0102 0102.
0101 0101 0101 0101 0101 0101 0101 0101 0100 0100 0100 0100
0100 0099 0099 0099 0099 0099 0099 0099 0099 0099 0099 0099.
0099 0099 0099 0099 0099 0099 0099 0099 0098 0098 0098 0098
0097 0097 0097 0097 0096 0096 0096 0096 0096 0096 0096 0096.
0097 0097 0097 0097 0097 0097 0097 0097 0097 0097 0097 0097
0097 0096 0096 0096 0096 0096 0095 0095 0095 0096 0096 0096.
0096 0096 0096 0096 0096 0096 0096 0096 0096 0095 0095 0095
0094 0094 0094 0093 0093 0092 0092 0092 0092 0092 0092 0093.
0093 0093 0093 0093 0093 0093 0093 0093 0093 0093 0093 0092
0092 0092 0092 0092 0091 0091 0091 0091 0092 0092 0092 0092.
0093 0093 0093 0093 0094 0094 0094 0094 0094 0094 0094 0094
0094 0094 0094 0094 0094 0093 0094 0094 0094 0094 0094 0095.
0095 0095 0095 0095 0096 0096 0096 0096 0096 0096 0096 0095
0095 0095 0095 0095 0094 0094 0094 0094 0094 0095 0095 0095.
0095 0096 0096 0096 0096 0097 0097 0096 0096 0096 0096 0096
0096 0095 0095 0095 0095 0094 0094 0094 0094 0094 0094 0095.
0095 0095 0095 0095 0095 0095 0095 0095 0094 0094 0094 0093
0093 0093 0092 0092 0092 0091 0091 0091 0091 0091 0091 0091.
0092 0092 0092 0092 0093 0093 0093 0093 0093 0093 0093 0092
0092 0092 0092 0092 0091 0091 0091 0091 0092 0092 0092 0092.
0093 0093 0093 0093 0093 0093 0093 0093 0093 0093 0093 0092
0092 0092 0091 0091 0091 0090 0090 0090 0090 0090 0090 0091.
0091 0091 0091 0091 0091 0091 0091 0091 0091 0090 0090 0090
0089 0089 0089 0088 0088 0088 0087 0088 0087 0088 0088 0088.
0088 0089 0089 0089 0089 0089 0089 0089 0089 0089 0088 0088
0088 0088 0087 0087 0087 0087 0087 0087 0087 0087 0088 0088.
0088 0089 0089 0089 0090 0090 0090 0090 0090 0090 0090 0089
0089 0089 0089 0089 0089 0089 0089 0089 0089 0089 0090 0090.
0091 0091 0091 0092 0092 0092 0092 0092 0092 0092 0092 0092
0092 0092 0092 0092 0091 0091 0091 0091 0092 0092 0092 0093.
0093 0093 0094 0094 0094 0094 0095 0095 0095 0095 0095 0095
0095 0094 0094 0094 0094 0094 0094 0094 0095 0095 0095 0095.
0096 0096 0096 0096 0096 0096 0096 0096 0096 0096 0096 0095
0095 0095 0095 0094 0094 0094 0094 0094 0094 0094 0094 0095.
0095 0095 0096 0096 0096 0096 0097 0097 0097 0097 0097 0097
0097 0098 0098 0098 0098 0098 0098 0098 0098 0099 0099 0099.
0099 0099 0100 0100 0100 0100 0100 0100 0100 0100 0100 0100
0100 0100 0100 0100 0100 0100 0100 0100 0100 0100 0101 0101.
0101 0102 0102 0102 0102 0102 0102 0102 0102 0102 0102 0101
0101 0101 0101 0101 0101 0101 0101 0101 0101 0101 0102 0102.
0102 0103 0103 0103 0104 0104 0104 0104 0104 0104 0103 0103
0103 0103 0103 0103 0103 0103 0103 0103 0103 0103 0104 0104=
KB
0114 0114 0114 0114 0114 0114 0114 0114 0114 0114 0114 0114
0115 0114 0115 0115 0115 0115 0115 0115 0115 0115 0114 0115.
0114 0114 0114 0114 0114 0114 0115 0114 0114 0115 0115 0115
0115 0115 0115 0115 0115 0115 0115 0115 0115 0115 0115 0115.
0115 0115 0115 0115 0115 0115 0115 0115 0115 0115 0115 0115
0115 0115 0115 0115 0115 0115 0115 0116 0115 0115 0115 0115.
0115 0115 0115 0116 0116 0116 0116 0116 0116 0116 0116 0116
0116 0116 0116 0116 0116 0116 0117 0117 0117 0116 0117 0116.
0116 0116 0117 0117 0117 0117 0117 0117 0117 0117 0117 0117
0117 0117 0117 0117 0117 0117 0117 0117 0117 0117 0117 0117.
0117 0117 0117 0117 0117 0117 0117 0117 0117 0117 0117 0117
0117 0117 0117 0117 0117 0117 0117 0117 0117 0117 0117 0117.
0117 0117 0117 0117 0117 0117 0117 0117 0117 0117 0117 0117
0117 0117 0117 0117 0117 0117 0117 0117 0117 0117 0117 0117.
0117 0117 0117 0117 0117 0117 0117 0117 0117 0117 0118 0118
0117 0117 0118 0118 0118 0118 0118 0118 0118 0117 0117 0117.
0117 0117 0117 0117 0117 0117 0117 0117 0118 0118 0117 0118
0118 0118 0118 0118 0118 0118 0118 0118 0118 0117 0117 0117.
0117 0117 0117 0117 0117 0117 0117 0117 0117 0117 0117 0117
0117 0117 0117 0117 0117 0117 0117 0117 0117 0117 0117 0117.
0117 0117 0117 0117 0117 0117 0117 0117 0117 0117 0117 0117
0117 0117 0117 0117 0117 0117 0117 0117 0116 0116 0116 0116.
0116 0116 0116 0116 0116 0116 0116 0116 0116 0116 0116 0116
0116 0116 0116 0116 0116 0116 0116 0115 0115 0115 0115 0115.
0115 0115 0115 0115 0115 0115 0115 0115 0115 0115 0115 0115
0114 0114 0115 0114 0114 0114 0114 0114 0114 0114 0114 0114.
0114 0114 0114 0114 0114 0114 0114 0114 0114 0113 0113 0113
0113 0113 0113 0113 0113 0113 0113 0113 0113 0113 0113 0113.
0113 0113 0112 0112 0112 0112 0112 0112 0112 0112 0112 0112
0112 0112 0112 0112 0112 0112 0111 0111 0111 0111 0111 0111.
0111 0111 0111 0111 0111 0111 0111 0111 0111 0111 0111 0111
0111 0111 0111 0111 0111 0111 0111 0111 0111 0111 0111 0111.
0111 0111 0111 0111 0111 0111 0111 0111 0111 0111 0111 0111
0111 0111 0111 0111 0111 0111 0111 0111 0111 0111 0111 0111.
0111 0111 0111 0111 0111 0111 0111 0111 0111 0111 0111 0111
0111 0111 0111 0111 0111 0111 0111 0111 0111 0111 0111 0111.
0111 0111 0111 0111 0110 0110 0110 0110 0110 0110 0110 0110
0110 0110 0110 0110 0110 0110 0110 0110 0110 0110 0110 0110.
0110 0110 0110 0110 0109 0110 0109 0109 0109 0109 0109 0109
0109 0109 0109 0109 0109 0109 0109 0109 0109 0109 0109 0109.
0109 0109 0109 0109 0109 0109 0109 0109 0109 0109 0109 0109
0109 0109 0109 0109 0109 0109 0109 0109 0109 0109 0108 0108.
0108 0108 0108 0108 0108 0108 0108 0108 0108 0108 0108 0108
0108 0108 0108 0108 0108 0108 0108 0108 0107 0107 0107 0107.
0107 0107 0107 0107 0107 0107 0107 0107 0107 0107 0107 0107
0107 0106 0107 0107 0107 0106 0106 0106 0106 0106 0106 0106.
0106 0106 0106 0106 0106 0106 0106 0106 0106 0106 0106 0106
0106 0106 0106 0106 0106 0106 0106 0106 0106 0106 0106 0106.
0106 0106 0106 0106 0106 0106 0106 0106 0106 0106 0106 0106
0106 0106 0106 0106 0106 0106 0106 0106 0106 0106 0106 0106.
0106 0106 0106 0106 0106 0106 0106 0106 0106 0106 0107 0106
0107 0107 0107 0107 0107 0107 0107 0107 0107 0107 0107 0107.
0107 0107 0107 0107 0107 0107 0107 0107 0107 0107 0107 0107
0107 0107 0108 0108 0108 0108 0108 0108 0108 0108 0108 0108.
0108 0107 0108 0108 0108 0108 0108 0108 0108 0108 0108 0108
0108 0108 0108 0108 0108 0108 0108 0108 0108 0108 0108 0108.
0108 0108 0108 0108 0109 0109 0109 0109 0109 0109 0109 0109
0109 0109 0109 0109 0109 0109 0110 0110 0110 0110 0110 0110.
0110 0110 0110 0110 0110 0110 0110 0110 0110 0110 0110 0110
0110 0110 0110 0110 0111 0111 0111 0111 0111 0111 0111 0111.
0111 0111 0111 0111 0111 0111 0111 0111 0111 0111 0111 0111
0111 0111 0111 0111 0112 0112 0112 0112 0112 0112 0112 0112=
0163 0163 0163 0163 0163 0163 0163 0163 0163 0163 0163 0163
0163 0163 0163 0163 0163 0163 0162 0162 0162 0162 0162 0162.
0162 0162 0162 0162 0162 0162 0162 0162 0162 0162 0162 0161
0161 0161 0161 0161 0161 0161 0161 0161 0161 0161 0161 0161.
0161 0161 0161 0161 0161 0161 0161 0160 0160 0160 0160 0160
0160 0160 0160 0160 0160 0160 0160 0160 0160 0160 0160 0160.
0160 0160 0160 0160 0160 0160 0159 0159 0159 0159 0159 0159
0159 0159 0159 0159 0159 0159 0159 0159 0159 0159 0159 0159.
0159 0159 0159 0159 0159 0159 0159 0158 0158 0158 0158 0158
0158 0158 0158 0158 0158 0158 0158 0158 0158 0158 0158 0158.
0158 0158 0158 0158 0158 0158 0158 0158 0158 0158 0158 0158
0158 0158 0157 0157 0157 0157 0157 0157 0157 0157 0157 0157.
0157 0157 0157 0157 0157 0157 0157 0157 0157 0157 0157 0157
0157 0157 0157 0157 0157 0157 0157 0157 0157 0157 0157 0157.
0156 0156 0156 0156 0156 0156 0156 0156 0156 0156 0156 0156
0156 0156 0156 0156 0156 0156 0156 0156 0156 0156 0156 0156.
0156 0156 0156 0156 0156 0156 0156 0156 0156 0156 0156 0156
0156 0156 0156 0156 0156 0155 0155 0156 0156 0155 0155 0155.
0155 0155 0155 0155 0155 0155 0155 0155 0155 0155 0155 0155
0155 0155 0155 0155 0155 0155 0155 0155 0155 0155 0155 0155.
0155 0155 0155 0155 0155 0155 0155 0155 0155 0155 0155 0155
0155 0155 0155 0155 0155 0154 0154 0154 0154 0154 0154 0154.
0154 0154 0154 0154 0154 0154 0154 0154 0154 0154 0154 0154
0154 0154 0154 0154 0154 0154 0154 0154 0154 0154 0154 0154.
0154 0154 0154 0154 0154 0154 0154 0154 0154 0154 0154 0154
0153 0154 0154 0153 0154 0154 0153 0153 0154 0153 0153 0153.
0153 0153 0153 0153 0153 0153 0153 0153 0153 0153 0153 0153
0153 0153 0153 0153 0153 0153 0153 0153 0153 0153 0153 0153.
0153 0153 0153 0152 0152 0152 0152 0152 0152 0152 0152 0152
0152 0152 0152 0152 0152 0152 0152 0152 0152 0152 0152 0152.
0152 0152 0152 0152 0152 0152 0152 0152 0152 0152 0152 0152
0152 0152 0152 0152 0152 0152 0152 0152 0152 0151 0151 0151.
0151 0151 0151 0151 0151 0151 0151 0151 0151 0151 0151 0151
0151 0151 0151 0151 0151 0151 0151 0151 0151 0151 0151 0151.
0151 0151 0151 0151 0151 0150 0150 0150 0150 0150 0150 0150
0150 0150 0150 0150 0150 0150 0150 0150 0150 0150 0150 0150.
0150 0150 0150 0150 0150 0150 0150 0150 0150 0150 0150 0150
0150 0150 0150 0150 0150 0150 0149 0150 0149 0149 0149 0149.
0149 0149 0149 0149 0149 0149 0149 0149 0149 0149 0149 0149
0149 0149 0149 0149 0149 0149 0149 0149 0149 0149 0149 0149.
0149 0149 0149 0149 0149 0148 0148 0148 0148 0148 0148 0148
0148 0148 0148 0148 0148 0148 0148 0148 0148 0148 0148 0148.
0148 0148 0148 0148 0148 0148 0148 0148 0148 0148 0148 0148
0148 0148 0148 0148 0148 0148 0148 0148 0147 0148 0147 0147.
0147 0147 0148 0147 0147 0147 0147 0147 0147 0147 0147 0147
0147 0147 0147 0147 0147 0147 0147 0147 0147 0147 0147 0147.
0147 0147 0147 0147 0147 0147 0147 0147 0147 0147 0147 0147
0146 0146 0146 0146 0146 0146 0146 0146 0146 0146 0146 0146.
0146 0146 0146 0146 0146 0146 0146 0146 0146 0146 0146 0146
0146 0146 0146 0146 0146 0146 0146 0146 0146 0146 0146 0146.
0145 0146 0145 0145 0145 0145 0145 0145 0145 0145 0145 0145
0145 0145 0145 0145 0145 0145 0145 0145 0145 0145 0145 0145.
0145 0145 0145 0145 0145 0145 0145 0145 0145 0144 0144 0144
0144 0144 0144 0145 0145 0144 0144 0144 0144 0144 0144 0144.
0144 0144 0144 0144 0144 0144 0144 0144 0144 0144 0144 0144
0144 0144 0144 0144 0144 0144 0144 0144 0144 0144 0144 0144.
0144 0144 0144 0144 0144 0144 0144 0144 0144 0144 0144 0143
0144 0144 0144 0144 0144 0144 0144 0143 0143 0143 0143 0143.
0143 0143 0143 0143 0143 0143 0143 0143 0143 0143 0143 0143
0143 0143 0143 0143 0143 0143 0143 0143 0143 0143 0143 0143.
0143 0143 0143 0143 0143 0143 0143 0143 0143 0143 0143 0143
0143 0143 0143 0143 0143 0143 0143 0143 0143 0143 0143 0143=
0198 0198 0198 0198 0198 0198 0198 0198 0198 0198 0198 0198
0198 0198 0198 0198 0198 0198 0198 0198 0198 0198 0198 0198.
0198 0198 0198 0198 0198 0198 0198 0198 0198 0198 0197 0198
0198 0198 0198 0197 0198 0197 0197 0197 0197 0197 0197 0197.
0197 0197 0197 0197 0197 0197 0197 0197 0197 0197 0197 0197
0197 0197 0197 0197 0197 0197 0197 0197 0197 0197 0197 0197.
0197 0197 0197 0197 0197 0197 0197 0197 0197 0197 0197 0197
0196 0197 0196 0197 0197 0197 0197 0196 0196 0196 0196 0196.
0196 0196 0196 0196 0196 0196 0196 0196 0196 0196 0196 0196
0196 0196 0196 0196 0196 0196 0196 0196 0196 0196 0196 0196.
0196 0196 0196 0196 0196 0196 0196 0196 0196 0196 0196 0195
0195 0195 0195 0195 0195 0195 0195 0195 0195 0195 0195 0195.
0195 0195 0195 0195 0195 0195 0195 0195 0195 0195 0195 0195
0195 0195 0195 0195 0195 0195 0195 0195 0195 0195 0195 0195.
0195 0195 0195 0194 0195 0194 0194 0194 0194 0194 0194 0194
0194 0194 0194 0194 0194 0194 0194 0194 0194 0194 0194 0194.
0194 0194 0194 0194 0194 0194 0194 0194 0194 0194 0194 0194
0194 0194 0194 0194 0194 0194 0194 0194 0194 0194 0193 0193.
0193 0193 0193 0193 0193 0193 0193 0193 0193 0193 0193 0193
0193 0193 0193 0193 0193 0193 0193 0193 0193 0193 0193 0193.
0193 0193 0193 0193 0193 0193 0193 0193 0193 0193 0193 0193
0193 0193 0193 0193 0193 0192 0193 0192 0192 0192 0192 0192.
0192 0192 0192 0192 0192 0192 0192 0192 0192 0192 0192 0192
0192 0192 0192 0192 0192 0192 0192 0192 0192 0192 0192 0192.
0192 0192 0192 0192 0192 0192 0192 0192 0192 0192 0192 0192
0191 0192 0192 0192 0192 0192 0192 0191 0192 0191 0191 0191.
0191 0191 0191 0191 0191 0191 0191 0191 0191 0191 0191 0191
0191 0191 0191 0191 0191 0191 0191 0191 0191 0191 0191 0191.
0191 0191 0191 0191 0190 0190 0190 0190 0190 0190 0190 0190
0190 0191 0190 0190 0190 0190 0190 0190 0190 0190 0190 0190.
0190 0190 0190 0190 0190 0190 0190 0190 0190 0190 0190 0190
0190 0190 0190 0190 0190 0190 0190 0190 0190 0190 0190 0190.
0190 0190 0190 0190 0190 0190 0190 0189 0189 0189 0189 0189
0189 0189 0189 0189 0189 0189 0189 0189 0189 0189 0189 0189.
0189 0189 0189 0189 0189 0189 0189 0189 0189 0189 0189 0189
0189 0189 0189 0189 0189 0189 0189 0189 0189 0189 0189 0189.
0189 0189 0188 0189 0189 0189 0189 0188 0188 0188 0188 0188
0188 0188 0188 0188 0188 0188 0188 0188 0188 0188 0188 0188.
0188 0188 0188 0188 0188 0188 0188 0188 0188 0188 0188 0188
0188 0188 0188 0188 0188 0188 0188 0188 0188 0188 0188 0188.
0188 0188 0188 0188 0188 0188 0187 0187 0187 0187 0187 0187
0187 0187 0187 0187 0187 0187 0187 0187 0187 0187 0187 0187.
0187 0187 0187 0187 0187 0187 0187 0187 0187 0187 0187 0187
0187 0187 0187 0187 0187 0187 0187 0187 0187 0187 0187 0187.
0187 0187 0187 0187 0186 0186 0186 0186 0186 0186 0186 0186
0186 0186 0186 0186 0186 0186 0186 0186 0186 0186 0186 0186.
0186 0186 0186 0186 0186 0186 0186 0186 0186 0186 0186 0186
0186 0186 0186 0186 0186 0186 0186 0186 0186 0186 0186 0186.
0186 0186 0186 0186 0185 0185 0185 0186 0185 0185 0185 0185
0185 0185 0185 0185 0185 0185 0185 0185 0185 0185 0185 0185.
0185 0185 0185 0185 0185 0185 0185 0185 0185 0185 0185 0185
0185 0185 0185 0185 0185 0185 0185 0185 0185 0185 0185 0185.
0185 0185 0184 0185 0185 0184 0184 0184 0184 0184 0184 0184
0184 0184 0184 0184 0185 0184 0184 0184 0184 0184 0184 0184.
0184 0184 0184 0184 0184 0184 0184 0184 0184 0184 0184 0184
0184 0184 0184 0184 0184 0184 0184 0184 0184 0184 0184 0184.
0184 0184 0184 0184 0184 0184 0184 0183 0183 0183 0183 0183
0183 0183 0183 0183 0183 0184 0183 0183 0183 0183 0183 0183.
0183 0183 0183 0183 0183 0183 0183 0183 0183 0183 0183 0183
0183 0183 0183 0183 0183 0183 0183 0183 0183 0183 0183 0183.
0183 0183 0183 0183 0183 0183 0183 0183 0183 0183 0182 0182
0182 0182 0182 0182 0182 0183 0183 0183 0182 0182 0182 0182=
A=
SA=
BA
-024 -034 -031 -042 -039 -041 -046 -055 -049 -053 -033 -029
0040 0118 0212 0274 0324 0285 0239 0172 0098 0031 0005 -006 0330 1256 -058 0405.
0003 -016 -023 -020 -026 -024 -027 -039 -028 -037 -025 0011
0040 0091 0113 0147 0168 0171 0142 0119 0085 0057 0049 0045 0174 1341 -040 0402.
0047 0043 0044 0038 0035 0023 0016 0011 -016 -018 -018 0016
0048 0122 0186 0244 0283 0299 0267 0192 0104 0055 0028 0002 0328 1315 -027 0540.
-010 -008 -002 0000 -007 0011 0009 -008 -009 -031 -046 -025
0042 0103 0175 0216 0248 0239 0206 0162 0085 0012 -006 -013 0263 1320 -046 0659.
-014 -028 -037 -039 -040 -046 -045 -051 -051 -053 -053 -047
0030 0091 0163 0218 0242 0204 0146 0122 0083 0060 0053 0052 0258 1326 -057 0526.
0051 0045 0043 0046 0041 0046 0042 0040 0043 0044 0038 0037
0052 0081 0074 0084 0096 0109 0089 0072 0061 0033 0043 0026 0117 1344 0025 1920.
0034 0037 0037 0027 0033 0031 0028 0030 0029 0034 0036 0030
0037 0040 0049 0062 0058 0063 0057 0041 0036 0029 0028 0025 0070 1226 0025 0019.
0024 0026 0023 0026 0026 0033 0027 0020 0020 0021 0017 0030
0044 0078 0088 0113 0142 0110 0087 0056 0043 0032 0033 -006 0163 1313 -006 2000.
-016 -025 0017 0016 0017 0017 0012 0011 0009 0007 0008 0016
0031 0062 0083 0111 0151 0178 0135 0085 0057 0037 0032 0028 0180 1404 -030 2035.
0026 0026 0015 0016 0015 0015 0018 0011 0016 0014 0013 0014
0031 0045 0037 0042 0038 0037 0025 0025 0022 0011 0008 0007 0053 1130 0006 1907.
0012 0007 0007 0006 0007 0006 0004 0010 0013 0003 0009 0011
0021 0043 0035 0056 0054 0071 0065 0047 0031 0016 0004 0013 0076 1348 -004 1847.
0014 -018 -031 -041 -027 -035 -052 -049 -054 -060 -049 -035
0009 0085 0141 0217 0230 0212 0187 0139 0074 0043 0018 -007 0248 1322 -062 0555.
0000 -009 -020 -038 -005 -002 -031 -057 -059 -055 -054 -051
0031 0079 0143 0212 0229 0218 0194 0126 0064 0015 -014 -051 0257 1331 -065 0731.
-046 -057 -063 -063 -067 -073 -072 -077 -073 -080 -079 -062
0000 0074 0153 0189 0256 0211 0169 0126 0065 0014 -019 -036 0257 1259 -084 0650.
-039 -036 -041 -045 -034 -045 -037 -051 -027 -011 -001 0009
0043 0083 0126 0170 0177 0181 0133 0100 0066 0029 0035 0024 0230 1318 -051 0334.
0028 0013 0011 0012 -008 -026 0005 0000 0008 0001 0013 0017
0045 0088 0146 0125 0153 0144 0129 0088 0070 0037 0045 0030 0177 1411 -035 0122.
0034 0030 0022 -020 -034 -032 -037 -047 -048 -052 -057 -035
0029 0088 0161 0225 0267 0274 0236 0176 0102 0057 0017 -014 0296 1327 -058 0636.
-020 -023 -029 -029 -034 -040 -046 -048 -046 -049 -041 -047
0008 0073 0125 0177 0208 0183 0162 0121 0066 0017 -021 -037 0220 1305 -053 0725.
-049 -050 -064 -066 -070 -075 -069 -078 -081 -079 -081 -064
-004 0072 0136 0191 0194 0235 0126 0103 0071 0050 0042 0037 0241 1230 -082 0547.
0033 0016 0007 -024 -021 -027 -060 -049 -040 -057 -057 -046
0018 0116 0204 0172 0273 0290 0225 0156 0106 0044 -009 -022 0308 1344 -064 0626.
-038 -050 -050 -057 -056 -066 -078 -075 -082 -075 -078 -066
0011 0091 0179 0232 0270 0269 0231 0156 0080 0020 -023 -048 0290 1306 -086 0730.
-058 -061 -061 -070 -078 -083 -082 -080 -079 -085 -091 -067
0005 0080 0176 0239 0271 0279 0236 0174 0094 0002 -017 -024 0295 1305 -091 0656.
-027 -041 -046 -057 -062 -062 -060 -056 -065 -067 -071 -052
0024 0089 0169 0242 0280 0286 0255 0185 0108 0020 -002 -006 0313 1343 -073 0631.
-017 -018 -018 -020 -035 -039 -038 -037 -042 -043 -035 -031
0043 0102 0177 0233 0256 0281 0233 0192 0117 0032 0013 0010 0283 1347 -046 0628.
0000 -003 0024 -004 -014 -023 -013 -033 -025 -023 -037 -029
0045 0102 0176 0219 0248 0232 0177 0152 0102 0067 0046 0042 0259 1304 -040 0712.
0032 0031 0020 0013 0005 -002 -001 0001 0003 -015 -020 -008
0063 0107 0153 0163 0187 0176 0162 0148 0095 0036 0017 -002 0235 1312 -041 0738.
-002 -021 -028 -032 -032 -042 -042 -033 -039 -047 -049 -033
0034 0092 0166 0224 0262 0268 0219 0177 0112 0049 0074 0064 0282 1356 -049 0645.
0060 0064 0064 0058 0053 0055 0057 0057 0053 0051 0052 0056
0070 0080 0096 0096 0104 0102 0105 0076 0065 0056 0055 0054 0121 1416 0050 0603.
0055 0049 0047 0046 0044 0030 0006 0041 0010 0035 0018 0006
0054 0068 0089 0101 0180 0205 0204 0162 0109 0031 0007 0005 0216 1344 -003 0534.
0002 -009 -016 -018 -017 0017 0031 0031 0027 0036 0037 0038
0052 0069 0131 0209 0260 0325 0248 0194 0130 0057 0025 0009 0325 1400 -024 0133.
0003 0000 -004 -002 -013 -014 0003 0040 0045 0044 0043 0047
0057 0075 0108 0205 0271 0271 0271 0216 0154 0116 0104 0076 0304 1341 -016 0126=
=
??????
******
YF
19011










=
JY
8888=
GK
01/
05/=
BZ
10/03/08;14;20

10/24/24
11/=
######
