57461 3042N 11118E 001331 001343 105 000 S14 11111999919199111991 0 2016 10
PC
9992 9997 9999 9996 9995 9991 9989 9990 9992 9993 9995 9998
0002 0006 0004 9997 9990 9982 9980 9978 9980 9983 9986 9995 0007 0953 9978 1522.
0000 0002 0003 9999 9995 9991 9986 9985 9984 9985 9987 9992
9996 9998 9994 9985 9975 9965 9958 9954 9956 9957 9963 9969 0004 2313 9953 1545.
9973 9978 9981 9980 9978 9975 9972 9970 9969 9972 9975 9982
9986 9984 9980 9970 9960 9949 9940 9937 9938 9940 9946 9953 9986 0852 9937 1552.
9959 9964 9969 9969 9968 9967 9967 9966 9969 9973 9978 9982
9985 9985 9980 9971 9960 9950 9945 9942 9943 9947 9953 9962 9986 0901 9942 1541.
9973 9979 9981 9983 9984 9982 9983 9984 9987 9990 9994 0001
0004 0008 0005 9997 9989 9981 9974 9973 9976 9982 9988 0001 0009 0950 9962 2001.
0009 0012 0016 0016 0018 0020 0017 0014 0017 0021 0025 0031
0037 0036 0031 0019 0010 0000 9993 9989 9987 9988 9991 9997 0038 0910 9987 1656.
0004 0006 0004 0002 0003 0002 9999 9994 9993 9993 9997 0001
0006 0004 0001 9995 9985 9978 9973 9975 9980 9990 9999 0011 0011 1958 9972 1507.
0018 0024 0028 0030 0028 0029 0028 0030 0034 0036 0042 0046
0053 0053 0049 0042 0030 0025 0020 0023 0026 0030 0036 0042 0054 0919 0011 2001.
0047 0049 0045 0043 0041 0042 0042 0041 0044 0048 0052 0055
0058 0059 0056 0045 0035 0033 0027 0027 0029 0034 0041 0047 0062 0924 0025 1506.
0052 0053 0050 0048 0049 0045 0042 0039 0044 0046 0047 0051
0055 0055 0048 0040 0031 0026 0020 0022 0023 0029 0033 0043 0056 0938 0020 1500.
0048 0052 0052 0051 0050 0045 0042 0039 0042 0044 0048 0054
0060 0062 0057 0052 0047 0043 0040 0041 0045 0049 0055 0064 0064 1954 0039 0357.
0067 0071 0072 0068 0067 0066 0065 0065 0067 0072 0076 0082
0087 0089 0084 0077 0069 0064 0060 0062 0062 0064 0071 0079 0089 0921 0059 1503.
0083 0081 0084 0078 0070 0070 0068 0064 0063 0067 0071 0073
0082 0083 0083 0077 0070 0063 0055 0054 0056 0057 0061 0064 0084 2253 0054 1538.
0069 0070 0068 0067 0065 0063 0058 0053 0050 0050 0055 0062
0066 0067 0066 0059 0051 0041 0037 0036 0039 0039 0043 0052 0071 2121 0035 1519.
0058 0055 0056 0052 0050 0045 0041 0037 0033 0036 0038 0043
0045 0047 0040 0034 0025 0017 0015 0017 0019 0021 0024 0032 0059 2116 0014 1525.
0039 0044 0047 0048 0046 0045 0044 0042 0043 0046 0054 0059
0064 0067 0065 0058 0050 0041 0037 0037 0040 0040 0044 0051 0068 1009 0032 2001.
0056 0060 0060 0057 0057 0051 0043 0042 0040 0043 0044 0048
0049 0050 0045 0036 0025 0016 0010 0007 0009 0010 0012 0019 0062 2222 0006 1558.
0027 0030 0036 0034 0030 0027 0025 0023 0024 0026 0030 0035
0043 0043 0039 0029 0016 0005 9998 9995 9994 9997 0004 0011 0044 0935 9993 1632.
0019 0021 0021 0019 0017 0013 0012 0009 0008 0010 0015 0021
0020 0023 0017 0006 9996 9986 9979 9977 9978 9979 9986 9993 0023 0953 9976 1531.
9998 9999 9997 9994 9989 9983 9981 9979 9972 9975 9979 9984
9988 9991 9985 9978 9965 9960 9954 9956 9956 9955 9960 9965 0000 2112 9953 1507.
9969 9968 9969 9964 9961 9956 9952 9954 9954 9955 9959 9965
9971 9973 9971 9964 9958 9951 9948 9950 9951 9953 9956 9959 9974 1012 9948 1438.
9963 9962 9961 9960 9957 9951 9951 9951 9956 9960 9966 9972
9979 9984 9981 9975 9969 9964 9962 9963 9967 9973 9980 9989 9989 1957 9950 0157.
9996 9999 0001 0002 9999 0000 9998 9996 9996 0002 0007 0013
0019 0023 0021 0014 0008 0002 9999 0000 0004 0007 0011 0019 0024 1003 9989 2001.
0023 0026 0027 0024 0021 0018 0016 0013 0011 0013 0013 0017
0019 0017 0012 0000 9992 9980 9973 9975 9979 9986 9996 0006 0027 2219 9973 1500.
0011 0015 0018 0016 0013 0015 0016 0016 0016 0017 0017 0020
0025 0026 0017 0019 0007 9992 9987 9983 9983 9983 9987 9996 0027 0939 9981 1636.
0000 0005 0010 0005 0001 0000 9996 9996 0001 0008 0017 0027
0036 0039 0037 0031 0024 0019 0020 0020 0023 0027 0033 0037 0040 0937 9995 0302.
0041 0039 0041 0039 0037 0040 0037 0031 0030 0033 0037 0039
0043 0044 0034 0023 0010 9999 9993 9995 9998 0003 0016 0031 0045 0904 9993 1448.
0035 0043 0052 0058 0060 0059 0068 0071 0082 0092 0098 0110
0117 0126 0121 0120 0114 0108 0115 0124 0126 0131 0140 0150 0151 1957 0031 2001.
0156 0161 0161 0167 0168 0167 0163 0164 0173 0176 0184 0187
0183 0181 0180 0177 0171 0159 0154 0154 0153 0157 0159 0167 0187 0757 0148 2009.
0166 0164 0160 0160 0152 0145 0141 0135 0134 0133 0129 0130
0134 0128 0122 0112 0101 0093 0084 0086 0084 0088 0093 0105 0169 2003 0082 1554.
0110 0114 0115 0113 0106 0104 0106 0111 0114 0125 0135 0144
0154 0155 0155 0150 0144 0139 0140 0137 0141 0145 0150 0160 0161 1955 0102 0114=
0147 0155 0138 0152
0148 0149 0120 0125
0129 0138 0103 0108
0121 0137 0104 0117
0136 0156 0135 0156
0174 0187 0154 0152
0156 0156 0132 0167
0184 0203 0181 0199
0198 0213 0190 0206
0203 0210 0184 0203
0204 0214 0203 0224
0226 0243 0224 0240
0230 0234 0224 0225
0224 0223 0201 0212
0205 0203 0176 0192
0205 0219 0199 0210
0209 0207 0173 0177
0184 0193 0161 0168
0169 0178 0142 0150
0140 0142 0117 0122
0113 0122 0108 0116
0107 0129 0120 0147
0158 0172 0162 0180
0179 0179 0141 0168
0177 0182 0153 0157
0161 0188 0180 0198
0201 0200 0159 0192
0220 0272 0270 0314
0332 0353 0324 0333
0310 0295 0257 0269
0268 0309 0303 0324=
TB
0223 0220 0218 0215 0213 0210 0210 0210 0207 0205 0206 0208
0213 0220 0224 0228 0237 0238 0236 0235 0232 0222 0215 0213 0242 1338 0205 0554.
0204 0201 0192 0187 0189 0185 0186 0179 0179 0174 0171 0189
0217 0238 0259 0273 0289 0302 0300 0298 0289 0280 0270 0252 0304 1411 0170 0631.
0247 0239 0231 0221 0216 0207 0203 0199 0193 0192 0194 0206
0224 0241 0265 0280 0296 0305 0308 0311 0302 0290 0278 0271 0311 1600 0190 0552.
0256 0247 0241 0231 0223 0216 0207 0203 0201 0198 0196 0205
0227 0248 0271 0281 0294 0301 0308 0306 0302 0291 0278 0263 0316 1456 0195 0630.
0246 0236 0231 0226 0220 0214 0208 0211 0217 0216 0213 0219
0233 0251 0275 0297 0308 0313 0309 0308 0300 0287 0274 0265 0316 1337 0208 0256.
0258 0254 0246 0244 0234 0233 0228 0218 0216 0216 0212 0221
0239 0259 0263 0272 0279 0288 0289 0283 0277 0274 0268 0261 0298 1511 0210 0638.
0257 0254 0250 0244 0241 0241 0239 0232 0232 0229 0229 0232
0240 0249 0263 0268 0278 0282 0285 0282 0274 0251 0232 0237 0288 1423 0228 0602.
0232 0227 0225 0228 0227 0225 0220 0221 0220 0216 0214 0220
0225 0238 0258 0264 0269 0266 0261 0257 0249 0238 0232 0228 0277 1234 0214 0653.
0225 0221 0215 0210 0203 0204 0203 0200 0200 0198 0196 0193
0199 0208 0217 0228 0228 0238 0231 0233 0223 0212 0204 0200 0245 1420 0193 0747.
0196 0195 0192 0189 0187 0187 0185 0184 0182 0179 0181 0181
0189 0199 0200 0200 0202 0203 0205 0204 0199 0190 0178 0175 0206 1504 0173 1944.
0173 0167 0165 0165 0164 0164 0160 0159 0159 0158 0157 0160
0166 0167 0175 0177 0177 0181 0180 0181 0179 0179 0177 0175 0182 1615 0156 0634.
0175 0173 0171 0169 0167 0167 0167 0165 0165 0166 0165 0162
0162 0173 0182 0186 0191 0191 0191 0192 0190 0183 0169 0158 0195 1321 0158 0831.
0161 0162 0160 0159 0159 0156 0155 0155 0155 0155 0153 0156
0158 0157 0155 0156 0159 0158 0160 0160 0159 0159 0159 0158 0163 2138 0153 0638.
0156 0150 0149 0150 0151 0149 0152 0151 0151 0152 0155 0157
0161 0164 0166 0170 0170 0171 0173 0173 0174 0172 0171 0170 0174 1446 0149 2223.
0169 0162 0163 0163 0163 0163 0164 0162 0160 0160 0162 0164
0169 0174 0181 0182 0183 0179 0176 0176 0176 0170 0170 0171 0184 1309 0159 0536.
0171 0171 0172 0170 0170 0170 0170 0170 0171 0172 0172 0175
0183 0192 0205 0209 0228 0235 0230 0222 0221 0218 0213 0209 0240 1402 0169 0330.
0205 0199 0189 0184 0179 0176 0174 0173 0167 0166 0165 0175
0194 0217 0238 0246 0250 0252 0252 0248 0245 0237 0230 0225 0265 1436 0164 0651.
0217 0211 0206 0201 0195 0190 0191 0188 0187 0183 0185 0189
0203 0232 0236 0242 0260 0268 0271 0273 0266 0255 0246 0236 0274 1422 0182 0603.
0229 0221 0217 0213 0211 0206 0200 0198 0194 0195 0191 0201
0209 0228 0245 0257 0249 0240 0236 0235 0227 0222 0215 0203 0260 1205 0191 0641.
0200 0195 0195 0191 0190 0190 0190 0189 0189 0190 0189 0187
0189 0190 0193 0195 0198 0199 0201 0202 0201 0201 0199 0200 0203 2001 0187 0735.
0200 0198 0198 0198 0199 0200 0199 0199 0200 0200 0198 0199
0201 0202 0207 0210 0210 0213 0213 0214 0212 0211 0211 0211 0215 1545 0198 2131.
0211 0210 0209 0208 0205 0203 0200 0199 0199 0197 0198 0204
0209 0215 0222 0235 0232 0229 0221 0220 0215 0207 0196 0189 0237 1213 0189 1951.
0190 0186 0182 0180 0177 0171 0169 0166 0165 0161 0160 0153
0152 0155 0151 0152 0152 0153 0154 0154 0149 0146 0137 0132 0191 2029 0130 1938.
0131 0129 0129 0127 0124 0123 0118 0119 0115 0114 0113 0118
0120 0122 0124 0128 0132 0134 0135 0137 0138 0137 0134 0125 0138 1547 0112 0618.
0123 0124 0125 0124 0124 0126 0127 0127 0128 0130 0129 0133
0134 0143 0142 0143 0145 0145 0148 0146 0144 0142 0142 0141 0149 1432 0122 2020.
0142 0142 0141 0138 0134 0134 0134 0133 0134 0136 0137 0140
0145 0151 0156 0165 0164 0161 0160 0161 0159 0156 0155 0154 0166 1156 0132 0126.
0153 0153 0151 0149 0142 0135 0135 0135 0136 0137 0138 0142
0147 0151 0152 0154 0167 0170 0167 0170 0167 0163 0162 0161 0171 1324 0135 0138.
0159 0155 0154 0151 0149 0149 0144 0144 0144 0144 0144 0144
0143 0143 0146 0147 0142 0142 0136 0127 0121 0118 0117 0112 0161 2001 0112 1937.
0107 0102 0100 0096 0095 0093 0096 0094 0094 0094 0089 0089
0096 0103 0107 0113 0118 0125 0124 0125 0122 0118 0116 0114 0128 1550 0087 0651.
0110 0111 0109 0109 0108 0108 0107 0107 0106 0107 0108 0111
0115 0115 0114 0119 0117 0114 0113 0109 0108 0108 0107 0106 0121 1154 0105 0342.
0102 0101 0103 0106 0107 0108 0107 0108 0109 0108 0111 0113
0116 0123 0128 0136 0143 0149 0155 0159 0153 0146 0141 0138 0161 1518 0100 2126=
IB
=
0123 0123 0134 0124 0137 0134 0137 0142 0139 0139 0145 0145
0142 0149 0137 0136 0124 0137 0126 0125 0139 0136 0134 0140.
0138 0145 0140 0148 0156 0150 0151 0153 0153 0156 0153 0165
0158 0150 0144 0133 0119 0139 0129 0144 0143 0143 0147 0147.
0153 0157 0166 0162 0172 0171 0167 0163 0169 0172 0170 0176
0169 0174 0170 0160 0178 0179 0178 0185 0176 0172 0170 0176.
0180 0182 0183 0184 0189 0193 0190 0184 0189 0183 0186 0188
0189 0183 0195 0188 0152 0158 0160 0159 0147 0156 0155 0168.
0163 0166 0169 0169 0167 0166 0168 0175 0167 0170 0165 0168
0168 0160 0138 0135 0117 0117 0123 0102 0105 0104 0106 0110.
0108 0108 0112 0133 0133 0135 0138 0132 0135 0145 0141 0152
0149 0141 0141 0139 0138 0135 0136 0130 0136 0134 0146 0142.
0151 0145 0148 0156 0159 0156 0169 0170 0170 0169 0167 0172
0173 0169 0174 0167 0176 0174 0171 0174 0170 0173 0194 0190.
0194 0199 0193 0173 0165 0170 0186 0179 0182 0190 0195 0188
0181 0134 0054 0048 0034 0050 0062 0011 0024 0014 -003 0000.
-009 -026 -011 0050 0051 0003 -015 -012 -036 -025 -015 0074
0073 0067 0060 0066 0061 0074 0068 0061 0053 0034 0027 0028.
0029 0032 0030 0035 0041 0033 0043 0035 0033 0041 0039 0057
0050 0055 0049 0045 0047 0044 0041 0048 0048 0068 0084 0070.
0079 0092 0082 0074 0079 0076 0114 0111 0107 0106 0091 0103
0107 0112 0092 0077 0074 0075 0065 0069 0070 0061 0066 0078.
0073 0084 0088 0091 0094 0103 0089 0087 0094 0100 0094 0105
0109 0113 0101 0102 0101 0093 0084 0094 0089 0099 0118 0129.
0125 0127 0133 0134 0136 0141 0137 0140 0142 0137 0138 0140
0145 0142 0139 0140 0139 0142 0140 0140 0144 0137 0136 0143.
0140 0145 0144 0140 0146 0144 0147 0140 0138 0144 0142 0146
0141 0141 0139 0131 0127 0130 0128 0126 0131 0127 0134 0145.
0145 0149 0141 0152 0150 0134 0128 0133 0135 0129 0137 0137
0134 0133 0138 0139 0142 0140 0149 0143 0141 0152 0150 0149.
0151 0153 0161 0157 0157 0164 0164 0157 0165 0164 0164 0162
0166 0164 0155 0157 0154 0145 0151 0148 0147 0144 0147 0161.
0159 0163 0165 0167 0164 0165 0164 0160 0161 0160 0154 0155
0161 0155 0142 0122 0129 0117 0117 0124 0134 0127 0129 0133.
0148 0145 0145 0151 0152 0151 0161 0159 0158 0156 0156 0161
0161 0150 0149 0137 0125 0128 0135 0129 0130 0140 0144 0135.
0145 0145 0151 0152 0150 0147 0154 0159 0162 0162 0161 0167
0167 0159 0160 0154 0150 0144 0149 0153 0151 0156 0162 0181.
0180 0183 0188 0179 0180 0185 0180 0184 0179 0182 0186 0179
0179 0182 0188 0190 0191 0191 0194 0189 0194 0196 0191 0197.
0197 0196 0196 0191 0197 0193 0192 0197 0193 0198 0191 0192
0199 0195 0200 0208 0203 0206 0205 0211 0202 0203 0208 0203.
0203 0208 0202 0206 0203 0196 0198 0192 0192 0194 0190 0202
0207 0203 0207 0194 0170 0174 0185 0188 0185 0173 0183 0177.
0180 0181 0179 0177 0174 0168 0163 0160 0163 0155 0158 0150
0144 0147 0145 0139 0129 0121 0116 0116 0113 0114 0114 0107.
0108 0103 0106 0109 0110 0105 0105 0110 0104 0105 0107 0097
0107 0106 0100 0103 0102 0098 0105 0103 0106 0099 0096 0109.
0105 0110 0112 0113 0113 0110 0111 0116 0112 0119 0115 0115
0123 0127 0122 0129 0130 0134 0127 0133 0131 0128 0132 0130.
0124 0128 0128 0124 0125 0126 0128 0122 0128 0130 0131 0134
0130 0128 0125 0125 0137 0128 0131 0125 0119 0124 0117 0127.
0135 0119 0124 0120 0121 0127 0126 0126 0127 0129 0135 0134
0136 0141 0137 0138 0147 0139 0127 0135 0136 0138 0137 0138.
0134 0139 0143 0140 0146 0146 0136 0141 0138 0142 0142 0136
0135 0133 0138 0127 0115 0117 0111 0113 0108 0104 0103 0098.
0088 0088 0086 0087 0086 0085 0085 0088 0089 0085 0075 0072
0077 0072 0079 0080 0079 0068 0067 0080 0071 0075 0073 0071.
0075 0076 0088 0093 0097 0092 0088 0085 0090 0091 0089 0092
0082 0084 0081 0084 0093 0095 0099 0090 0091 0091 0090 0095.
0091 0090 0098 0098 0104 0105 0099 0105 0101 0100 0108 0110
0113 0118 0110 0117 0116 0115 0107 0102 0092 0092 0091 0086=
EA
143 143 154 144 157 154 157 162 159 159 165 165
162 169 157 155 144 156 146 145 159 155 154 160.
158 165 160 168 177 170 171 174 174 177 173 188
179 171 164 152 139 159 148 164 163 163 168 167.
174 178 189 183 196 195 190 186 192 196 194 201
192 198 194 181 203 205 204 212 202 196 194 201.
207 208 210 212 218 224 220 212 219 210 214 217
218 210 226 217 172 179 182 180 167 177 176 192.
186 189 192 192 190 189 192 200 189 193 187 192
192 182 158 154 138 137 143 124 127 126 128 132.
130 130 133 153 152 154 158 151 155 165 161 173
169 160 161 159 158 154 155 150 156 153 166 162.
172 165 168 177 180 177 193 193 193 193 190 196
197 192 198 190 202 199 195 199 193 198 225 220.
225 232 223 197 188 193 214 205 209 219 227 217
207 153 090 086 078 087 095 066 072 068 060 061.
057 051 056 087 088 062 055 056 047 051 055 103
102 098 093 097 094 103 099 094 089 078 074 075.
075 077 076 079 082 078 083 078 077 082 081 091
087 091 086 084 085 083 082 086 086 099 110 100.
107 116 109 103 106 104 134 132 128 127 116 125
128 133 116 105 103 104 097 100 100 094 097 106.
102 111 113 115 118 125 114 113 118 123 118 127
131 134 123 124 124 117 110 118 114 122 139 149.
144 147 153 153 155 161 157 160 162 157 158 159
165 162 158 159 159 161 160 160 164 157 155 163.
159 165 164 160 166 164 167 160 158 164 162 166
161 160 159 151 147 150 148 146 151 147 154 165.
165 169 161 172 170 154 147 153 154 149 156 157
154 153 158 159 162 160 169 163 161 172 170 170.
171 173 182 178 178 186 186 178 187 186 186 184
189 187 176 178 175 165 171 169 168 164 167 183.
181 186 188 190 187 187 187 182 182 181 174 176
182 176 162 142 149 138 138 144 154 146 149 153.
169 165 165 172 172 171 183 180 179 177 177 183
183 171 169 157 145 148 154 149 150 160 164 154.
165 165 171 172 170 167 175 180 185 184 183 190
190 180 181 175 170 164 169 174 171 177 185 207.
206 211 218 206 206 213 206 212 205 209 214 205
205 209 217 220 222 221 226 218 226 228 221 229.
229 229 229 222 230 224 223 230 224 231 222 223
233 227 234 246 239 243 241 250 237 238 245 238.
238 246 237 243 239 229 231 223 223 225 219 237
245 238 243 226 193 198 213 217 213 198 210 203.
206 208 205 202 198 191 185 181 186 176 180 170
164 167 165 159 148 141 136 136 134 135 135 129.
130 125 128 131 131 127 127 131 126 127 128 120
129 128 122 126 124 121 127 125 128 122 120 130.
127 131 133 134 134 131 132 136 133 139 135 136
143 147 142 148 150 153 146 153 151 147 152 150.
144 147 148 143 144 146 147 142 147 149 150 153
150 148 145 144 157 148 151 144 139 143 137 147.
155 139 144 141 141 147 145 145 146 149 155 154
155 161 157 157 167 159 146 155 156 157 156 157.
153 158 163 160 166 166 156 161 157 162 162 156
155 153 158 147 136 138 132 134 130 126 125 121.
113 113 112 112 112 111 111 113 114 111 104 101
105 101 107 107 107 098 098 107 101 104 102 101.
104 104 113 117 120 116 113 111 115 116 114 116
108 110 108 110 117 119 122 115 115 115 114 119.
116 115 121 121 126 127 122 127 124 123 129 131
134 139 131 137 137 135 128 125 116 116 116 112=
UB
53 54 59 56 62 62 63 65 65 66 68 67
64 64 58 56 49 53 50 50 56 58 60 63 46 2001.
66 70 72 78 81 80 80 85 85 89 89 86
69 58 49 42 35 37 35 39 41 43 47 52 33 1311.
56 60 67 69 76 80 80 80 86 88 86 83
71 66 56 48 49 47 46 47 47 49 52 56 44 1604.
63 67 70 75 81 87 90 89 93 91 94 90
79 67 63 57 42 42 41 41 39 44 47 56 38 1357.
60 65 68 70 72 74 78 80 73 75 74 73
67 57 43 37 31 30 32 28 30 32 35 38 28 1541.
39 40 43 50 53 54 57 58 60 64 64 65
57 48 47 44 42 39 39 39 42 42 47 48 36 1512.
52 51 53 58 60 59 65 68 68 69 68 69
66 61 58 54 54 52 50 52 53 62 79 75 48 2001.
79 84 82 71 68 71 81 77 79 85 89 82
76 52 27 25 22 25 28 20 23 23 21 22 19 1606.
21 19 22 35 37 26 23 24 20 22 24 46
44 40 36 35 34 35 35 33 33 31 31 32 18 2118.
33 34 34 36 38 36 39 37 37 40 39 44
40 39 37 36 36 35 34 36 37 45 54 50 31 2001.
54 61 58 55 57 56 74 73 71 71 65 69
68 70 58 52 51 50 47 48 49 46 48 53 44 1805.
51 56 58 60 62 66 60 60 63 65 63 69
71 68 59 58 56 53 50 53 52 58 72 83 49 2111.
79 80 84 85 86 91 89 91 92 89 91 90
92 91 90 90 88 90 88 88 91 87 86 91 78 2109.
90 97 97 94 97 97 97 93 92 95 92 93
88 86 84 78 76 77 75 74 76 75 79 85 72 1438.
86 92 87 93 92 83 79 83 85 82 85 84
80 77 76 76 77 78 84 81 80 89 88 87 72 1131.
88 89 93 92 92 96 96 92 96 95 95 92
90 84 73 72 63 57 61 63 63 63 66 74 55 1408.
75 80 86 90 91 93 94 92 96 96 93 88
81 68 55 46 47 43 43 46 50 50 53 56 38 1446.
65 66 68 73 76 78 83 83 83 84 83 84
77 60 58 52 43 42 43 41 43 49 53 53 40 1526.
59 62 66 68 68 69 75 78 82 81 83 81
77 65 59 53 54 55 58 60 62 66 72 87 49 1206.
88 93 96 93 94 97 94 97 94 95 98 95
94 95 97 97 96 95 96 92 96 97 95 98 84 2002.
98 99 99 96 99 96 96 99 96 99 96 96
99 96 96 99 96 96 95 98 94 95 98 95 94 1603.
95 99 96 99 99 96 99 96 96 98 95 99
99 93 91 78 68 71 80 82 83 81 92 93 65 1222.
94 97 98 98 98 98 96 96 99 96 99 98
95 95 96 92 86 81 78 78 79 81 86 85 77 1740.
86 84 86 89 91 89 92 94 93 94 96 87
92 90 85 85 82 79 82 80 81 78 78 90 77 1611.
89 91 92 93 93 90 90 93 90 93 91 89
93 90 88 91 91 93 87 92 92 91 94 93 84 1030.
89 91 92 91 94 95 96 93 96 96 96 96
91 86 82 77 84 81 83 79 77 81 78 84 75 1545.
89 80 84 83 87 95 94 94 94 95 98 95
93 94 91 90 88 82 77 80 82 85 85 86 76 1502.
85 90 93 93 98 98 95 98 96 99 99 95
95 94 95 88 84 85 85 91 92 91 91 91 80 1445.
88 91 91 94 94 95 93 96 97 94 91 89
88 81 83 80 77 68 68 74 71 75 75 75 67 1408.
79 79 87 90 93 90 88 86 90 90 88 88
80 81 80 79 85 88 91 88 89 89 89 93 74 0947.
93 93 97 95 98 98 95 98 95 95 98 98
98 97 89 88 84 80 73 69 67 70 72 71 64 1627=
N=
H=
C=
V=
R6
0000 0000 0000
0000 0000 0000
0000 0000 0000
0000 0000 0000
0000 0000 0000
0000 0000 0000
0000 0000 0000
0000 0000 0000
0000 0000 0000
0000 0000 0000
0000 0000 0000
0000 0000 0000
0000 0000 0000
0000 0000 0000
0005 0002 0007
0002 0000 0002
0000 0000 0000
0000 0000 0000
0000 0000 0000
0045 0072 0117
0173 0101 0274
0003 0002 0005
0041 0008 0049
0001 0001 0002
0000 0039 0039
0014 0000 0014
0030 0007 0037
0219 0074 0293
0183 0001 0184
0000 0013 0013
0052 0000 0052=
0000 0000 0000 0000 0000 0000 0000 0000 0000 0000 0000 0000
0000 0000 0000 0000 0000 0000 0000 0000 0000 0000 0000 0000.
0000 0000 0000 0000 0000 0000 0000 0000 0000 0000 0000 0000
0000 0000 0000 0000 0000 0000 0000 0000 0000 0000 0000 0000.
0000 0000 0000 0000 0000 0000 0000 0000 0000 0000 0000 0000
0000 0000 0000 0000 0000 0000 0000 0000 0000 0000 0000 0000.
0000 0000 0000 0000 0000 0000 0000 0000 0000 0000 0000 0000
0000 0000 0000 0000 0000 0000 0000 0000 0000 0000 0000 0000.
0000 0000 0000 0000 0000 0000 0000 0000 0000 0000 0000 0000
0000 0000 0000 0000 0000 0000 0000 0000 0000 0000 0000 0000.
0000 0000 0000 0000 0000 0000 0000 0000 0000 0000 0000 0000
0000 0000 0000 0000 0000 0000 0000 0000 0000 0000 0000 0000.
0000 0000 0000 0000 0000 0000 0000 0000 0000 0000 0000 0000
0000 0000 0000 0000 0000 0000 0000 0000 0000 0000 0000 0000.
0000 0000 0000 0000 0000 0000 0000 0000 0000 0000 0000 0000
0000 0000 0000 0000 0000 0000 0000 0000 0000 0000 0000 0000.
0000 0000 0000 0000 0000 0000 0000 0000 0000 0000 0000 0000
0000 0000 0000 0000 0000 0000 0000 0000 0000 0000 0000 0000.
0000 0000 0000 0000 0000 0000 0000 0000 0000 0000 0000 0000
0000 0000 0000 0000 0000 0000 0000 0000 0000 0000 0000 0000.
0000 0000 0000 0000 0000 0000 0000 0000 0000 0000 0000 0000
0000 0000 0000 0000 0000 0000 0000 0000 0000 0000 0000 0000.
0000 0000 0000 0000 0000 0000 0000 0000 0000 0000 0000 0000
0000 0000 0000 0000 0000 0000 0000 0000 0000 0000 0000 0000.
0000 0000 0000 0000 0000 0000 0000 0000 0000 0000 0000 0000
0000 0000 0000 0000 0000 0000 0000 0000 0000 0000 0000 0000.
0000 0000 0000 0000 0000 0000 0000 0000 0000 0000 0000 0000
0000 0000 0000 0000 0000 0000 0000 0000 0000 0000 0000 0000.
0000 0005 0000 0000 0000 0000 0000 0000 0000 0000 0000 0000
0000 0000 0000 0000 0000 0000 0000 0000 0000 0001 0001 0000.
0000 0000 0001 0001 0000 0000 0000 0000 0000 0000 0000 0000
0000 0000 0000 0000 0000 0000 0000 0000 0000 0000 0000 0000.
0000 0000 0000 0000 0000 0000 0000 0000 0000 0000 0000 0000
0000 0000 0000 0000 0000 0000 0000 0000 0000 0000 0000 0000.
0000 0000 0000 0000 0000 0000 0000 0000 0000 0000 0000 0000
0000 0000 0000 0000 0000 0000 0000 0000 0000 0000 0000 0000.
0000 0000 0000 0000 0000 0000 0000 0000 0000 0000 0000 0000
0000 0000 0000 0000 0000 0000 0000 0000 0000 0000 0000 0000.
0000 0002 0009 0012 0011 0006 0000 0000 0000 0000 0002 0003
0001 0004 0008 0007 0005 0001 0007 0002 0003 0011 0008 0015.
0019 0012 0021 0022 0007 0002 0002 0008 0011 0024 0026 0019
0030 0017 0014 0006 0011 0003 0006 0013 0001 0000 0000 0000.
0000 0000 0000 0000 0002 0001 0000 0000 0000 0000 0000 0000
0000 0000 0000 0000 0000 0000 0000 0000 0000 0000 0000 0002.
0001 0002 0002 0009 0003 0005 0006 0003 0002 0002 0003 0003
0008 0000 0000 0000 0000 0000 0000 0000 0000 0000 0000 0000.
0000 0000 0000 0000 0000 0000 0000 0000 0000 0001 0000 0000
0000 0000 0000 0000 0000 0000 0000 0000 0000 0001 0000 0000.
0000 0000 0000 0000 0000 0000 0000 0000 0000 0000 0000 0000
0002 0000 0004 0007 0007 0015 0000 0000 0004 0000 0000 0000.
0000 0000 0000 0001 0008 0002 0001 0002 0000 0000 0000 0000
0000 0000 0000 0000 0000 0000 0000 0000 0000 0000 0000 0000.
0000 0000 0000 0000 0003 0000 0000 0002 0000 0009 0016 0000
0000 0000 0006 0001 0000 0000 0000 0000 0000 0000 0000 0000.
0000 0006 0001 0009 0040 0002 0029 0025 0071 0007 0022 0007
0001 0002 0001 0000 0006 0000 0001 0012 0024 0013 0010 0004.
0008 0011 0002 0012 0011 0030 0014 0011 0044 0031 0008 0001
0001 0000 0000 0000 0000 0000 0000 0000 0000 0000 0000 0000.
0000 0000 0000 0000 0000 0000 0000 0000 0000 0000 0000 0000
0000 0002 0004 0000 0000 0002 0003 0001 0000 0000 0000 0001.
0016 0003 0023 0002 0005 0002 0000 0001 0000 0000 0000 0000
0000 0000 0000 0000 0000 0000 0000 0000 0000 0000 0000 0000=
0000 ////////// 00000=
W=
LA
=
000 000 000 000 000 000 000 000 000 000 000 000
000 000 000 000 000 000 000 000 000 000 000 000 000.
000 000 000 000 000 000 000 000 000 000 000 000
000 000 000 000 000 000 000 000 000 000 000 000 000.
000 000 000 000 000 000 000 000 000 000 000 000
000 000 000 000 000 000 000 000 000 000 000 000 000.
000 000 000 000 000 000 000 000 000 000 000 000
000 000 000 000 000 000 000 000 000 000 000 000 000.
000 000 000 000 000 000 000 000 000 000 000 000
000 000 000 000 000 000 000 000 000 000 000 000 000.
000 000 000 000 000 000 000 000 000 000 000 000
000 000 000 000 000 000 000 000 000 000 000 000 000.
000 000 000 000 000 000 000 000 000 000 000 000
000 000 000 000 000 000 000 000 000 000 000 000 000.
000 000 000 000 000 000 000 000 000 000 000 000
000 000 000 000 000 000 000 000 000 000 000 000 000.
000 000 000 000 000 000 000 000 000 000 000 000
000 000 000 000 000 000 000 000 000 000 000 000 000.
000 000 000 000 000 000 000 000 000 000 000 000
000 000 000 000 000 000 000 000 000 000 000 000 000.
000 000 000 000 000 000 000 000 000 000 000 000
000 000 000 000 000 000 000 000 000 000 000 000 000.
000 000 000 000 000 000 000 000 000 000 000 000
000 000 000 000 000 000 000 000 000 000 000 000 000.
000 000 000 000 000 000 000 000 000 000 000 000
000 000 000 000 000 000 000 000 000 000 000 000 000.
000 000 000 000 000 000 000 000 000 000 000 000
000 000 000 000 000 000 000 000 000 000 000 000 000.
000 005 000 000 000 000 000 000 000 000 000 000
000 000 000 000 000 000 000 000 000 001 001 000 007.
000 000 001 001 000 000 000 000 000 000 000 000
000 000 000 000 000 000 000 000 000 000 000 000 002.
000 000 000 000 000 000 000 000 000 000 000 000
000 000 000 000 000 000 000 000 000 000 000 000 000.
000 000 000 000 000 000 000 000 000 000 000 000
000 000 000 000 000 000 000 000 000 000 000 000 000.
000 000 000 000 000 000 000 000 000 000 000 000
000 000 000 000 000 000 000 000 000 000 000 000 000.
000 002 009 012 011 006 000 000 000 000 002 003
001 004 008 007 005 001 007 002 003 011 008 015 117.
019 012 021 022 007 002 002 008 011 024 026 019
030 017 014 006 011 003 006 013 001 000 000 000 274.
000 000 000 000 002 001 000 000 000 000 000 000
000 000 000 000 000 000 000 000 000 000 000 002 005.
001 002 002 009 003 005 006 003 002 002 003 003
008 000 000 000 000 000 000 000 000 000 000 000 049.
000 000 000 000 000 000 000 000 000 001 000 000
000 000 000 000 000 000 000 000 000 001 000 000 002.
000 000 000 000 000 000 000 000 000 000 000 000
002 000 004 007 007 015 000 000 004 000 000 000 039.
000 000 000 001 008 002 001 002 000 000 000 000
000 000 000 000 000 000 000 000 000 000 000 000 014.
000 000 000 000 003 000 000 002 000 009 016 000
000 000 006 001 000 000 000 000 000 000 000 000 037.
000 006 001 009 030 002 029 025 030 007 022 007
001 002 001 000 006 000 001 012 024 013 010 004 242.
008 011 002 012 011 030 014 011 030 030 008 001
001 000 000 000 000 000 000 000 000 000 000 000 169.
000 000 000 000 000 000 000 000 000 000 000 000
000 002 004 000 000 002 003 001 000 000 000 001 013.
016 003 023 002 005 002 000 001 000 000 000 000
000 000 000 000 000 000 000 000 000 000 000 000 052=
Z=
G=
FN
142015 139009 188007 106005 211006 225008
159007 136011 065003 121008 137005 100013
145010 142012 086017 144018 123022 128016
147028 144028 139018 142025 104016 159010.
108008 168009 250003 227005 244005 223006
243006 220005 233005 248005 239006 PPC000
147011 163007 133014 103020 168021 162024
127026 131023 147028 155017 120014 028006.
087013 091010 034005 PPC000 229007 241006
289007 264007 253003 PPC002 312008 343004
359005 313006 135012 066016 141022 159027
170022 152012 149014 132021 107011 117014.
089007 069012 048007 042008 PPC000 275006
228005 345008 010006 008008 011006 338013
330012 107015 154017 171024 180011 144021
169032 177023 176032 174011 146010 064007.
324008 348018 309010 249011 296011 351010
224009 331010 292005 342003 030007 015006
056005 243006 193015 197020 224019 241013
223016 176022 089026 062028 090020 045008.
111007 046012 043012 254008 283008 260008
268010 296006 308004 285008 309003 318009
207013 007011 092009 072011 139021 195019
197017 099024 127014 112010 104012 108017.
078012 PPC002 003009 055008 169003 166009
PPC001 346007 265007 331010 189006 327007
068003 162011 112016 183029 170028 163029
183018 139021 068017 019022 151012 208010.
272011 213012 339003 203015 171012 126010
139006 159011 269009 331010 208008 275008
251008 048010 040016 019027 015015 025022
121017 086029 063031 039012 026008 021011.
026011 033018 057007 234007 239004 049005
049009 064012 060014 049008 015006 268004
263009 203007 138015 035012 182014 186017
171013 131015 095027 064032 089022 060016.
345011 030014 005013 334017 358010 331008
000008 142010 121009 PPC000 118010 155013
153011 260006 216013 243004 147006 205020
097008 273011 160004 354015 024014 060020.
095014 045007 353009 332023 354013 PPC000
346004 240003 301006 346003 PPC002 275012
264009 172011 229014 253016 209016 221010
318003 182012 126016 114008 163008 161012.
160012 198010 012005 214007 PPC002 156007
117008 098007 145006 160010 144008 186007
PPC001 246007 300013 164010 211015 262011
112005 195012 170009 112016 071015 030013.
348008 280005 321006 157010 150013 PPC000
155008 090011 101008 055007 PPC000 174009
228011 187009 258009 152009 293005 PPC001
197004 PPC002 175005 192004 125008 127010.
336004 327009 337007 049005 PPC002 323006
209006 262006 306004 158010 138011 094021
123014 137014 122013 137012 152011 127010
325006 PPC001 058004 069009 171003 240005.
259006 170010 279004 234007 PPC001 108007
129013 161008 070005 130011 125006 088012
120010 067008 005009 011007 342015 324016
345006 304006 245007 313013 266005 270009.
277008 310005 245007 322007 234006 328005
245005 PPC000 165007 168007 354004 PPC000
123005 159003 337010 146016 168015 162007
147025 158016 139010 PPC001 198005 350007.
PPC000 338006 196005 096010 333010 356009
332009 277007 344007 033007 357009 002012
316011 141009 174015 182025 187019 163015
153020 181017 236008 294007 313005 PPC001.
314011 017009 PPC002 307005 PPC000 343004
201010 334006 359009 348004 251009 248005
PPC002 108006 214015 168022 251012 208021
137020 114020 152019 149014 122017 125009.
121009 189009 277006 357006 PPC002 015005
230005 000009 334008 272004 268005 216010
320008 223013 131017 141021 153019 174028
132020 124015 118016 131018 146005 070010.
002006 332010 275009 273012 066004 165004
220008 233008 319008 PPC002 256009 275010
312009 309010 247010 265007 286010 243008
175008 335007 029003 225005 291007 267007.
309008 264010 350007 332008 232007 PPC001
265007 155003 PPC002 PPC000 279007 257008
268011 260012 275006 272012 229008 219007
273008 128007 255010 171009 178005 228003.
PPC000 172010 227005 157012 181010 360003
146011 097009 133009 153011 261008 039005
226006 101005 233008 005003 101017 121018
171021 202008 136016 154020 132025 180010.
133015 172018 153017 149018 127022 141016
148013 178016 155016 163021 143018 139023
126028 159031 143024 144026 135033 162026
156032 162015 127021 132021 104018 138023.
152020 139019 138021 122017 135018 122014
103016 119014 125017 099017 104013 110022
097013 159013 118008 145020 134009 122013
212005 106007 134009 139014 115017 147017.
162007 121010 117012 121013 097021 129015
104010 107006 115011 100010 105013 066003
142010 137010 091014 158007 236008 005005
PPC001 135011 145012 106010 075011 094010.
092005 120010 105005 097010 143010 090006
008004 PPC002 136007 PPC002 202007 267006
256011 270009 230008 131006 101014 157018
148013 175016 153018 182015 219010 167008.
270007 170019 166012 159020 132020 121010
PPC002 174011 PPC002 291003 305007 PPC001
177006 109008 116014 155012 170007 142019
128014 163010 127013 097011 127016 159016.
177016 147012 161015 120012 142014 051009
132019 137014 146012 131012 151016 180012
154013 156014 124009 151014 123016 069011
041012 PPC001 189009 192004 227007 020006.
025013 343009 049004 325009 334013 322005
264015 256004 274006 028014 143014 159006
331006 273007 235006 271008 210010 028005
168012 250013 138019 151013 174010 170007.
199008 216008 227007 314004 PPC002 PPC000
070008 080006 PPC002 110005 118006 PPC002
267003 074003 247007 258008 021007 129006
063011 047007 134010 077012 060008 020009.
078006 170004 PPC002 193006 214005 067003
099006 136009 058018 PPC000 PPC000 209009
343008 350005 161005 123011 124011 158010
129014 122014 147017 091010 114014 125014=
140019 130010 182014 145004 199006 223007
155006 130010 075005 148009 132007 100012
144011 113015 096017 137019 105019 150024
146027 126030 135022 134026 135020 146012.
131006 163007 278003 254004 240006 241006
244007 244005 207007 244007 247006 PPC001
124009 191008 188010 104019 161020 148021
139023 146026 152028 138016 123015 050006.
093011 092010 060007 PPC000 229007 236004
292007 266008 281004 037004 321010 007007
353007 303009 132013 109017 117018 149024
149021 157019 145024 126019 109012 118014.
067006 068011 101009 074006 PPC001 283006
224005 342008 354007 024007 353008 337011
025008 132013 170016 193022 206013 157020
157025 186025 175028 166015 149011 047008.
337008 353014 309008 250009 274010 324009
259006 341008 282005 PPC002 016008 017007
038007 301007 187017 180018 251017 237011
169021 177022 104026 081024 101013 037008.
068006 015010 033010 292007 300007 251009
262008 310004 322004 274008 278005 322007
208010 306014 016008 134009 153017 156016
215014 106022 129019 099017 108012 108017.
078009 160004 357007 014007 PPC002 167009
110004 350007 256007 320008 201007 326007
133006 172013 135015 172026 173030 166027
163026 136017 089025 025020 141012 184009.
252010 229010 315004 189019 176012 140009
163007 178009 244008 294008 225011 272009
274009 042009 048018 023026 062024 017021
132020 071027 051022 033016 028011 034012.
023010 032012 050006 203006 215003 038006
045008 049006 048012 048007 006006 308005
250007 188011 099012 000014 191012 199014
160012 143015 097026 057021 075018 058020.
015008 026015 019012 343011 012008 015007
003011 110012 136011 PPC001 117009 147013
155011 290011 242013 181006 201010 227016
104010 273011 148006 333011 019010 060015.
095012 059008 018007 335019 350011 324007
307005 241003 268005 PPC001 048004 277015
317006 189010 216016 273014 236016 205009
279010 182008 133020 102012 096008 153014.
151012 194012 318005 178006 334003 165007
133008 108004 130006 154011 145009 197009
214004 233008 273011 241010 201014 230009
132009 204008 189009 117020 074013 022011.
356007 240008 297005 161009 143010 PPC001
157007 101011 094006 084006 PPC001 188009
243010 172008 266009 162006 268004 PPC001
234004 356004 182007 181007 132010 110011.
328006 345007 343006 011005 066004 329007
150005 265004 PPC002 152008 134010 104017
101015 134014 142010 125012 160008 134010
308005 353004 019005 058004 PPC002 256005.
270005 181009 272006 218007 PPC002 125007
118012 164007 084005 101007 122007 113010
098011 119008 030010 347008 325015 336014
328008 282009 243009 304010 290005 263007.
257007 303005 234007 326007 236006 337003
247006 196003 169004 166007 354004 PPC001
017007 287006 287011 150015 176019 172016
145015 152015 154010 110006 176006 340007.
008004 340007 173005 057008 337011 351011
342011 275008 359004 024007 328009 001012
316009 229010 161016 188023 192022 174020
162018 179016 227011 271010 273005 301003.
342008 019009 308006 296006 PPC002 351003
256008 256004 343008 007005 242007 301003
201006 287009 191016 179021 251010 181017
155020 134022 158017 154013 126014 136007.
125010 180008 276006 341007 PPC000 001007
230005 006006 327007 258004 264006 215008
329008 222012 110014 165018 153021 172024
140018 131016 117017 126017 108008 066008.
344006 339009 268009 280009 004003 206004
210007 245009 339006 314006 241010 285008
308008 316009 232008 212005 262008 239008
169009 340005 PPC002 195005 258006 294004.
304007 287010 329007 301004 312003 290005
274003 PPC001 290006 PPC002 275007 263007
267010 259012 260007 268010 213011 235008
265010 187007 254009 175009 147004 200007.
PPC001 199007 258003 161010 178011 326004
158015 123010 145009 155010 241008 063006
224004 207009 238009 332007 094015 129018
171019 185009 146012 153023 131022 175014.
141017 178017 149019 157021 131022 140017
156017 166014 152015 164020 152019 152023
138027 159022 147022 140024 134027 158027
142025 151021 127019 144024 124020 127020.
144019 136020 151020 130017 133016 121017
111017 116016 127018 113016 106018 109020
103015 119014 117013 130018 159009 134017
225008 078008 131010 128016 105018 145017.
144008 132013 117011 115012 098018 126014
090011 149006 102013 102010 098015 093004
128011 154009 088010 183008 203008 008005
PPC002 139012 131012 063006 084011 093008.
109004 123011 070007 106013 114011 090009
053004 069003 127008 101004 186006 272008
230008 247009 234009 184009 099015 141017
153014 166017 155017 168012 202008 224007.
264006 170018 151015 155026 133018 144013
121003 182009 223005 303007 314005 PPC001
199006 111009 113011 158011 159009 155015
145014 157013 117013 099013 113014 133011.
150014 135011 147014 144010 132008 106010
136017 144014 132013 121014 143014 166013
176013 163012 137010 148011 127012 083009
041011 336003 155011 150008 211007 041004.
356013 012008 023006 349006 004012 350007
276010 314006 291004 021008 110012 192008
297004 278012 276012 243010 257010 134009
212012 224014 140015 149012 159012 190008.
208008 207007 228007 269005 285003 PPC002
041005 121007 109003 155005 138007 PPC002
293006 213008 243010 265008 328007 053006
099012 093013 113012 086013 062011 001009.
044008 182006 282004 173007 157005 078006
095007 087006 070015 203003 PPC001 213008
304003 358004 186008 112012 148013 159011
122014 137015 139013 117013 111014 119014=
035164 1532 050156 1524
030158 1628 042128 1637
030126 1739 041162 1502
032168 1504 043184 1610
034129 1641 050074 1708
028151 1412 040142 1410
033168 1257 047181 1522
033084 1252 055099 1246
031106 1639 049065 1743
023017 1829 036065 1830
022338 2342 035332 2339
025106 1815 037122 1814
016093 1924 023091 1923
020099 0816 029122 1006
017323 1253 024326 1251
024144 1423 034147 1415
026192 1256 035181 1158
023118 1554 032094 1540
028144 1310 039150 1248
013271 2314 017320 0816
015279 1739 020252 2147
024152 1758 034153 1756
032152 1039 051170 1037
028133 2237 040116 2229
020153 2019 030162 2001
025169 1412 029193 1412
026152 2358 033136 2352
023147 0245 034122 0302
020148 1724 028167 1715
019097 1808 026091 1804
018113 1535 026153 1531=
DB
0216 0214 0211 0208 0207 0208 0209 0206 0205 0203 0207 0225
0256 0283 0311 0310 0324 0341 0302 0291 0266 0229 0208 0197 0343 1352 0197 1955.
0184 0180 0176 0175 0184 0176 0183 0167 0160 0157 0165 0210
0253 0347 0441 0503 0498 0489 0430 0366 0301 0253 0228 0215 0513 1235 0156 0617.
0210 0205 0200 0194 0189 0186 0183 0180 0178 0175 0186 0223
0268 0351 0435 0489 0490 0482 0433 0382 0315 0263 0238 0230 0501 1231 0175 0524.
0219 0212 0209 0200 0194 0188 0183 0181 0177 0176 0185 0226
0273 0359 0444 0503 0504 0498 0449 0377 0313 0259 0233 0223 0524 1221 0174 0630.
0213 0209 0202 0198 0191 0190 0187 0202 0212 0209 0205 0226
0249 0333 0373 0484 0482 0471 0425 0362 0297 0250 0229 0238 0502 1339 0187 0253.
0219 0220 0211 0221 0215 0221 0210 0190 0197 0201 0205 0237
0295 0367 0331 0373 0464 0438 0402 0338 0286 0262 0245 0237 0469 1303 0184 0629.
0240 0241 0238 0233 0233 0229 0231 0220 0228 0221 0229 0241
0277 0326 0406 0473 0467 0439 0411 0340 0273 0254 0236 0234 0479 1156 0214 0350.
0231 0229 0226 0220 0220 0220 0220 0221 0216 0214 0216 0235
0245 0262 0305 0400 0422 0350 0300 0300 0264 0225 0214 0210 0530 1246 0210 1939.
0207 0200 0199 0199 0195 0189 0185 0185 0181 0184 0185 0203
0236 0276 0309 0391 0340 0388 0305 0289 0237 0208 0200 0193 0423 1154 0178 0342.
0193 0189 0187 0185 0183 0183 0180 0179 0177 0180 0181 0199
0254 0280 0288 0259 0266 0271 0254 0244 0210 0179 0172 0164 0307 0935 0162 1930.
0170 0171 0170 0160 0165 0167 0168 0168 0170 0169 0171 0174
0194 0208 0220 0218 0214 0227 0216 0205 0193 0181 0176 0174 0232 1127 0157 2341.
0173 0171 0171 0171 0170 0171 0169 0169 0169 0166 0168 0173
0194 0216 0246 0261 0275 0240 0233 0225 0203 0184 0172 0170 0288 1316 0166 0328.
0173 0172 0171 0171 0171 0169 0171 0169 0169 0171 0170 0179
0184 0182 0184 0187 0188 0188 0201 0194 0185 0179 0175 0172 0202 1232 0168 0139.
0171 0170 0170 0171 0172 0169 0171 0166 0166 0167 0170 0180
0197 0191 0192 0199 0195 0196 0192 0189 0188 0182 0179 0178 0206 0925 0165 0405.
0178 0176 0176 0176 0176 0174 0173 0172 0170 0171 0173 0177
0203 0211 0224 0210 0223 0206 0197 0197 0191 0183 0183 0183 0239 1132 0167 0520.
0183 0183 0182 0182 0182 0182 0182 0182 0182 0181 0182 0195
0221 0242 0271 0274 0326 0365 0297 0240 0229 0215 0211 0207 0374 1339 0181 0408.
0204 0192 0172 0167 0168 0170 0174 0174 0166 0162 0168 0193
0226 0275 0370 0416 0361 0341 0305 0284 0251 0223 0217 0212 0428 1154 0156 0613.
0203 0199 0194 0192 0175 0177 0185 0187 0183 0174 0185 0203
0238 0318 0334 0375 0416 0412 0372 0338 0269 0231 0208 0198 0429 1216 0168 0536.
0193 0188 0207 0207 0206 0187 0183 0182 0185 0194 0181 0219
0236 0312 0367 0418 0350 0304 0267 0254 0234 0213 0205 0205 0425 1202 0174 0641.
0203 0201 0200 0200 0201 0203 0204 0202 0203 0203 0202 0204
0207 0210 0223 0223 0237 0229 0243 0222 0217 0214 0211 0210 0244 1502 0198 0020.
0208 0207 0208 0207 0208 0209 0208 0207 0207 0207 0206 0210
0220 0223 0242 0247 0241 0243 0238 0237 0228 0222 0220 0219 0250 1204 0205 2217.
0219 0218 0217 0217 0215 0213 0212 0212 0211 0209 0211 0220
0232 0249 0257 0272 0249 0253 0241 0234 0226 0218 0214 0212 0272 1157 0209 0530.
0211 0209 0206 0203 0202 0200 0198 0197 0195 0192 0191 0190
0195 0202 0203 0209 0203 0195 0193 0192 0183 0178 0176 0173 0212 2001 0173 1938.
0172 0170 0169 0168 0167 0166 0165 0164 0161 0161 0161 0163
0165 0175 0172 0177 0184 0183 0184 0181 0175 0168 0164 0163 0188 1506 0159 0644.
0164 0162 0163 0162 0161 0160 0161 0163 0162 0163 0161 0167
0173 0193 0178 0187 0185 0187 0188 0187 0178 0173 0171 0170 0195 1223 0159 0153.
0170 0168 0167 0165 0162 0163 0163 0163 0164 0164 0165 0168
0184 0192 0203 0215 0206 0200 0199 0193 0184 0177 0175 0174 0217 1136 0162 0048.
0173 0170 0169 0166 0166 0164 0166 0165 0166 0163 0164 0172
0183 0190 0197 0206 0227 0224 0209 0206 0190 0184 0180 0179 0234 1315 0156 0633.
0177 0175 0174 0171 0169 0170 0163 0165 0159 0164 0162 0163
0168 0171 0181 0176 0179 0178 0167 0160 0157 0151 0151 0148 0184 1041 0148 1957.
0144 0141 0143 0139 0135 0134 0130 0131 0124 0125 0127 0132
0146 0156 0156 0167 0173 0186 0176 0170 0159 0147 0140 0137 0192 1317 0122 0420.
0136 0138 0138 0139 0139 0139 0138 0138 0138 0138 0139 0149
0155 0160 0161 0169 0156 0156 0158 0145 0144 0142 0140 0139 0172 1139 0134 2040.
0136 0137 0136 0138 0138 0138 0138 0138 0137 0138 0139 0141
0147 0160 0168 0177 0200 0198 0197 0188 0170 0156 0154 0146 0212 1306 0129 2214=
0236 0233 0232 0230 0229 0228 0228 0227 0226 0225 0225 0225
0228 0233 0239 0244 0248 0252 0254 0253 0251 0246 0240 0236.
0231 0227 0224 0221 0219 0218 0217 0215 0212 0209 0207 0209
0217 0229 0246 0263 0278 0287 0291 0288 0281 0272 0263 0256.
0251 0247 0243 0239 0235 0232 0229 0227 0224 0222 0220 0222
0229 0240 0256 0272 0285 0294 0298 0297 0291 0282 0272 0266.
0260 0255 0251 0247 0243 0239 0236 0232 0229 0227 0224 0226
0234 0245 0261 0278 0293 0302 0306 0303 0295 0286 0276 0268.
0262 0257 0252 0248 0244 0241 0238 0236 0236 0236 0235 0235
0239 0246 0255 0272 0286 0295 0293 0294 0287 0277 0268 0263.
0258 0254 0250 0248 0247 0245 0244 0241 0237 0236 0233 0235
0242 0252 0259 0268 0272 0283 0290 0289 0282 0274 0268 0263.
0259 0257 0255 0254 0252 0250 0249 0247 0246 0245 0244 0245
0247 0253 0262 0277 0287 0292 0296 0295 0286 0278 0271 0267.
0263 0260 0258 0255 0252 0250 0249 0248 0246 0245 0243 0244
0248 0249 0256 0263 0277 0276 0274 0269 0264 0257 0250 0245.
0241 0238 0235 0233 0232 0231 0228 0226 0224 0221 0220 0220
0222 0227 0234 0244 0251 0255 0261 0254 0250 0243 0237 0232.
0229 0226 0223 0221 0219 0217 0216 0215 0213 0212 0212 0212
0215 0223 0226 0229 0230 0231 0231 0230 0228 0225 0220 0217.
0214 0212 0211 0209 0207 0207 0206 0205 0205 0204 0203 0204
0205 0208 0213 0216 0217 0217 0217 0216 0214 0211 0208 0206.
0205 0203 0202 0202 0201 0200 0199 0199 0198 0198 0197 0197
0198 0202 0209 0214 0217 0220 0218 0219 0216 0212 0209 0206.
0205 0204 0202 0202 0200 0200 0199 0198 0197 0197 0197 0197
0198 0199 0199 0199 0201 0201 0202 0204 0203 0202 0200 0198.
0197 0196 0196 0195 0195 0194 0193 0193 0192 0191 0191 0192
0194 0197 0197 0199 0200 0200 0201 0201 0201 0200 0199 0198.
0197 0196 0195 0195 0195 0194 0194 0193 0192 0192 0191 0191
0193 0198 0203 0207 0207 0209 0207 0207 0206 0204 0202 0201.
0200 0199 0199 0198 0198 0198 0197 0197 0197 0197 0196 0197
0200 0206 0215 0223 0232 0244 0244 0239 0233 0229 0225 0223.
0221 0218 0214 0209 0205 0203 0201 0200 0198 0197 0195 0197
0202 0211 0225 0240 0249 0250 0251 0247 0243 0237 0233 0229.
0226 0223 0221 0218 0215 0212 0211 0209 0209 0206 0205 0207
0211 0220 0234 0240 0251 0259 0263 0261 0257 0250 0242 0236.
0231 0227 0225 0225 0224 0222 0219 0216 0214 0214 0212 0214
0218 0226 0234 0246 0253 0252 0247 0244 0240 0236 0232 0230.
0228 0226 0224 0222 0220 0219 0219 0218 0218 0217 0217 0216
0217 0217 0219 0221 0224 0226 0226 0228 0226 0225 0223 0222.
0221 0220 0219 0218 0218 0218 0217 0217 0217 0216 0216 0216
0216 0219 0221 0225 0229 0231 0231 0232 0231 0229 0228 0227.
0226 0225 0225 0224 0223 0223 0222 0221 0221 0220 0219 0220
0222 0226 0230 0235 0238 0237 0237 0236 0234 0232 0229 0227.
0225 0224 0223 0221 0219 0218 0216 0215 0214 0213 0211 0210
0209 0210 0210 0210 0211 0210 0209 0208 0206 0204 0202 0200.
0198 0197 0195 0193 0192 0191 0190 0189 0188 0187 0186 0186
0185 0185 0186 0188 0188 0190 0190 0191 0190 0189 0187 0186.
0185 0184 0183 0182 0182 0181 0181 0181 0180 0180 0180 0180
0181 0183 0186 0187 0189 0189 0191 0191 0190 0189 0188 0187.
0186 0185 0184 0183 0182 0182 0181 0181 0180 0180 0180 0180
0181 0184 0187 0192 0195 0195 0196 0196 0195 0192 0191 0189.
0188 0187 0186 0185 0184 0183 0182 0182 0181 0181 0180 0180
0181 0184 0186 0188 0193 0199 0201 0201 0200 0197 0195 0193.
0192 0190 0189 0188 0185 0185 0184 0181 0178 0178 0177 0177
0178 0179 0180 0182 0182 0183 0183 0181 0179 0177 0175 0174.
0172 0170 0169 0167 0166 0162 0161 0160 0157 0154 0154 0153
0154 0157 0160 0162 0164 0168 0171 0172 0172 0169 0166 0164.
0162 0160 0160 0159 0159 0158 0158 0158 0157 0157 0157 0157
0159 0160 0162 0164 0165 0165 0164 0164 0163 0161 0160 0160.
0158 0157 0156 0156 0156 0155 0155 0155 0155 0155 0155 0155
0155 0157 0160 0164 0169 0174 0178 0180 0178 0175 0172 0170=
0240 0238 0237 0235 0234 0233 0232 0231 0231 0230 0229 0229
0230 0232 0235 0238 0241 0244 0247 0248 0248 0247 0244 0241.
0238 0235 0232 0230 0227 0226 0224 0223 0221 0219 0217 0216
0218 0223 0231 0241 0253 0262 0269 0272 0272 0269 0264 0260.
0255 0252 0249 0245 0243 0240 0237 0235 0233 0231 0229 0228
0229 0234 0241 0251 0261 0270 0277 0280 0280 0277 0273 0268.
0264 0260 0256 0253 0250 0247 0244 0241 0238 0236 0234 0232
0234 0239 0246 0256 0267 0276 0283 0286 0285 0282 0277 0272.
0267 0263 0259 0256 0252 0249 0246 0244 0242 0242 0241 0240
0241 0243 0248 0255 0265 0273 0278 0280 0280 0276 0271 0267.
0263 0259 0256 0254 0252 0250 0249 0247 0245 0243 0241 0240
0241 0245 0251 0256 0260 0266 0273 0276 0276 0273 0269 0265.
0262 0260 0258 0257 0255 0254 0252 0251 0250 0249 0248 0247
0248 0250 0254 0260 0268 0275 0279 0282 0281 0277 0273 0269.
0267 0264 0262 0259 0257 0255 0254 0252 0251 0250 0248 0247
0248 0249 0251 0255 0261 0266 0267 0266 0264 0261 0257 0253.
0249 0246 0243 0241 0240 0238 0236 0235 0233 0231 0229 0228
0228 0229 0232 0236 0242 0246 0251 0251 0250 0247 0243 0240.
0237 0234 0231 0229 0228 0226 0224 0223 0222 0220 0219 0219
0219 0222 0225 0228 0229 0230 0231 0231 0231 0229 0227 0224.
0222 0220 0219 0217 0216 0215 0213 0213 0212 0211 0211 0210
0210 0211 0213 0216 0217 0218 0218 0218 0218 0216 0215 0213.
0212 0210 0209 0209 0208 0207 0206 0206 0205 0204 0204 0203
0203 0204 0207 0211 0214 0217 0218 0218 0218 0216 0214 0212.
0211 0210 0209 0208 0207 0206 0205 0204 0204 0203 0203 0202
0202 0203 0203 0203 0204 0204 0205 0205 0206 0206 0205 0204.
0203 0202 0201 0201 0200 0200 0199 0199 0198 0198 0197 0197
0197 0199 0200 0201 0202 0202 0203 0203 0203 0203 0203 0202.
0201 0201 0200 0200 0199 0199 0199 0198 0198 0197 0197 0196
0197 0198 0201 0204 0206 0207 0207 0207 0207 0206 0206 0205.
0204 0203 0203 0202 0202 0202 0201 0201 0201 0201 0200 0200
0201 0204 0208 0213 0218 0226 0232 0232 0231 0228 0226 0224.
0223 0221 0219 0216 0213 0211 0209 0207 0206 0204 0203 0202
0203 0206 0213 0222 0230 0235 0238 0239 0238 0236 0234 0231.
0229 0227 0225 0223 0221 0218 0216 0215 0214 0213 0211 0211
0212 0215 0222 0228 0234 0241 0246 0249 0250 0247 0244 0240.
0236 0232 0230 0228 0227 0226 0224 0222 0220 0219 0218 0217
0218 0221 0226 0232 0239 0242 0242 0241 0239 0237 0235 0232.
0231 0229 0228 0226 0225 0224 0223 0222 0222 0221 0220 0220
0220 0220 0220 0221 0222 0224 0225 0226 0226 0226 0225 0224.
0223 0222 0221 0221 0220 0220 0219 0219 0219 0219 0218 0218
0218 0219 0220 0222 0224 0226 0227 0228 0229 0229 0228 0227.
0227 0226 0226 0225 0225 0224 0224 0223 0223 0222 0222 0222
0222 0223 0225 0228 0231 0232 0233 0233 0233 0232 0231 0230.
0228 0227 0226 0225 0224 0222 0221 0220 0219 0218 0217 0216
0215 0214 0214 0214 0214 0214 0213 0213 0212 0211 0209 0208.
0206 0205 0203 0202 0201 0199 0199 0198 0197 0196 0195 0194
0193 0193 0193 0193 0193 0194 0194 0195 0195 0194 0194 0193.
0192 0191 0190 0189 0189 0188 0187 0187 0187 0186 0186 0186
0186 0186 0188 0189 0190 0191 0191 0192 0193 0192 0192 0191.
0190 0190 0189 0189 0188 0187 0187 0186 0186 0185 0185 0185
0185 0186 0187 0189 0192 0194 0194 0195 0195 0195 0194 0193.
0192 0192 0191 0190 0189 0188 0187 0187 0186 0186 0185 0185
0185 0185 0187 0188 0190 0193 0196 0197 0198 0198 0197 0196.
0195 0194 0193 0192 0191 0190 0189 0188 0185 0184 0183 0183
0182 0183 0183 0184 0184 0185 0185 0185 0184 0183 0181 0180.
0179 0178 0176 0175 0174 0172 0170 0169 0167 0164 0163 0162
0162 0162 0163 0165 0166 0168 0170 0172 0173 0173 0172 0170.
0169 0168 0167 0166 0165 0165 0164 0164 0164 0163 0163 0163
0163 0164 0165 0166 0167 0168 0168 0168 0167 0167 0166 0165.
0165 0164 0163 0162 0162 0161 0161 0161 0161 0160 0160 0160
0160 0160 0162 0164 0166 0169 0172 0175 0176 0176 0175 0173=
0244 0243 0241 0240 0239 0238 0237 0236 0236 0235 0234 0234
0234 0234 0235 0237 0240 0242 0244 0246 0247 0247 0246 0245.
0243 0241 0239 0237 0235 0233 0232 0231 0229 0228 0226 0224
0224 0225 0229 0234 0241 0249 0255 0260 0263 0263 0262 0260.
0258 0255 0253 0250 0248 0246 0244 0242 0240 0238 0236 0235
0234 0235 0238 0243 0250 0257 0263 0268 0270 0271 0270 0268.
0265 0263 0260 0258 0255 0253 0251 0248 0246 0244 0242 0240
0239 0240 0243 0249 0255 0262 0269 0273 0276 0276 0275 0272.
0269 0266 0264 0261 0258 0256 0253 0251 0249 0248 0247 0246
0245 0245 0247 0250 0256 0262 0267 0270 0272 0272 0271 0268.
0266 0263 0261 0259 0257 0255 0254 0253 0251 0249 0247 0246
0245 0246 0249 0252 0255 0259 0263 0267 0270 0270 0268 0266.
0265 0263 0261 0260 0258 0257 0256 0255 0254 0253 0252 0251
0251 0251 0253 0256 0260 0265 0269 0273 0275 0274 0273 0270.
0268 0266 0265 0263 0261 0260 0258 0257 0256 0254 0253 0252
0252 0252 0252 0254 0257 0261 0263 0264 0264 0262 0260 0258.
0255 0253 0251 0248 0247 0245 0244 0242 0241 0239 0237 0236
0235 0235 0236 0237 0241 0244 0247 0249 0250 0249 0247 0245.
0243 0241 0239 0237 0235 0234 0232 0231 0230 0229 0227 0227
0226 0226 0228 0230 0231 0232 0233 0233 0233 0233 0232 0231.
0229 0228 0226 0225 0224 0222 0221 0220 0220 0219 0218 0217
0217 0217 0218 0219 0220 0221 0222 0222 0222 0221 0220 0220.
0218 0217 0216 0216 0215 0214 0213 0213 0212 0212 0211 0211
0210 0210 0211 0213 0215 0217 0218 0219 0220 0220 0219 0218.
0217 0216 0215 0214 0213 0212 0212 0211 0210 0210 0209 0209
0208 0208 0208 0208 0209 0209 0209 0209 0210 0210 0210 0209.
0209 0208 0208 0207 0206 0206 0206 0205 0205 0204 0204 0203
0203 0203 0204 0205 0205 0206 0206 0207 0207 0207 0207 0207.
0207 0206 0206 0205 0205 0205 0204 0204 0203 0203 0203 0202
0202 0202 0203 0205 0207 0208 0209 0209 0210 0209 0209 0209.
0208 0208 0207 0207 0207 0206 0206 0206 0206 0205 0205 0205
0205 0206 0208 0210 0214 0218 0223 0226 0227 0227 0226 0225.
0224 0223 0222 0221 0219 0217 0215 0214 0212 0211 0210 0209
0208 0209 0211 0216 0221 0227 0230 0233 0234 0234 0233 0232.
0231 0229 0228 0226 0225 0223 0222 0220 0219 0218 0217 0216
0216 0216 0219 0223 0227 0232 0237 0240 0243 0243 0242 0240.
0238 0236 0234 0232 0231 0230 0229 0227 0226 0225 0223 0222
0222 0223 0225 0228 0232 0236 0238 0238 0238 0237 0236 0235.
0234 0232 0231 0230 0229 0228 0227 0226 0226 0225 0225 0224
0224 0223 0223 0223 0224 0225 0226 0226 0227 0227 0227 0227.
0226 0225 0225 0224 0224 0223 0223 0223 0223 0222 0222 0221
0221 0221 0221 0222 0223 0225 0226 0227 0228 0229 0229 0228.
0228 0228 0228 0227 0227 0227 0226 0226 0226 0225 0225 0224
0224 0224 0225 0227 0229 0230 0231 0232 0232 0232 0232 0231.
0231 0230 0229 0228 0227 0226 0225 0224 0224 0223 0222 0221
0220 0219 0218 0218 0218 0218 0217 0217 0216 0216 0215 0214.
0213 0211 0210 0209 0208 0207 0206 0205 0204 0203 0202 0201
0201 0200 0199 0199 0199 0199 0199 0199 0199 0199 0199 0199.
0198 0197 0197 0196 0195 0195 0194 0194 0193 0193 0192 0192
0192 0192 0192 0193 0193 0194 0195 0195 0196 0196 0196 0195.
0195 0195 0194 0194 0193 0193 0192 0192 0191 0191 0191 0190
0190 0190 0191 0192 0193 0195 0196 0197 0197 0197 0197 0197.
0196 0196 0195 0195 0194 0193 0193 0192 0192 0191 0191 0190
0190 0190 0190 0191 0192 0194 0196 0197 0198 0199 0199 0198.
0198 0198 0197 0196 0196 0195 0194 0193 0191 0190 0189 0188
0188 0188 0188 0188 0188 0189 0189 0189 0189 0188 0187 0186.
0185 0184 0183 0182 0181 0180 0178 0177 0176 0174 0172 0171
0170 0170 0170 0171 0171 0172 0174 0175 0176 0177 0177 0176.
0175 0174 0173 0173 0172 0172 0171 0171 0170 0170 0170 0169
0169 0169 0170 0170 0171 0172 0172 0172 0172 0172 0172 0171.
0171 0170 0169 0169 0168 0168 0168 0167 0167 0167 0166 0166
0166 0166 0166 0167 0169 0170 0172 0174 0176 0177 0177 0177=
0243 0242 0241 0241 0240 0239 0238 0238 0237 0237 0236 0235
0235 0235 0235 0236 0237 0238 0240 0241 0242 0243 0244 0243.
0242 0241 0240 0239 0238 0236 0235 0234 0233 0232 0230 0229
0228 0228 0229 0231 0234 0238 0243 0247 0251 0253 0254 0254.
0254 0252 0251 0250 0248 0247 0245 0244 0242 0241 0240 0238
0237 0237 0237 0239 0242 0246 0250 0254 0258 0260 0261 0261.
0260 0259 0258 0257 0255 0253 0252 0250 0248 0247 0245 0243
0242 0242 0242 0244 0247 0251 0256 0260 0263 0265 0266 0266.
0265 0263 0262 0260 0258 0256 0255 0253 0251 0250 0249 0248
0247 0246 0246 0247 0249 0253 0256 0259 0262 0264 0264 0263.
0262 0261 0260 0258 0257 0256 0254 0253 0252 0251 0250 0248
0247 0247 0247 0248 0250 0252 0255 0258 0260 0262 0262 0262.
0261 0260 0259 0258 0257 0256 0256 0255 0254 0253 0252 0252
0251 0251 0251 0252 0254 0256 0259 0262 0265 0266 0266 0266.
0265 0264 0263 0261 0260 0259 0258 0257 0256 0255 0254 0253
0252 0252 0252 0252 0253 0255 0257 0258 0259 0259 0258 0257.
0256 0254 0252 0251 0249 0248 0247 0245 0244 0243 0242 0240
0239 0238 0238 0238 0239 0241 0243 0245 0246 0246 0246 0245.
0244 0243 0241 0240 0239 0237 0236 0235 0234 0233 0232 0231
0230 0230 0230 0230 0231 0232 0232 0233 0233 0233 0233 0232.
0231 0231 0229 0228 0228 0226 0226 0225 0224 0223 0222 0222
0221 0221 0221 0221 0221 0222 0222 0223 0223 0223 0222 0222.
0221 0221 0220 0219 0218 0218 0217 0217 0216 0216 0215 0214
0214 0214 0214 0214 0215 0216 0217 0218 0219 0219 0219 0219.
0218 0218 0217 0217 0216 0215 0215 0214 0214 0213 0213 0212
0212 0211 0211 0211 0211 0211 0211 0211 0211 0212 0212 0211.
0211 0211 0210 0210 0209 0209 0209 0208 0208 0207 0207 0207
0206 0206 0206 0207 0207 0207 0208 0208 0208 0208 0208 0208.
0208 0208 0208 0207 0207 0207 0207 0206 0206 0206 0205 0205
0205 0204 0205 0205 0206 0207 0208 0209 0209 0209 0209 0209.
0209 0209 0209 0208 0208 0208 0208 0208 0207 0207 0207 0207
0206 0206 0207 0208 0210 0212 0215 0218 0220 0221 0222 0222.
0222 0221 0221 0220 0219 0218 0217 0216 0215 0214 0213 0212
0211 0211 0211 0213 0215 0219 0222 0224 0226 0227 0228 0228.
0228 0227 0226 0226 0225 0224 0223 0222 0221 0220 0219 0218
0217 0217 0217 0219 0221 0224 0227 0230 0233 0235 0235 0235.
0235 0234 0232 0231 0230 0229 0229 0228 0227 0226 0225 0224
0223 0223 0223 0224 0226 0229 0231 0232 0233 0233 0233 0232.
0232 0231 0231 0230 0229 0228 0227 0227 0226 0225 0225 0225
0224 0224 0223 0223 0223 0224 0224 0224 0225 0225 0225 0225.
0225 0225 0224 0224 0224 0223 0223 0223 0223 0222 0222 0222
0221 0221 0221 0221 0222 0222 0223 0224 0225 0226 0226 0226.
0226 0226 0226 0226 0226 0226 0225 0225 0225 0225 0224 0224
0224 0224 0224 0224 0225 0226 0227 0228 0229 0229 0229 0229.
0229 0228 0228 0227 0227 0226 0226 0225 0224 0224 0223 0222
0221 0221 0220 0219 0219 0219 0218 0218 0218 0217 0217 0216.
0215 0214 0213 0212 0211 0211 0210 0209 0208 0207 0206 0205
0205 0204 0203 0203 0202 0202 0202 0202 0202 0202 0202 0201.
0201 0200 0200 0199 0199 0198 0198 0197 0197 0196 0196 0196
0195 0195 0195 0195 0195 0195 0196 0196 0196 0197 0197 0197.
0197 0196 0196 0196 0196 0195 0195 0194 0194 0194 0193 0193
0193 0192 0193 0193 0193 0194 0195 0196 0196 0197 0197 0197.
0197 0197 0196 0196 0196 0195 0195 0194 0194 0194 0193 0193
0192 0192 0192 0192 0192 0193 0194 0195 0196 0197 0198 0198.
0198 0198 0197 0197 0197 0196 0196 0195 0194 0193 0192 0191
0191 0190 0190 0190 0190 0190 0190 0190 0190 0190 0190 0189.
0188 0188 0187 0186 0185 0184 0183 0182 0181 0179 0178 0177
0176 0175 0175 0175 0175 0175 0176 0176 0177 0178 0178 0178.
0178 0177 0177 0176 0176 0176 0175 0175 0174 0174 0174 0173
0173 0173 0173 0173 0173 0174 0174 0174 0174 0174 0174 0174.
0174 0173 0173 0172 0172 0172 0171 0171 0171 0170 0170 0170
0170 0170 0169 0170 0170 0171 0172 0173 0174 0176 0176 0177=
0239 0239 0239 0239 0239 0239 0239 0239 0239 0238 0238 0238
0238 0238 0238 0238 0237 0238 0238 0238 0238 0238 0238 0238.
0238 0238 0238 0238 0238 0238 0238 0237 0237 0236 0236 0236
0235 0235 0235 0235 0235 0235 0235 0235 0236 0236 0237 0237.
0238 0238 0239 0239 0239 0239 0239 0239 0239 0239 0239 0238
0238 0238 0237 0237 0237 0237 0238 0238 0239 0239 0240 0241.
0241 0242 0242 0242 0242 0243 0243 0243 0242 0242 0242 0242
0241 0241 0241 0240 0240 0240 0241 0241 0242 0242 0243 0243.
0244 0244 0245 0245 0245 0245 0245 0245 0244 0244 0244 0244
0243 0243 0243 0243 0243 0243 0243 0243 0243 0244 0244 0245.
0245 0245 0245 0245 0245 0245 0245 0245 0245 0245 0244 0244
0244 0244 0243 0243 0243 0243 0243 0243 0244 0244 0244 0245.
0245 0245 0245 0246 0246 0246 0246 0246 0245 0245 0245 0245
0245 0245 0245 0245 0245 0245 0245 0245 0246 0246 0246 0247.
0247 0247 0247 0247 0248 0248 0247 0247 0247 0247 0247 0247
0246 0246 0246 0246 0246 0246 0246 0246 0246 0246 0246 0246.
0246 0246 0245 0245 0245 0244 0244 0243 0243 0243 0242 0242
0241 0241 0240 0240 0240 0239 0239 0239 0239 0239 0239 0239.
0239 0239 0239 0238 0238 0237 0237 0237 0236 0236 0235 0235
0235 0234 0234 0234 0233 0233 0233 0233 0232 0232 0232 0232.
0232 0232 0231 0231 0231 0231 0230 0230 0230 0229 0229 0228
0228 0228 0227 0227 0227 0226 0226 0226 0226 0226 0226 0225.
0225 0225 0225 0225 0224 0224 0224 0224 0223 0223 0223 0223
0222 0222 0222 0222 0221 0221 0221 0221 0221 0221 0221 0221.
0221 0221 0221 0221 0221 0220 0220 0220 0220 0220 0219 0219
0219 0219 0219 0218 0218 0218 0218 0218 0217 0217 0217 0217.
0217 0217 0217 0217 0216 0216 0216 0216 0216 0216 0215 0215
0215 0215 0215 0214 0214 0214 0214 0214 0214 0214 0214 0214.
0214 0214 0214 0213 0213 0213 0213 0213 0213 0213 0213 0213
0212 0212 0212 0212 0212 0212 0212 0212 0212 0212 0212 0212.
0212 0212 0212 0212 0212 0212 0212 0212 0212 0212 0212 0212
0212 0212 0212 0212 0212 0212 0212 0213 0213 0213 0214 0214.
0215 0215 0215 0215 0216 0216 0216 0216 0216 0216 0215 0215
0215 0215 0215 0215 0215 0215 0215 0215 0216 0216 0216 0217.
0217 0218 0218 0218 0218 0219 0219 0219 0219 0218 0218 0218
0218 0218 0218 0218 0218 0218 0218 0218 0219 0219 0220 0220.
0221 0221 0221 0221 0222 0222 0222 0222 0222 0222 0222 0221
0221 0221 0221 0221 0221 0221 0221 0221 0222 0222 0222 0222.
0223 0223 0223 0223 0223 0223 0223 0223 0223 0222 0222 0222
0222 0222 0222 0222 0222 0222 0222 0222 0222 0222 0222 0222.
0222 0222 0222 0222 0222 0221 0222 0221 0221 0221 0221 0221
0221 0221 0221 0221 0221 0221 0221 0221 0221 0221 0222 0222.
0222 0222 0222 0222 0222 0222 0222 0222 0222 0222 0222 0223
0222 0223 0223 0222 0223 0223 0223 0223 0223 0223 0223 0223.
0224 0224 0224 0224 0224 0224 0224 0224 0223 0223 0223 0223
0223 0222 0222 0222 0222 0221 0221 0221 0220 0220 0220 0219.
0219 0219 0219 0218 0218 0217 0217 0216 0216 0215 0215 0215
0214 0214 0213 0213 0212 0212 0211 0211 0211 0210 0210 0210.
0209 0209 0209 0208 0208 0208 0207 0207 0207 0206 0206 0206
0206 0205 0205 0205 0204 0204 0204 0204 0204 0204 0203 0203.
0203 0203 0203 0203 0203 0203 0202 0202 0202 0202 0202 0201
0201 0201 0201 0201 0201 0201 0201 0200 0200 0201 0201 0201.
0201 0201 0201 0201 0201 0200 0200 0200 0200 0200 0200 0200
0200 0199 0199 0199 0199 0199 0199 0199 0199 0199 0199 0199.
0199 0199 0199 0199 0199 0199 0199 0199 0199 0198 0198 0198
0198 0198 0197 0197 0197 0197 0197 0197 0196 0196 0196 0196.
0196 0195 0195 0195 0195 0194 0194 0193 0193 0192 0191 0191
0191 0190 0190 0189 0189 0189 0188 0188 0188 0188 0187 0187.
0187 0187 0187 0187 0187 0187 0186 0186 0186 0186 0185 0185
0185 0185 0184 0184 0184 0184 0184 0184 0184 0184 0184 0183.
0183 0183 0183 0183 0183 0182 0182 0182 0182 0182 0181 0181
0181 0181 0181 0181 0180 0180 0180 0180 0180 0180 0180 0181=
KB
0246 0246 0246 0246 0246 0246 0246 0246 0246 0246 0246 0246
0246 0246 0245 0245 0245 0245 0245 0245 0245 0245 0245 0245.
0245 0245 0245 0245 0244 0244 0244 0244 0244 0244 0244 0244
0244 0244 0244 0244 0244 0244 0243 0243 0243 0243 0243 0243.
0243 0243 0243 0243 0243 0243 0243 0243 0243 0243 0243 0243
0243 0243 0243 0243 0243 0243 0243 0243 0243 0243 0242 0242.
0243 0242 0242 0242 0242 0243 0243 0243 0243 0243 0243 0243
0243 0243 0243 0243 0243 0243 0243 0243 0243 0243 0243 0243.
0243 0243 0243 0243 0243 0243 0243 0243 0243 0243 0243 0243
0244 0244 0244 0244 0244 0244 0244 0244 0244 0244 0244 0244.
0244 0244 0244 0244 0244 0244 0244 0244 0244 0244 0244 0244
0244 0244 0244 0244 0244 0244 0244 0244 0244 0244 0244 0244.
0244 0244 0244 0244 0244 0244 0244 0244 0244 0244 0244 0244
0244 0244 0245 0245 0245 0245 0244 0245 0245 0245 0244 0245.
0245 0245 0245 0245 0245 0245 0245 0245 0245 0245 0245 0245
0245 0245 0245 0245 0245 0245 0245 0245 0245 0245 0245 0245.
0245 0245 0245 0245 0245 0245 0245 0245 0245 0245 0245 0245
0245 0245 0245 0245 0245 0245 0245 0245 0244 0244 0244 0244.
0244 0244 0244 0244 0244 0244 0243 0243 0243 0243 0243 0243
0243 0243 0243 0243 0243 0242 0242 0242 0242 0242 0242 0242.
0241 0241 0241 0241 0241 0241 0241 0241 0240 0240 0240 0240
0240 0240 0240 0239 0239 0239 0239 0239 0239 0238 0238 0238.
0238 0238 0238 0238 0237 0237 0237 0237 0237 0237 0236 0236
0236 0236 0236 0236 0235 0235 0235 0235 0235 0235 0235 0234.
0234 0234 0234 0234 0234 0234 0233 0233 0233 0233 0233 0233
0233 0233 0232 0232 0232 0232 0232 0232 0232 0231 0231 0231.
0231 0231 0231 0231 0231 0230 0230 0230 0230 0230 0230 0230
0229 0229 0229 0229 0229 0229 0229 0229 0228 0228 0228 0228.
0228 0228 0228 0227 0227 0227 0227 0227 0227 0227 0227 0227
0226 0226 0226 0226 0226 0226 0226 0226 0226 0226 0225 0225.
0225 0225 0225 0225 0225 0225 0225 0225 0225 0224 0224 0224
0224 0224 0224 0224 0224 0224 0224 0224 0224 0224 0224 0224.
0223 0223 0223 0223 0223 0223 0223 0223 0223 0223 0223 0223
0223 0223 0223 0223 0223 0223 0223 0223 0223 0223 0223 0223.
0223 0223 0223 0223 0223 0223 0223 0223 0223 0223 0223 0223
0223 0224 0224 0224 0224 0224 0224 0224 0224 0224 0224 0224.
0224 0224 0224 0224 0224 0224 0224 0224 0224 0224 0224 0224
0224 0224 0224 0224 0224 0225 0224 0225 0225 0225 0225 0225.
0225 0225 0225 0225 0225 0225 0225 0225 0225 0225 0225 0225
0225 0225 0225 0225 0225 0225 0225 0225 0225 0225 0225 0225.
0225 0225 0225 0225 0225 0225 0225 0225 0225 0225 0225 0225
0225 0225 0225 0225 0225 0225 0225 0225 0225 0225 0225 0225.
0225 0225 0225 0225 0225 0225 0225 0225 0225 0225 0225 0225
0225 0225 0225 0225 0225 0225 0225 0225 0225 0225 0225 0225.
0225 0225 0225 0225 0225 0225 0225 0225 0225 0225 0225 0225
0225 0226 0226 0226 0226 0226 0226 0226 0225 0225 0225 0225.
0225 0225 0225 0225 0225 0225 0225 0225 0225 0225 0225 0224
0224 0224 0224 0224 0224 0224 0224 0223 0223 0223 0223 0223.
0223 0222 0222 0222 0222 0222 0222 0221 0221 0221 0221 0221
0221 0220 0220 0220 0220 0220 0220 0219 0219 0219 0219 0219.
0219 0218 0218 0218 0218 0218 0218 0217 0217 0217 0217 0217
0217 0217 0216 0216 0216 0216 0216 0216 0216 0215 0215 0215.
0215 0215 0215 0215 0215 0214 0214 0214 0214 0214 0214 0214
0214 0214 0214 0213 0213 0213 0213 0213 0213 0213 0213 0213.
0213 0212 0212 0212 0212 0212 0212 0212 0212 0212 0212 0212
0211 0211 0211 0211 0211 0211 0211 0211 0210 0210 0210 0210.
0210 0210 0210 0210 0210 0209 0209 0209 0209 0209 0209 0208
0208 0208 0208 0208 0207 0207 0207 0207 0207 0207 0206 0206.
0206 0206 0206 0205 0205 0205 0205 0205 0205 0204 0204 0204
0204 0204 0204 0203 0203 0203 0203 0203 0203 0202 0202 0202.
0202 0202 0202 0202 0201 0201 0201 0201 0201 0201 0201 0200
0200 0200 0200 0200 0200 0200 0200 0199 0199 0199 0199 0199=
0248 0248 0248 0248 0248 0248 0248 0248 0248 0248 0248 0248
0248 0248 0247 0247 0247 0248 0247 0247 0247 0247 0247 0247.
0247 0247 0247 0247 0247 0247 0247 0247 0247 0247 0247 0247
0247 0247 0247 0247 0247 0247 0247 0247 0247 0247 0247 0246.
0246 0246 0246 0246 0246 0246 0246 0246 0246 0246 0246 0246
0246 0246 0246 0246 0246 0246 0246 0246 0246 0246 0246 0246.
0246 0246 0246 0246 0245 0246 0245 0245 0245 0245 0245 0245
0245 0245 0245 0245 0245 0245 0245 0245 0245 0245 0245 0245.
0245 0245 0245 0245 0245 0245 0245 0245 0245 0244 0245 0244
0245 0245 0244 0244 0245 0244 0244 0244 0244 0244 0244 0244.
0244 0244 0244 0244 0244 0244 0244 0244 0244 0244 0244 0244
0244 0244 0244 0244 0244 0244 0244 0244 0244 0244 0244 0244.
0244 0244 0244 0244 0244 0243 0244 0243 0243 0243 0243 0243
0243 0243 0243 0243 0243 0243 0243 0243 0243 0243 0243 0243.
0243 0243 0243 0243 0243 0243 0243 0243 0243 0243 0243 0243
0243 0243 0243 0243 0243 0243 0243 0243 0243 0243 0243 0243.
0243 0243 0243 0243 0242 0242 0243 0243 0243 0243 0243 0242
0243 0243 0243 0243 0243 0243 0243 0243 0243 0243 0243 0242.
0243 0243 0242 0242 0242 0242 0242 0242 0242 0242 0242 0242
0242 0242 0242 0242 0242 0242 0242 0242 0242 0242 0242 0242.
0242 0242 0242 0242 0242 0242 0242 0242 0242 0242 0242 0242
0242 0242 0242 0242 0242 0242 0242 0242 0242 0242 0242 0242.
0242 0242 0242 0242 0242 0242 0242 0242 0242 0242 0242 0242
0242 0241 0242 0242 0242 0242 0241 0241 0241 0241 0241 0241.
0241 0241 0241 0241 0241 0241 0241 0241 0241 0241 0241 0241
0241 0241 0241 0241 0241 0241 0241 0241 0241 0241 0241 0241.
0240 0240 0240 0240 0240 0240 0240 0240 0240 0240 0240 0240
0240 0240 0240 0240 0240 0240 0240 0240 0240 0240 0240 0240.
0240 0240 0240 0240 0239 0239 0239 0239 0239 0239 0239 0239
0239 0239 0239 0239 0239 0239 0239 0239 0239 0239 0239 0239.
0239 0239 0239 0238 0238 0238 0238 0238 0238 0238 0238 0238
0238 0238 0238 0238 0238 0238 0238 0238 0238 0238 0238 0238.
0238 0237 0237 0237 0237 0237 0237 0237 0237 0237 0237 0237
0237 0237 0237 0237 0237 0237 0237 0237 0237 0236 0236 0236.
0236 0236 0236 0236 0236 0236 0236 0236 0236 0236 0236 0236
0236 0236 0236 0236 0236 0236 0236 0236 0236 0236 0235 0235.
0235 0235 0235 0235 0235 0235 0235 0235 0235 0235 0235 0235
0235 0235 0235 0235 0235 0235 0235 0235 0235 0234 0234 0234.
0234 0234 0234 0234 0234 0234 0234 0234 0234 0234 0234 0234
0234 0234 0234 0234 0234 0234 0234 0234 0234 0234 0234 0234.
0233 0234 0234 0233 0233 0233 0233 0233 0233 0233 0233 0233
0233 0233 0233 0233 0233 0233 0233 0233 0233 0233 0233 0233.
0233 0233 0233 0233 0233 0233 0233 0233 0233 0233 0233 0233
0233 0233 0233 0233 0233 0233 0233 0232 0232 0232 0232 0232.
0232 0232 0232 0232 0232 0232 0232 0232 0232 0232 0232 0232
0232 0232 0232 0232 0232 0232 0232 0232 0232 0232 0232 0232.
0232 0232 0232 0232 0232 0232 0232 0232 0232 0232 0232 0232
0232 0231 0232 0231 0232 0232 0232 0231 0232 0231 0231 0231.
0231 0231 0231 0231 0231 0231 0231 0231 0231 0231 0231 0231
0231 0231 0231 0231 0231 0231 0231 0231 0231 0231 0231 0231.
0231 0231 0231 0231 0231 0231 0231 0231 0231 0231 0231 0231
0231 0231 0231 0231 0231 0230 0230 0230 0230 0230 0230 0230.
0230 0230 0230 0230 0230 0230 0230 0230 0230 0230 0230 0230
0230 0230 0230 0230 0230 0230 0230 0230 0230 0230 0229 0229.
0229 0229 0229 0229 0229 0229 0229 0229 0229 0229 0229 0229
0229 0229 0229 0229 0229 0229 0229 0229 0228 0228 0229 0228.
0228 0228 0228 0228 0228 0228 0228 0228 0228 0228 0228 0228
0228 0228 0228 0228 0228 0228 0228 0228 0227 0227 0227 0227.
0227 0227 0227 0227 0227 0227 0227 0227 0227 0227 0227 0227
0227 0227 0227 0227 0227 0226 0226 0226 0226 0226 0226 0226.
0226 0226 0226 0226 0226 0226 0226 0226 0226 0226 0226 0226
0225 0225 0225 0225 0225 0225 0225 0225 0225 0225 0225 0225=
0225 0225 0225 0225 0225 0225 0225 0225 0225 0225 0225 0225
0225 0225 0225 0225 0225 0225 0225 0225 0225 0225 0225 0225.
0225 0225 0225 0225 0225 0225 0225 0225 0225 0225 0225 0225
0225 0225 0225 0225 0225 0225 0225 0225 0225 0225 0225 0225.
0225 0225 0225 0225 0225 0225 0225 0225 0225 0225 0225 0225
0225 0225 0225 0225 0225 0225 0225 0225 0225 0225 0225 0225.
0225 0225 0225 0225 0225 0225 0225 0225 0225 0225 0225 0225
0225 0225 0225 0225 0225 0225 0225 0225 0225 0225 0225 0225.
0225 0225 0225 0225 0225 0225 0225 0225 0225 0225 0225 0225
0225 0225 0225 0225 0225 0225 0225 0225 0225 0225 0225 0225.
0225 0225 0225 0225 0225 0225 0225 0225 0225 0225 0225 0225
0225 0225 0225 0225 0225 0225 0225 0225 0225 0225 0225 0225.
0225 0225 0225 0225 0225 0225 0225 0225 0225 0225 0225 0225
0225 0225 0225 0225 0225 0225 0225 0225 0225 0225 0225 0225.
0225 0225 0225 0225 0225 0225 0225 0225 0225 0225 0225 0225
0225 0225 0225 0225 0225 0225 0225 0225 0225 0225 0225 0225.
0225 0225 0225 0225 0225 0225 0225 0225 0225 0225 0225 0225
0225 0225 0225 0225 0225 0225 0225 0225 0225 0225 0225 0225.
0225 0225 0225 0225 0225 0225 0225 0225 0225 0225 0225 0225
0225 0225 0225 0225 0225 0225 0225 0225 0225 0225 0225 0225.
0225 0225 0225 0225 0225 0225 0225 0225 0225 0225 0225 0225
0225 0225 0225 0225 0225 0225 0225 0225 0225 0225 0225 0225.
0225 0225 0225 0225 0225 0225 0225 0225 0225 0225 0225 0225
0225 0225 0225 0225 0225 0225 0225 0225 0225 0225 0225 0225.
0225 0225 0225 0225 0225 0225 0225 0225 0225 0225 0225 0225
0225 0225 0225 0225 0225 0225 0225 0225 0225 0225 0225 0225.
0225 0225 0225 0225 0225 0225 0225 0225 0225 0225 0225 0225
0225 0225 0225 0225 0225 0225 0225 0225 0225 0225 0225 0225.
0225 0225 0225 0225 0225 0225 0225 0225 0225 0225 0225 0225
0225 0225 0225 0225 0225 0225 0225 0225 0225 0225 0225 0225.
0225 0225 0225 0225 0225 0225 0225 0225 0225 0225 0225 0225
0225 0225 0225 0225 0225 0225 0225 0225 0225 0225 0225 0225.
0225 0225 0225 0225 0225 0225 0225 0225 0225 0225 0225 0225
0225 0225 0225 0225 0225 0225 0225 0225 0225 0224 0225 0225.
0225 0225 0225 0225 0224 0225 0225 0225 0225 0225 0225 0225
0225 0225 0225 0225 0225 0225 0225 0225 0225 0225 0225 0225.
0224 0224 0224 0224 0224 0224 0225 0224 0224 0224 0224 0224
0224 0225 0225 0225 0225 0225 0224 0224 0224 0224 0224 0224.
0224 0224 0224 0224 0224 0224 0224 0224 0224 0224 0224 0224
0224 0224 0224 0224 0224 0224 0224 0224 0224 0224 0224 0224.
0224 0224 0224 0224 0224 0224 0224 0224 0224 0224 0224 0224
0224 0224 0224 0224 0224 0224 0224 0224 0224 0224 0224 0224.
0224 0224 0224 0224 0224 0224 0224 0224 0224 0224 0224 0224
0224 0224 0224 0224 0224 0224 0224 0224 0224 0224 0224 0224.
0224 0224 0224 0224 0224 0224 0224 0224 0224 0224 0224 0224
0224 0224 0224 0224 0224 0224 0224 0224 0224 0224 0224 0224.
0224 0224 0224 0224 0224 0224 0224 0224 0224 0224 0224 0224
0224 0224 0224 0224 0224 0224 0224 0224 0224 0224 0224 0224.
0224 0224 0224 0224 0224 0224 0224 0224 0224 0224 0224 0224
0224 0224 0224 0224 0224 0224 0224 0224 0224 0224 0224 0224.
0224 0224 0224 0224 0224 0224 0224 0224 0224 0224 0224 0224
0224 0224 0224 0224 0224 0224 0224 0224 0224 0224 0224 0224.
0224 0224 0224 0224 0224 0224 0224 0224 0224 0223 0224 0223
0224 0224 0223 0224 0224 0223 0223 0224 0224 0223 0223 0223.
0223 0223 0223 0223 0223 0223 0223 0223 0223 0223 0223 0223
0223 0223 0223 0223 0223 0223 0223 0223 0223 0223 0223 0223.
0223 0223 0223 0223 0223 0223 0223 0223 0223 0223 0223 0223
0223 0223 0223 0223 0223 0223 0223 0223 0223 0223 0223 0223.
0223 0223 0223 0223 0223 0223 0223 0223 0223 0223 0223 0223
0223 0223 0223 0223 0223 0223 0223 0223 0223 0223 0223 0223.
0223 0223 0223 0223 0223 0223 0223 0223 0223 0223 0223 0223
0223 0223 0223 0223 0223 0223 0223 0223 0223 0223 0223 0223=
A=
SA=
BA
0200 0195 0194 0186 0185 0185 0187 0186 0184 0181 0186 0213
0253 0279 0305 0302 0315 0333 0285 0273 0252 0210 0184 0166 0334 1352 0165 1958.
0145 0142 0136 0139 0151 0141 0154 0126 0117 0115 0132 0204
0278 0363 0444 0490 0513 0486 0447 0381 0291 0233 0201 0178 0524 1323 0113 0609.
0177 0173 0165 0158 0152 0148 0145 0145 0140 0137 0155 0212
0288 0363 0439 0483 0495 0479 0449 0400 0304 0247 0210 0205 0503 1254 0135 0530.
0184 0177 0177 0161 0155 0149 0142 0143 0136 0139 0150 0211
0281 0377 0438 0490 0521 0484 0458 0395 0297 0235 0195 0183 0524 1259 0133 0630.
0172 0174 0160 0158 0149 0149 0148 0171 0188 0185 0180 0207
0247 0355 0379 0479 0503 0474 0449 0378 0292 0238 0206 0213 0516 1336 0146 0238.
0188 0191 0181 0197 0189 0196 0182 0149 0162 0171 0177 0228
0303 0376 0340 0371 0491 0441 0429 0341 0274 0248 0226 0220 0494 1301 0144 0628.
0224 0222 0218 0211 0211 0208 0211 0197 0207 0198 0210 0230
0275 0333 0409 0453 0446 0436 0419 0327 0252 0233 0206 0204 0477 1238 0186 0349.
0202 0202 0201 0188 0192 0195 0196 0195 0189 0189 0191 0215
0235 0264 0333 0395 0410 0336 0286 0283 0251 0206 0196 0188 0529 1245 0187 2357.
0185 0176 0169 0167 0165 0157 0158 0153 0156 0158 0158 0181
0228 0274 0304 0378 0331 0390 0293 0283 0218 0189 0173 0171 0431 1434 0152 0402.
0166 0167 0163 0159 0148 0156 0154 0151 0149 0153 0155 0182
0245 0271 0272 0251 0256 0253 0243 0230 0189 0146 0139 0139 0299 0934 0124 1943.
0144 0138 0137 0133 0138 0143 0139 0137 0137 0137 0140 0141
0178 0171 0219 0221 0208 0219 0204 0187 0173 0157 0150 0150 0240 1126 0122 2311.
0149 0147 0147 0145 0144 0144 0143 0141 0142 0140 0140 0146
0168 0213 0252 0255 0266 0227 0223 0212 0184 0163 0140 0138 0281 1317 0136 1938.
0145 0143 0143 0143 0142 0141 0145 0140 0142 0145 0142 0152
0159 0158 0158 0163 0160 0168 0178 0164 0160 0152 0145 0142 0183 1227 0138 2001.
0143 0142 0142 0144 0147 0140 0145 0139 0138 0140 0145 0153
0177 0172 0172 0181 0178 0180 0176 0170 0168 0159 0156 0155 0191 0925 0137 0502.
0155 0151 0152 0153 0153 0151 0144 0145 0143 0146 0149 0153
0188 0202 0222 0203 0223 0189 0175 0175 0168 0156 0158 0159 0246 1131 0139 0518.
0160 0160 0161 0159 0162 0160 0161 0160 0161 0160 0161 0178
0215 0245 0297 0307 0397 0415 0295 0225 0213 0193 0189 0184 0437 1339 0158 2002.
0181 0162 0127 0121 0125 0134 0142 0143 0129 0124 0139 0173
0240 0321 0399 0425 0374 0359 0314 0279 0241 0207 0195 0188 0459 1153 0111 0612.
0178 0173 0165 0164 0137 0141 0156 0160 0154 0140 0159 0186
0248 0339 0345 0384 0444 0437 0410 0372 0262 0209 0179 0163 0450 1405 0129 0536.
0158 0154 0181 0186 0184 0154 0148 0149 0155 0169 0150 0208
0238 0319 0383 0433 0345 0288 0255 0242 0219 0192 0179 0180 0436 1201 0138 0639.
0178 0176 0179 0177 0179 0180 0182 0180 0181 0181 0180 0183
0188 0191 0203 0206 0218 0208 0226 0200 0196 0193 0191 0190 0229 1502 0174 0027.
0189 0187 0188 0188 0188 0190 0188 0188 0189 0190 0189 0193
0208 0208 0231 0237 0221 0229 0223 0223 0209 0200 0198 0198 0241 1209 0185 2329.
0199 0199 0195 0197 0194 0191 0189 0189 0188 0184 0190 0206
0228 0256 0265 0291 0246 0254 0229 0217 0203 0187 0180 0178 0293 1154 0177 1955.
0177 0176 0173 0171 0169 0165 0162 0160 0158 0154 0153 0151
0161 0167 0162 0181 0163 0154 0153 0152 0135 0130 0123 0119 0181 2038 0118 1959.
0121 0120 0119 0117 0115 0117 0114 0113 0109 0109 0108 0112
0121 0132 0133 0145 0158 0156 0155 0149 0139 0124 0121 0115 0166 1350 0105 0651.
0121 0118 0119 0121 0118 0119 0121 0127 0123 0124 0123 0138
0145 0180 0149 0163 0160 0164 0166 0156 0142 0135 0133 0133 0181 0949 0114 2010.
0134 0130 0129 0125 0125 0126 0128 0129 0129 0132 0133 0138
0167 0180 0200 0223 0200 0187 0186 0173 0155 0140 0139 0139 0233 1135 0124 0107.
0140 0135 0132 0132 0128 0127 0130 0129 0130 0129 0132 0150
0165 0178 0185 0200 0240 0227 0196 0197 0162 0150 0147 0146 0263 1318 0122 0131.
0143 0143 0141 0139 0138 0140 0131 0134 0131 0135 0133 0134
0140 0143 0166 0150 0149 0148 0125 0123 0115 0109 0105 0100 0169 1103 0099 1941.
0094 0092 0091 0089 0084 0085 0086 0085 0083 0083 0080 0087
0113 0135 0133 0146 0163 0189 0158 0149 0123 0099 0083 0077 0205 1314 0074 1917.
0079 0088 0088 0092 0095 0097 0094 0093 0093 0095 0101 0126
0127 0133 0128 0140 0118 0125 0125 0101 0103 0099 0097 0097 0153 1139 0071 2042.
0095 0098 0098 0102 0102 0103 0102 0102 0100 0101 0105 0110
0120 0149 0160 0175 0223 0213 0216 0187 0143 0115 0116 0100 0250 1303 0093 2105=
=
??????
******
YF
19011










20161010=
JY
8888=
GK
01/
05/=
BZ
10/03/08;14;20

10/24/24
11/=
######
