57461 3042N 11118E 001331 001343 105 000 S14 11111999919199111991 0 2015 04
PC
9896 9900 9899 9897 9891 9888 9879 9876 9877 9878 9883 9884
9888 9889 9884 9876 9871 9857 9851 9846 9844 9845 9844 9848 9901 2143 9838 1808.
9860 9862 9865 9869 9862 9858 9856 9860 9853 9854 9868 9882
9886 9884 9890 9878 9880 9879 9869 9869 9863 9863 9864 9866 9896 0842 9847 0521.
9874 9881 9880 9881 9885 9888 9885 9883 9883 9889 9900 9906
9916 9923 9922 9920 9912 9902 9896 9889 9892 9895 9892 9897 9926 1005 9866 2001.
9902 9911 9905 9899 9900 9897 9902 9904 9894 9908 9918 9925
9933 9949 9953 9947 9940 9933 9931 9934 9938 9944 9954 9962 9963 1958 9891 0449.
9974 9978 9975 9977 9974 9973 9968 9966 9970 9978 9988 9998
0004 0013 0014 0011 0007 0004 0000 9999 0000 0006 0012 0020 0020 1958 9963 2001.
0029 0033 0032 0033 0032 0023 0016 0029 0029 0030 0039 0047
0059 0063 0071 0070 0066 0067 0062 0066 0070 0081 0090 0101 0101 1958 0010 0245.
0112 0113 0108 0105 0106 0100 0091 0094 0102 0121 0124 0131
0146 0156 0159 0157 0151 0146 0146 0138 0142 0140 0145 0148 0162 1040 0088 0414.
0157 0158 0155 0148 0142 0136 0131 0125 0121 0124 0120 0124
0127 0128 0125 0121 0113 0102 0091 0083 0077 0076 0080 0082 0160 2223 0075 1713.
0089 0093 0091 0088 0081 0071 0064 0059 0060 0068 0075 0078
0081 0083 0082 0077 0071 0066 0060 0057 0056 0060 0063 0068 0093 2136 0055 1613.
0076 0081 0082 0080 0077 0073 0071 0070 0072 0077 0085 0089
0090 0090 0088 0081 0072 0062 0052 0049 0050 0050 0055 0065 0091 1036 0048 1548.
0074 0080 0079 0078 0073 0068 0063 0060 0061 0068 0072 0074
0077 0079 0076 0067 0059 0048 0042 0036 0035 0039 0046 0053 0081 2223 0034 1645.
0066 0074 0076 0080 0077 0068 0064 0063 0065 0070 0074 0077
0077 0074 0073 0064 0055 0059 0056 0056 0068 0075 0084 0096 0096 1956 0049 1518.
0108 0117 0122 0119 0113 0106 0103 0100 0098 0102 0107 0115
0118 0118 0110 0102 0089 0080 0068 0060 0060 0063 0070 0079 0122 2258 0058 1613.
0085 0086 0087 0083 0077 0071 0062 0056 0053 0051 0051 0051
0050 0046 0035 0022 0008 9990 9973 9960 9955 9955 9958 9966 0088 2229 9954 1701.
9971 9972 9973 9964 9959 9946 9945 9944 9950 9953 9953 9958
9961 9958 9955 9941 9930 9921 9914 9911 9917 9925 9934 9944 9977 2120 9911 1559.
9955 9958 9956 9953 9950 9940 9939 9936 9941 9949 9955 9969
9981 9992 9998 9994 9985 9979 9973 9961 9955 9953 9955 9958 0000 1113 9935 0314.
9964 9967 9965 9963 9957 9948 9938 9933 9929 9927 9931 9929
9933 9936 9933 9925 9914 9901 9895 9892 9894 9896 9901 9905 9968 2215 9892 1546.
9915 9922 9923 9917 9906 9899 9892 9888 9888 9889 9894 9901
9901 9904 9902 9900 9893 9889 9881 9877 9881 9886 9894 9903 9924 2219 9877 1532.
9917 9925 9929 9927 9925 9916 9916 9910 9912 9919 9924 9928
9937 9944 9947 9947 9944 9943 9947 9952 9959 9970 9981 9992 9992 1958 9903 2001.
0002 0009 0015 0020 0015 0011 0006 0006 0005 0009 0014 0019
0020 0026 0023 0016 0008 0000 9992 9987 9988 9989 0001 0012 0026 0952 9986 1607.
0023 0031 0031 0029 0028 0025 0018 0019 0020 0024 0034 0043
0047 0047 0042 0034 0026 0017 0012 0007 0007 0013 0021 0030 0049 1015 0005 1543.
0042 0048 0048 0047 0042 0038 0037 0039 0042 0045 0050 0055
0058 0064 0064 0062 0056 0050 0047 0042 0039 0040 0042 0045 0065 1007 0030 2001.
0050 0053 0051 0046 0042 0039 0037 0036 0036 0041 0044 0046
0046 0043 0040 0032 0024 0020 0013 0011 0010 0013 0019 0025 0053 2119 0009 1621.
0033 0041 0041 0038 0035 0030 0029 0024 0027 0031 0035 0043
0046 0049 0050 0050 0046 0041 0037 0034 0031 0030 0035 0040 0051 1025 0024 0347.
0046 0053 0056 0056 0051 0047 0045 0045 0041 0047 0052 0056
0055 0058 0056 0049 0039 0029 0023 0013 0011 0007 0011 0016 0058 1000 0007 1756.
0023 0030 0031 0028 0023 0017 0013 0011 0010 0010 0014 0016
0017 0015 0011 0002 9991 9978 9968 9964 9959 9961 9963 9965 0031 2243 9957 1641.
9971 9970 9969 9967 9962 9956 9950 9945 9945 9944 9949 9950
9951 9949 9946 9937 9928 9921 9921 9917 9915 9917 9923 9930 9971 2059 9914 1631.
9937 9940 9939 9936 9931 9929 9922 9922 9920 9920 9925 9926
9925 9923 9919 9912 9905 9899 9892 9892 9894 9898 9904 9914 9941 2205 9891 1448.
9925 9931 9937 9942 9946 9950 9953 9958 9964 9969 9978 9986
9991 9993 9993 9989 9980 9969 9960 9955 9951 9952 9952 9961 9994 1032 9914 2001.
9968 9969 9971 9972 9971 9966 9961 9961 9962 9964 9965 9967
9968 9967 9964 9955 9943 9934 9922 9913 9911 9913 9914 9918 9973 2342 9911 1642=
0041 0038 0012 0004
0016 0042 0039 0026
0048 0066 0061 0057
0056 0085 0093 0123
0134 0159 0165 0182
0184 0209 0230 0265
0264 0297 0312 0314
0302 0290 0268 0248
0236 0244 0231 0233
0237 0254 0224 0228
0230 0236 0208 0214
0228 0238 0219 0259
0267 0279 0242 0242
0233 0214 0150 0126
0103 0117 0078 0103
0097 0128 0136 0116
0104 0086 0059 0063
0057 0059 0046 0061
0074 0086 0102 0152
0172 0180 0159 0172
0185 0204 0176 0190
0197 0215 0209 0204
0197 0205 0177 0183
0187 0201 0199 0198
0206 0215 0186 0174
0174 0174 0134 0122
0111 0106 0075 0085
0083 0081 0051 0068
0102 0140 0123 0115
0120 0122 0088 0072=
TB
0246 0245 0232 0227 0220 0218 0215 0213 0213 0213 0213 0214
0216 0216 0214 0207 0200 0193 0180 0174 0175 0173 0167 0160 0254 2001 0160 1950.
0156 0156 0148 0140 0127 0126 0119 0115 0113 0109 0106 0103
0102 0104 0107 0110 0113 0113 0116 0123 0125 0129 0126 0127 0160 2001 0101 0819.
0130 0130 0130 0132 0130 0131 0131 0129 0130 0131 0131 0133
0133 0135 0139 0143 0148 0150 0150 0147 0141 0139 0136 0135 0151 1352 0127 2001.
0135 0135 0136 0134 0135 0136 0134 0135 0134 0134 0130 0128
0128 0128 0127 0131 0152 0155 0159 0157 0155 0152 0146 0143 0165 1509 0124 1117.
0142 0140 0134 0129 0122 0121 0122 0122 0122 0123 0122 0123
0126 0129 0132 0139 0144 0144 0147 0149 0149 0146 0143 0140 0151 1642 0121 0107.
0139 0138 0137 0136 0135 0133 0131 0128 0122 0121 0121 0118
0118 0120 0122 0120 0119 0119 0118 0115 0114 0117 0117 0112 0140 2001 0112 1946.
0112 0110 0110 0108 0102 0095 0093 0091 0089 0087 0081 0083
0082 0080 0085 0091 0097 0094 0093 0095 0096 0096 0093 0091 0116 2018 0078 0944.
0090 0088 0087 0085 0075 0074 0074 0076 0078 0077 0082 0078
0078 0079 0085 0089 0093 0101 0104 0105 0111 0108 0097 0089 0113 1712 0072 0209.
0085 0082 0074 0071 0071 0067 0062 0059 0063 0065 0069 0073
0083 0098 0117 0119 0121 0122 0127 0129 0129 0126 0120 0107 0130 1622 0058 0342.
0101 0092 0089 0082 0078 0080 0078 0078 0078 0077 0078 0089
0116 0147 0165 0182 0188 0191 0204 0203 0201 0192 0175 0155 0206 1546 0076 0543.
0146 0132 0125 0119 0110 0105 0103 0103 0101 0103 0104 0122
0144 0163 0183 0197 0217 0227 0228 0228 0223 0210 0195 0177 0236 1532 0100 0432.
0166 0152 0144 0134 0132 0127 0121 0115 0111 0106 0109 0130
0174 0214 0239 0248 0254 0225 0231 0209 0190 0161 0142 0129 0264 1319 0106 0600.
0125 0117 0115 0110 0104 0102 0095 0091 0083 0080 0081 0103
0128 0158 0175 0180 0192 0195 0194 0201 0196 0181 0167 0155 0203 1540 0078 0634.
0148 0129 0114 0104 0096 0089 0087 0080 0077 0068 0075 0099
0126 0157 0177 0194 0205 0227 0235 0238 0237 0225 0208 0193 0241 1535 0066 0612.
0181 0170 0159 0159 0159 0155 0151 0148 0142 0138 0138 0138
0142 0162 0186 0196 0212 0228 0241 0233 0223 0209 0197 0185 0242 1454 0137 0632.
0179 0172 0165 0160 0155 0150 0146 0143 0142 0139 0143 0154
0182 0195 0219 0232 0261 0252 0252 0248 0242 0234 0223 0210 0263 1306 0137 0625.
0196 0183 0174 0168 0165 0163 0159 0156 0153 0148 0152 0154
0158 0152 0154 0159 0163 0175 0180 0184 0180 0177 0171 0174 0209 2001 0148 0559.
0173 0169 0161 0159 0158 0159 0160 0162 0162 0163 0162 0165
0169 0172 0176 0179 0181 0182 0180 0179 0180 0179 0179 0176 0183 1335 0158 2342.
0176 0176 0174 0172 0170 0170 0169 0170 0168 0165 0164 0164
0164 0167 0165 0165 0168 0156 0151 0149 0148 0144 0144 0143 0177 2027 0143 1813.
0140 0139 0141 0140 0139 0138 0137 0136 0133 0126 0131 0146
0166 0191 0206 0207 0208 0218 0224 0226 0213 0205 0194 0183 0226 1600 0123 0617.
0170 0158 0145 0138 0134 0126 0121 0119 0115 0114 0120 0136
0163 0183 0205 0219 0224 0233 0240 0238 0233 0219 0211 0200 0246 1451 0113 0629.
0182 0170 0156 0153 0148 0144 0142 0137 0133 0129 0132 0153
0177 0207 0221 0247 0250 0249 0246 0246 0241 0234 0224 0217 0252 1205 0125 0612.
0209 0196 0185 0179 0169 0164 0164 0162 0160 0156 0155 0176
0199 0225 0244 0252 0264 0259 0261 0251 0254 0248 0236 0228 0268 1242 0154 0701.
0213 0206 0197 0190 0184 0177 0174 0170 0166 0165 0167 0179
0194 0207 0217 0220 0231 0233 0241 0240 0239 0236 0227 0219 0243 1456 0164 0538.
0206 0193 0184 0174 0165 0160 0154 0151 0146 0145 0150 0171
0195 0233 0243 0257 0269 0265 0264 0268 0264 0258 0246 0230 0274 1312 0143 0552.
0215 0199 0189 0179 0175 0168 0164 0161 0158 0153 0162 0180
0207 0234 0250 0271 0277 0289 0292 0280 0269 0255 0238 0231 0298 1448 0153 0555.
0221 0213 0203 0198 0193 0185 0179 0176 0171 0165 0177 0191
0222 0255 0281 0303 0308 0311 0301 0300 0289 0283 0271 0257 0318 1324 0165 0554.
0247 0235 0223 0215 0204 0202 0194 0187 0183 0182 0186 0209
0242 0281 0311 0332 0335 0342 0343 0342 0328 0315 0298 0282 0349 1419 0181 0602.
0269 0259 0258 0250 0235 0230 0231 0232 0227 0226 0227 0238
0245 0258 0276 0274 0288 0300 0298 0299 0293 0282 0272 0262 0303 1402 0223 0522.
0255 0246 0229 0221 0212 0205 0198 0195 0191 0185 0191 0204
0232 0254 0269 0283 0295 0297 0301 0302 0291 0286 0280 0269 0310 1514 0185 0559=
IB
=
0207 0208 0202 0200 0205 0204 0205 0203 0199 0205 0199 0197
0195 0193 0182 0175 0168 0169 0163 0164 0165 0156 0152 0144.
0143 0148 0138 0131 0114 0115 0113 0104 0107 0101 0098 0094
0088 0092 0086 0094 0090 0097 0099 0104 0104 0101 0103 0111.
0112 0114 0116 0118 0117 0113 0113 0120 0117 0123 0125 0122
0127 0124 0128 0137 0137 0142 0140 0134 0128 0128 0125 0124.
0129 0129 0130 0123 0124 0125 0123 0126 0129 0129 0125 0117
0119 0115 0114 0122 0120 0111 0113 0113 0105 0104 0098 0101.
0100 0100 0109 0110 0106 0107 0109 0114 0114 0117 0116 0117
0120 0118 0118 0125 0124 0123 0115 0107 0109 0117 0111 0117.
0121 0124 0119 0118 0121 0125 0123 0120 0114 0113 0113 0107
0104 0099 0106 0102 0101 0093 0097 0102 0093 0094 0056 0061.
0063 0066 0067 0062 0067 0069 0076 0079 0075 0067 0067 0071
0067 0056 0061 0058 0055 0056 0055 0051 0054 0054 0053 0060.
0057 0050 0054 0051 0053 0059 0062 0057 0067 0055 0055 0064
0058 0062 0060 0055 0053 0051 0052 0049 0056 0053 0051 0053.
0061 0058 0059 0054 0057 0052 0050 0049 0056 0058 0058 0067
0075 0074 0066 0064 0055 0063 0070 0058 0067 0058 0063 0066.
0072 0070 0074 0070 0067 0071 0071 0066 0071 0065 0072 0083
0090 0082 0080 0090 0079 0081 0081 0077 0078 0056 0058 0054.
0059 0081 0082 0086 0084 0081 0084 0082 0084 0087 0087 0092
0094 0095 0077 0071 0072 0047 0048 0039 0044 0080 0091 0093.
0100 0093 0098 0098 0096 0095 0093 0099 0087 0090 0097 0105
0108 0080 0087 0065 0034 0021 0064 0072 0062 0076 0086 0106.
0111 0103 0104 0099 0087 0086 0076 0072 0064 0065 0067 0072
0066 0054 -044 -023 -018 -016 -017 -005 -004 -007 -001 0001.
0003 0025 0034 0041 0031 0037 0043 0044 0039 0045 0039 0047
0041 0025 0012 0032 0028 0047 0045 0047 0046 0059 0071 0074.
0084 0087 0089 0096 0091 0096 0103 0108 0122 0125 0129 0125
0129 0147 0143 0144 0131 0146 0156 0151 0147 0152 0147 0148.
0153 0152 0152 0144 0145 0137 0138 0132 0136 0133 0137 0148
0141 0145 0145 0155 0118 0117 0124 0114 0115 0098 0105 0124.
0116 0118 0117 0121 0116 0125 0128 0133 0132 0123 0123 0125
0129 0129 0138 0148 0141 0140 0145 0137 0141 0142 0140 0149.
0149 0145 0146 0148 0152 0153 0154 0156 0156 0157 0151 0159
0158 0162 0163 0166 0166 0164 0170 0171 0172 0171 0171 0170.
0170 0170 0168 0166 0164 0159 0163 0165 0163 0159 0153 0158
0153 0161 0159 0159 0160 0148 0138 0131 0121 0126 0123 0122.
0115 0114 0121 0119 0118 0120 0123 0118 0114 0108 0122 0121
0113 0099 0089 0090 0084 0069 0078 0072 0056 0049 0058 0068.
0079 0088 0093 0093 0095 0091 0093 0091 0096 0095 0097 0100
0099 0080 0082 0070 0074 0078 0092 0090 0082 0084 0090 0087.
0101 0108 0108 0105 0112 0104 0108 0109 0112 0110 0114 0103
0108 0099 0096 0094 0085 0075 0077 0081 0085 0090 0099 0099.
0110 0121 0118 0115 0118 0116 0126 0122 0124 0124 0121 0123
0117 0116 0092 0091 0106 0097 0081 0102 0097 0087 0092 0099.
0111 0107 0122 0118 0124 0122 0125 0129 0124 0125 0127 0128
0127 0129 0131 0134 0133 0120 0130 0129 0122 0132 0135 0145.
0143 0130 0137 0131 0134 0138 0134 0136 0131 0127 0135 0134
0132 0138 0135 0122 0063 0085 0110 0109 0113 0123 0122 0129.
0129 0124 0129 0130 0138 0139 0137 0130 0136 0133 0135 0137
0139 0141 0142 0131 0129 0119 0122 0132 0140 0155 0156 0154.
0155 0167 0161 0164 0163 0157 0155 0149 0147 0140 0151 0148
0153 0158 0136 0122 0136 0143 0162 0175 0174 0166 0176 0181.
0179 0179 0177 0179 0176 0172 0172 0172 0168 0164 0171 0175
0172 0164 0163 0143 0155 0152 0152 0161 0193 0188 0198 0207.
0205 0209 0208 0205 0202 0200 0197 0203 0195 0201 0200 0205
0193 0194 0156 0144 0150 0149 0140 0148 0143 0144 0142 0153.
0149 0161 0162 0159 0155 0157 0157 0165 0163 0157 0161 0158
0158 0157 0156 0152 0120 0154 0154 0155 0156 0168 0178 0187=
EA
244 246 236 234 240 240 241 238 233 241 233 229
227 224 209 200 192 192 186 187 188 178 173 164.
163 168 158 150 135 136 134 126 128 124 121 118
113 116 112 118 115 120 121 126 126 123 125 132.
133 135 136 138 138 134 134 140 138 143 145 142
147 144 148 156 156 162 160 154 148 148 145 144.
148 148 149 143 144 145 143 145 149 149 145 137
139 136 135 142 140 132 134 134 127 126 121 124.
123 123 131 131 128 128 131 135 135 137 136 137
140 138 138 144 144 143 135 129 130 138 132 137.
141 143 139 139 141 145 143 140 135 134 134 129
126 122 128 125 124 117 120 125 117 118 091 094.
096 097 098 094 098 100 104 106 104 098 098 101
098 091 094 092 090 091 090 088 090 090 089 094.
092 087 090 088 089 093 095 092 098 090 090 096
092 095 093 090 089 088 088 086 091 089 088 089.
094 092 093 090 092 088 087 086 091 092 092 098
104 103 098 096 090 095 100 092 098 092 095 098.
101 100 103 100 098 101 100 097 100 097 102 109
115 109 107 115 106 108 108 105 106 091 092 090.
093 108 109 111 110 108 110 109 110 113 112 116
118 119 105 101 101 085 086 080 083 107 116 117.
123 117 121 121 120 119 117 122 112 115 120 127
129 107 113 097 078 071 096 101 094 104 112 128.
132 125 126 122 112 112 104 102 096 096 098 101
097 090 044 052 053 054 054 059 059 058 061 062.
062 073 078 082 076 080 083 084 081 084 081 085
082 073 067 077 075 085 084 085 085 093 101 103.
110 112 114 119 116 120 125 130 142 145 148 145
149 167 163 164 151 166 177 172 167 173 167 168.
174 173 173 164 165 157 158 151 155 152 156 168
161 165 165 176 139 138 144 135 136 121 127 144.
137 139 137 141 137 144 148 152 151 143 143 145
149 148 157 168 161 160 165 157 161 162 160 169.
170 165 166 168 172 173 174 177 177 178 171 180
179 184 185 189 189 186 194 195 196 195 195 193.
193 193 191 188 186 180 185 188 185 180 173 179
173 182 180 180 182 168 158 151 141 146 143 142.
136 135 141 139 138 140 143 139 134 130 142 141
134 122 114 115 110 099 106 101 091 087 092 099.
107 113 117 117 118 115 117 116 119 119 121 123
122 107 108 100 103 106 116 115 109 110 115 112.
123 130 129 127 133 126 129 130 133 131 135 125
130 122 120 118 111 104 105 108 111 115 122 122.
131 141 138 135 139 136 145 142 144 143 141 143
137 136 116 115 127 120 108 124 120 113 116 122.
132 129 142 138 144 142 145 149 143 144 146 148
146 149 150 153 153 140 150 149 142 151 154 165.
162 150 157 151 154 158 154 156 151 147 155 154
152 157 155 142 096 111 131 130 134 143 142 149.
149 144 148 150 158 159 157 150 156 153 155 157
159 161 162 151 149 139 142 151 159 176 177 175.
175 190 183 187 186 179 176 169 168 159 172 168
174 179 156 142 155 163 183 199 199 188 201 208.
205 206 202 205 201 196 196 196 191 186 195 200
196 186 185 163 176 172 173 183 224 217 231 245.
241 247 246 241 237 233 229 239 226 236 234 242
224 226 177 164 170 170 159 169 163 164 162 173.
170 182 184 181 176 178 178 188 186 179 183 180
179 178 177 173 140 175 175 176 177 192 204 216=
UB
79 80 83 85 91 92 94 94 92 95 92 90
88 87 82 82 82 86 90 94 94 90 91 90 73 2001.
92 95 94 94 92 93 96 93 96 95 95 94
91 92 87 90 86 90 89 88 87 83 86 90 83 1706.
89 90 91 91 92 89 89 94 92 95 96 93
96 93 93 96 93 95 94 92 92 93 93 93 85 2037.
96 96 96 93 93 93 93 94 97 97 97 93
94 92 92 94 81 75 74 75 72 73 73 76 69 1516.
76 77 85 88 90 91 92 95 95 96 96 96
96 93 91 91 88 87 81 76 77 83 81 86 73 2002.
89 91 89 89 91 95 95 95 95 95 95 93
91 87 90 89 89 84 87 92 87 86 66 71 63 1908.
72 74 75 73 79 84 89 92 91 87 91 92
90 85 85 80 75 77 77 74 75 75 76 81 65 2004.
80 77 80 79 86 90 92 88 93 86 83 91
87 89 84 79 76 71 70 68 69 69 73 78 63 1717.
85 85 90 89 91 90 92 93 95 95 93 96
95 85 71 69 64 67 68 62 66 63 68 76 60 1607.
82 86 90 92 93 94 95 92 95 92 96 96
84 65 57 55 49 49 45 44 45 41 46 51 39 1759.
56 71 75 80 84 85 88 87 89 90 89 82
72 64 50 44 39 31 31 29 31 43 51 58 23 1526.
65 68 74 79 79 81 83 90 85 90 92 85
65 42 38 31 24 26 34 41 43 57 69 86 21 1320.
91 91 93 93 89 90 88 88 88 90 91 81
66 50 22 25 24 24 24 25 26 28 32 35 21 1302.
37 49 58 65 64 70 74 78 77 85 78 70
56 41 33 34 31 31 29 29 29 34 41 46 27 1455.
53 58 63 66 64 68 73 77 88 92 94 92
92 91 76 72 60 60 59 60 62 70 73 79 46 2002.
85 88 92 90 94 92 95 93 96 96 96 96
77 73 63 62 41 43 45 43 45 42 47 58 38 1307.
60 66 69 74 73 78 82 86 87 85 83 83
83 86 90 93 87 80 80 74 78 80 82 85 56 2001.
86 86 91 93 96 96 96 96 96 96 93 96
93 94 92 92 91 89 94 95 95 95 95 96 82 2001.
96 96 96 96 96 93 96 97 97 96 93 96
93 96 96 96 95 95 92 89 84 89 87 87 83 1717.
85 85 88 87 87 89 91 89 88 89 94 85
71 55 47 47 45 38 39 37 36 36 41 47 35 1602.
55 63 71 74 77 79 83 83 88 88 86 79
66 51 45 38 38 37 39 39 38 42 46 48 33 1425.
59 67 73 73 79 77 80 83 87 88 89 72
64 50 45 38 35 33 34 35 37 40 45 47 30 1322.
53 62 65 66 72 73 78 77 79 81 80 71
59 50 38 36 37 36 32 39 37 36 40 44 31 1452.
52 53 62 63 68 70 73 77 76 77 77 72
65 61 58 58 54 49 50 50 48 52 56 63 43 2002.
67 67 74 76 82 87 88 91 91 89 91 79
67 55 51 43 27 32 38 37 39 43 46 53 23 1246.
58 62 68 73 79 83 84 82 87 88 84 76
65 56 51 42 40 35 35 40 45 54 60 62 33 1408.
66 75 77 81 83 84 86 84 86 85 85 76
65 55 41 33 35 36 43 47 50 49 56 63 30 1306.
66 71 75 80 84 83 87 91 91 89 91 81
65 49 41 32 34 32 32 34 45 47 55 64 30 1430.
68 74 74 76 82 83 81 84 82 86 85 82
73 68 48 45 43 40 38 40 40 43 45 51 36 1458.
52 59 66 68 70 74 77 83 84 84 83 75
63 55 50 45 34 42 41 41 44 49 54 61 31 1304=
N=
H=
C=
V=
R6
0002 0129 0131
0181 0003 0184
0007 0139 0146
0021 0005 0026
0098 0006 0104
0124 0010 0134
0063 0030 0093
0000 0000 0000
0000 0000 0000
0000 0000 0000
0000 0000 0000
0000 0054 0054
0003 0000 0003
0000 0000 0000
0064 0006 0070
0000 0000 0000
0000 0020 0020
0019 0042 0061
0056 0025 0081
0000 0000 0000
0000 0000 0000
0000 0000 0000
0000 0000 0000
0000 0000 0000
0000 0000 0000
0000 0000 0000
0000 0000 0000
0000 0000 0000
0000 0000 0000
0000 0000 0000=
0000 0000 0000 0000 0002 0000 0000 0000 0000 0000 0000 0000
0000 0000 0000 0000 0000 0000 0002 0031 0038 0026 0031 0001.
0063 0001 0000 0000 0001 0001 0042 0014 0011 0024 0021 0003
0002 0000 0000 0001 0000 0000 0000 0000 0000 0000 0000 0000.
0000 0000 0000 0000 0000 0000 0000 0000 0000 0001 0003 0003
0000 0059 0041 0000 0016 0000 0001 0001 0003 0007 0005 0006.
0002 0000 0000 0000 0000 0000 0001 0003 0006 0003 0006 0000
0000 0000 0005 0000 0000 0000 0000 0000 0000 0000 0000 0000.
0000 0000 0002 0001 0041 0004 0000 0000 0002 0033 0012 0003
0004 0002 0000 0000 0000 0000 0000 0000 0000 0000 0000 0000.
0000 0000 0000 0000 0000 0003 0000 0045 0053 0014 0000 0009
0004 0001 0001 0001 0000 0001 0001 0000 0001 0000 0000 0000.
0000 0000 0000 0000 0004 0007 0001 0003 0002 0021 0013 0012
0010 0016 0004 0000 0000 0000 0000 0000 0000 0000 0000 0000.
0000 0000 0000 0000 0000 0000 0000 0000 0000 0000 0000 0000
0000 0000 0000 0000 0000 0000 0000 0000 0000 0000 0000 0000.
0000 0000 0000 0000 0000 0000 0000 0000 0000 0000 0000 0000
0000 0000 0000 0000 0000 0000 0000 0000 0000 0000 0000 0000.
0000 0000 0000 0000 0000 0000 0000 0000 0000 0000 0000 0000
0000 0000 0000 0000 0000 0000 0000 0000 0000 0000 0000 0000.
0000 0000 0000 0000 0000 0000 0000 0000 0000 0000 0000 0000
0000 0000 0000 0000 0000 0000 0000 0000 0000 0000 0000 0000.
0000 0000 0000 0000 0000 0000 0000 0000 0000 0000 0000 0000
0000 0000 0000 0000 0000 0000 0000 0000 0000 0000 0046 0008.
0000 0000 0001 0000 0000 0001 0000 0000 0000 0001 0000 0000
0000 0000 0000 0000 0000 0000 0000 0000 0000 0000 0000 0000.
0000 0000 0000 0000 0000 0000 0000 0000 0000 0000 0000 0000
0000 0000 0000 0000 0000 0000 0000 0000 0000 0000 0000 0000.
0000 0000 0000 0000 0000 0000 0000 0002 0010 0025 0020 0007
0006 0000 0000 0000 0000 0000 0000 0000 0000 0000 0000 0000.
0000 0000 0000 0000 0000 0000 0000 0000 0000 0000 0000 0000
0000 0000 0000 0000 0000 0000 0000 0000 0000 0000 0000 0000.
0000 0000 0000 0000 0000 0000 0000 0000 0000 0000 0000 0000
0000 0005 0014 0001 0000 0000 0000 0000 0000 0000 0000 0000.
0000 0000 0011 0007 0001 0000 0000 0000 0000 0000 0000 0000
0000 0000 0000 0000 0000 0002 0018 0003 0000 0000 0003 0016.
0008 0027 0002 0006 0000 0000 0000 0000 0001 0001 0011 0000
0000 0008 0003 0008 0003 0001 0001 0000 0000 0001 0000 0000.
0000 0000 0000 0000 0000 0000 0000 0000 0000 0000 0000 0000
0000 0000 0000 0000 0000 0000 0000 0000 0000 0000 0000 0000.
0000 0000 0000 0000 0000 0000 0000 0000 0000 0000 0000 0000
0000 0000 0000 0000 0000 0000 0000 0000 0000 0000 0000 0000.
0000 0000 0000 0000 0000 0000 0000 0000 0000 0000 0000 0000
0000 0000 0000 0000 0000 0000 0000 0000 0000 0000 0000 0000.
0000 0000 0000 0000 0000 0000 0000 0000 0000 0000 0000 0000
0000 0000 0000 0000 0000 0000 0000 0000 0000 0000 0000 0000.
0000 0000 0000 0000 0000 0000 0000 0000 0000 0000 0000 0000
0000 0000 0000 0000 0000 0000 0000 0000 0000 0000 0000 0000.
0000 0000 0000 0000 0000 0000 0000 0000 0000 0000 0000 0000
0000 0000 0000 0000 0000 0000 0000 0000 0000 0000 0000 0000.
0000 0000 0000 0000 0000 0000 0000 0000 0000 0000 0000 0000
0000 0000 0000 0000 0000 0000 0000 0000 0000 0000 0000 0000.
0000 0000 0000 0000 0000 0000 0000 0000 0000 0000 0000 0000
0000 0000 0000 0000 0000 0000 0000 0000 0000 0000 0000 0000.
0000 0000 0000 0000 0000 0000 0000 0000 0000 0000 0000 0000
0000 0000 0000 0000 0000 0000 0000 0000 0000 0000 0000 0000.
0000 0000 0000 0000 0000 0000 0000 0000 0000 0000 0000 0000
0000 0000 0000 0000 0000 0000 0000 0000 0000 0000 0000 0000.
0000 0000 0000 0000 0000 0000 0000 0000 0000 0000 0000 0000
0000 0000 0000 0000 0000 0000 0000 0000 0000 0000 0000 0000=
0000 ////////// 00000=
W=
LA
=
000 002 000 000 000 001 000 001 000 000 000 000
001 000 000 000 001 001 000 004 000 004 005 001 021.
006 001 001 001 000 000 006 003 000 003 003 001
002 001 000 001 000 001 001 001 001 000 000 000 033.
001 000 000 000 000 001 000 000 000 000 000 000
000 030 030 007 010 006 001 001 001 001 002 001 092.
002 002 000 001 001 000 001 000 002 000 000 002
001 000 000 001 005 006 004 003 002 002 002 001 038.
001 000 001 001 030 014 005 002 001 014 014 008
006 004 002 004 003 003 000 001 001 000 000 000 115.
000 001 000 000 001 001 000 007 030 013 011 007
005 004 002 003 000 002 000 001 002 001 001 001 093.
001 001 000 001 000 001 001 000 001 013 012 013
010 016 004 000 000 000 007 008 008 004 001 001 103.
001 000 001 001 000 000 001 000 000 000 001 001
000 000 001 001 000 002 001 000 001 000 000 001 013.
000 000 001 000 000 000 000 001 001 000 001 000
001 000 000 001 000 001 001 000 000 000 001 000 009.
001 000 001 001 000 000 001 000 001 000 000 001
000 000 002 001 001 001 003 001 001 003 000 002 021.
000 000 001 001 000 001 000 000 001 001 000 000
002 000 001 001 000 003 001 001 002 002 000 002 020.
000 001 001 000 001 000 000 001 000 001 000 000
001 002 000 002 002 003 001 002 001 000 013 000 032.
000 001 002 000 001 002 001 000 001 001 001 001
001 001 002 002 003 002 003 005 003 002 003 001 039.
001 000 002 000 002 001 000 002 001 000 000 002
001 001 003 001 002 002 003 003 002 002 002 001 034.
001 001 001 001 001 000 001 000 000 001 001 000
000 000 001 001 001 001 002 003 003 001 002 001 024.
002 000 001 001 000 001 001 001 000 000 000 001
000 001 001 001 001 003 003 003 003 003 001 001 029.
001 001 001 001 001 000 001 001 001 000 001 000
000 000 001 000 000 000 001 000 000 001 000 000 012.
000 000 001 001 000 000 001 000 000 000 000 001
000 000 000 000 000 000 000 001 000 000 000 002 007.
000 001 002 002 001 000 002 001 002 000 002 001
002 001 002 005 003 002 000 000 001 001 000 002 033.
003 003 002 002 001 001 002 001 002 001 002 002
003 002 003 002 004 003 004 003 004 003 002 002 057.
000 001 001 001 001 000 001 001 000 001 001 001
001 001 001 002 002 003 003 003 003 003 002 001 034.
002 000 001 001 000 001 002 000 001 001 000 001
001 001 001 002 000 003 001 002 002 001 002 002 028.
000 001 000 001 001 001 000 001 001 000 001 001
000 002 001 003 002 002 002 003 002 002 002 001 030.
001 001 001 001 001 001 000 001 001 001 000 001
001 001 000 000 001 001 001 001 000 001 001 001 019.
000 002 000 001 000 001 000 001 001 001 000 000
001 001 001 002 001 003 002 003 002 003 001 001 028.
001 002 001 001 000 000 002 000 002 000 000 000
002 001 001 001 002 001 003 003 003 003 001 001 031.
002 001 001 000 001 001 000 002 000 001 000 001
001 000 001 002 001 001 003 003 004 002 001 002 031.
001 001 001 001 001 001 001 000 000 001 002 000
000 001 030 000 000 001 003 004 003 003 002 002 059.
000 001 001 001 001 001 000 000 001 000 001 000
000 001 000 003 002 003 003 005 005 003 001 004 037.
000 002 001 000 001 002 000 002 000 001 001 001
000 001 003 001 003 004 002 003 004 002 003 000 037=
Z=
G=
FN
053013 282010 243013 359006 023008 248011
078005 073007 PPC002 037003 141005 117008
115024 126019 125028 134025 139023 126029
167025 217013 132013 205005 122017 096023.
146026 156019 122021 147024 166038 084019
109043 131022 125021 122022 161030 149031
143019 131031 186017 170017 099018 200014
182021 357019 048006 200008 278015 344009.
321007 266010 308006 163006 214006 171009
305005 PPC002 PPC002 200006 136011 290010
294018 313019 301008 007006 351010 249006
167013 201008 156016 135013 157020 264007.
222009 163006 315009 285003 113009 173010
093005 086005 209013 099019 189011 132022
103023 272004 158018 149018 217012 159013
182017 167018 130016 157017 148025 157018.
163017 174015 167009 176016 134011 117013
PPC000 143010 120010 339003 PPC002 260008
196006 250008 210008 273010 168007 160017
150012 159008 091013 103011 103004 071006.
002005 287005 326004 027004 252007 272013
272017 301010 285017 325017 291018 291021
256011 247014 274011 272016 314009 282012
206010 314010 333008 053014 037021 340005.
299006 271012 278011 269012 263012 292019
277008 297014 311016 291017 309011 264020
305012 360011 075009 358016 PPC002 219012
201017 224012 166007 180009 170015 157016.
158020 156020 157016 170010 099007 097006
050005 152006 298008 338008 074010 093022
099015 102023 104020 097020 142026 188019
152022 129018 046006 356010 034011 025007.
305003 355007 007011 069004 011008 041007
019005 PPC001 315008 320008 338007 170012
308011 235013 183009 207015 134009 125017
096014 151012 126005 132010 152013 064009.
356008 246006 326006 331008 347008 234008
342007 324007 068005 116006 285005 315010
289012 129008 152016 151024 152025 117028
152029 153027 129021 138022 091015 063011.
086008 338007 320016 335007 360007 351015
017008 234006 349006 012007 329010 320007
300006 262009 126016 138017 124010 175016
146011 139021 126022 121016 126021 078017.
047010 340012 287010 339023 007015 295012
227015 057010 342015 284006 320007 314009
161008 166008 289014 193019 268020 073041
084019 147024 131024 127030 156012 068008.
349009 019011 044011 056005 099005 091009
002016 336006 338008 006012 028006 058010
250011 217011 148030 128036 139014 123025
130037 181037 148027 105039 114017 109017.
188010 312007 355008 004010 356007 356009
099012 347022 326011 319009 303008 305005
271012 188008 185019 151024 128028 120017
098031 103020 104034 101024 126013 094013.
047007 062011 328017 315007 317010 312010
254005 340012 320009 257008 280007 301008
184010 201009 140010 160021 139021 194011
138014 127038 144038 120031 107027 097019.
091015 138006 017007 286005 298006 233006
298007 344005 290006 266006 003006 010009
140024 121025 145027 161025 106034 118052
133037 126037 150024 130027 116008 168008.
323008 351010 017009 034005 336009 321008
335007 276008 004009 326014 290007 352008
023007 036014 332006 350009 337010 021005
066004 105008 087003 099006 022004 134008.
146008 088005 303009 269016 283014 300011
325013 089007 008007 PPC002 286006 PPC000
039004 305004 146007 337009 139004 089005
062007 068006 PPC000 167007 208005 284003.
289005 091008 152012 128013 145017 167011
153003 084016 144011 188010 100011 125006
PPC002 151005 PPC002 115010 162015 142023
155030 165022 162034 175024 153025 159020.
166009 177003 170007 260009 232007 326013
280014 274015 289012 008004 321010 009009
002011 124010 074010 218030 176031 164033
162039 188028 129036 163032 121015 139024.
193007 319008 230006 334010 259006 PPC002
260008 260009 307008 PPC000 205008 314010
012009 167010 096015 188019 091021 132017
182029 186024 163029 156027 159016 147010.
022008 045005 346007 358006 003008 334010
283007 350007 327019 335009 325004 223015
338016 302008 321014 189008 311004 107024
127018 135017 141018 154012 143024 136013.
077007 027005 312010 328008 344009 354011
286007 323009 279007 PPC000 350017 263009
308008 211010 164012 109017 188022 133031
168025 150032 102013 129015 100023 098017.
040009 052007 301009 284007 317007 317011
313007 006013 019016 312006 009005 334009
332009 229011 141004 141015 135014 191013
163017 178014 136006 088006 154009 PPC000.
332011 330011 338008 337011 001007 011007
001004 326007 272006 005005 327007 269007
352006 060007 142005 183023 210027 152027
159023 146020 171027 149019 091010 101008.
018004 003016 313011 357011 264008 288004
331003 337004 006005 348005 PPC000 236006
239009 161016 131013 082021 112024 128019
181028 166017 197014 267017 274011 273009.
338013 278012 276007 271009 260011 228006
281004 229008 000009 281005 050009 346018
332009 274013 262012 250010 177020 141023
163028 164031 130031 110019 090012 074012.
083005 332008 326010 348005 335008 269006
332006 008011 321010 286004 338006 351009
349008 235012 320011 194019 162028 163028
162044 146028 148022 091023 083015 091022.
086016 062006 103008 102015 257008 319008
308004 311006 336012 016006 337007 228007
178009 267004 141012 132024 176015 158012
175030 179025 158035 157030 114021 119016.
163010 356009 328008 337011 341013 314013
336014 340008 PPC002 344011 332006 349014
347007 142011 141008 146017 091023 147013
143023 162025 113030 099024 098015 135007=
057012 273008 237010 342009 027009 256007
034005 281003 308005 080005 207006 123006
112017 120015 117026 126027 143026 140028
174022 219014 160018 131014 093013 103025.
158020 166014 123024 145023 159031 102019
133034 108024 143017 127020 133031 153025
128020 128024 145027 112022 093012 154013
168020 326015 321007 174010 273012 327008.
302007 270008 291005 162010 149004 211005
274003 262004 PPC002 216005 120010 282008
279020 294012 304009 046006 029007 346007
148013 174010 133015 131012 157016 246009.
265005 165008 330005 265004 097005 163014
115007 352008 212013 078014 161013 132018
118020 178008 153022 163016 212009 156015
192019 156018 147018 129021 132021 161018.
166016 171015 196007 151013 136011 134011
097003 149010 112009 272007 109007 285008
205007 243008 224011 288009 177008 153016
167013 141008 119011 090010 087009 109003.
PPC001 260007 329007 079006 204007 292009
284014 297015 276018 300020 287016 299016
245013 253009 283012 270016 287014 275012
200010 275013 304012 026013 037022 312006.
313006 305008 274013 271013 270013 275015
280013 284013 292014 285016 298014 270018
287011 027013 035011 038013 312004 243010
207012 231007 177009 209010 176013 157014.
162019 156016 155016 166010 084009 090007
050005 159008 292007 246009 065006 117017
109015 104021 113019 103019 153023 193017
175021 111015 071007 014012 035011 021009.
289006 350006 004009 084003 020009 031009
032006 334006 326006 335007 333007 200011
301009 247008 164009 188013 157009 139015
132013 147011 143009 123013 151012 065010.
005009 323006 330007 338008 341007 225009
320005 356004 092006 094005 326004 316009
305010 135010 121014 176022 134026 123031
148024 152033 141025 137022 097016 064009.
088008 003008 320015 330007 360008 335013
012009 252006 326005 062006 326010 343010
339008 230010 129010 178012 125010 138018
143017 129021 132020 135020 122020 085014.
045010 337013 282010 342016 015011 281013
253009 014010 339012 312004 314003 276008
154005 230009 003014 191016 300017 068039
054013 152032 115019 096021 169021 024008.
021007 005012 010010 016009 051009 034010
011011 325006 001009 015008 352008 103008
284011 302008 135020 122033 116028 151032
153035 179034 147030 114032 121021 107014.
176013 300004 353008 353007 358011 005009
098010 360012 322011 327007 332008 329007
324011 146008 115018 089015 107021 121018
123020 099027 123027 106021 119015 091012.
056008 035008 333017 342009 284014 315006
289011 316010 291006 286012 PPC002 299008
244007 209009 163010 187024 129025 157022
154023 140038 147037 122029 104026 093014.
097016 128007 009007 256007 253006 252006
288009 294004 324007 280007 310006 299006
140022 122028 127018 184020 117033 120044
121031 153039 141030 128021 125012 161010.
328009 359009 007007 016006 333008 298007
316006 274007 350007 341011 309007 312008
001009 352012 311010 027007 307009 025005
037007 056005 171003 046006 341007 120008.
131009 091005 308010 274013 289013 287011
327012 080008 338008 246007 299006 350003
011004 267006 157008 334009 093003 081005
077007 096005 127005 150006 212006 231004.
291005 058006 161009 109012 152015 155010
151008 101012 140014 173012 129010 119011
219005 218006 083009 118016 137013 151027
155025 167019 159029 164023 160021 149016.
168012 124004 161009 263010 226005 297013
289012 278019 286013 359007 318009 019009
344010 097012 079009 175027 177033 173030
178036 184029 131039 158028 125018 142021.
189008 339006 024005 322010 219003 337009
250007 262007 289006 PPC001 308007 325009
342010 156012 165014 172019 109023 133021
154027 167029 178026 147025 137020 153010.
037005 023007 354008 PPC002 004004 331011
266010 354008 328013 320006 326006 239011
345012 290010 347014 343010 111009 153013
131019 151018 146020 150011 147021 124014.
087009 023007 309009 340009 338010 351012
290007 325007 293004 PPC000 350015 247008
339009 189008 189016 095018 177019 156026
166026 149026 144016 129017 097018 103018.
050008 045007 327010 301007 347006 315010
294006 002010 008011 300005 353005 008009
329009 257009 091010 112012 159014 185009
174015 161011 155011 111009 145009 124004.
337010 333011 341008 331010 345011 010007
022005 299006 304006 328003 345007 266007
305010 171008 116011 195019 192024 164025
159025 149023 163027 149018 106011 094008.
058006 356016 314012 352012 279006 267005
311003 PPC002 012007 PPC002 PPC002 234006
276010 180011 185014 088020 135023 142023
180028 170026 195016 270020 266011 271013.
324011 268011 280009 265009 258009 285004
226005 222008 046007 327006 016010 341015
348010 302012 234013 195012 183019 140021
164034 152029 121032 110023 086015 074012.
089007 341008 325010 310005 334009 252007
PPC002 359011 324011 319010 326007 353009
314007 253011 316012 221018 165027 155029
164037 131030 133025 100020 088015 085021.
067017 087005 114012 095012 297009 298007
280005 281007 323010 071007 328007 192007
192010 221004 096018 145026 141020 104015
180026 180030 138026 155030 118023 138015.
153008 348010 332011 341011 344011 320012
334013 331009 019005 339011 349007 002013
244007 135007 158011 136011 129031 160022
164026 171027 147028 112017 101020 122012=
033112 1049 050173 1805
038138 0726 058130 0719
020276 0856 029275 0854
026127 1838 037128 1835
020161 2003 028164 0035
026028 1854 044045 1820
026006 0939 039343 0935
025152 1302 034153 1323
017185 1131 023139 1435
034152 1559 048153 1557
028132 1728 040128 1719
044111 1620 069045 1351
040144 1519 057096 1505
031110 1704 043153 1606
038144 1556 057130 1603
050126 1403 071153 1440
018334 0952 026303 2339
018287 0042 025303 0034
031159 1702 046128 1714
042167 1642 059181 1537
037173 1550 052156 1716
023159 1525 034142 1914
030142 1605 039162 1522
018337 0430 025113 1312
032175 1632 045142 1547
034182 1529 048187 1502
041126 1548 059136 1544
040131 1612 057136 1605
034171 1624 050190 1624
032137 1256 051133 1255=
DB
0216 0218 0208 0212 0209 0205 0196 0204 0204 0204 0203 0208
0206 0208 0211 0212 0203 0193 0183 0178 0179 0176 0171 0164 0228 1031 0164 1956.
0161 0162 0154 0149 0139 0140 0128 0129 0125 0121 0117 0117
0121 0129 0137 0147 0137 0149 0166 0151 0156 0150 0140 0138 0170 1503 0114 0726.
0139 0137 0138 0137 0137 0137 0137 0136 0137 0138 0137 0142
0142 0140 0151 0159 0166 0170 0162 0161 0154 0149 0144 0144 0175 1352 0135 0037.
0144 0142 0142 0141 0140 0139 0139 0139 0139 0138 0137 0139
0143 0142 0146 0186 0229 0230 0228 0192 0175 0159 0146 0145 0248 1340 0134 0649.
0142 0141 0140 0136 0131 0130 0132 0132 0130 0130 0130 0133
0137 0151 0161 0172 0179 0187 0180 0170 0163 0152 0146 0144 0188 1356 0129 0036.
0142 0140 0139 0138 0137 0135 0134 0130 0126 0125 0124 0125
0128 0133 0133 0132 0134 0131 0133 0129 0125 0122 0111 0114 0144 2001 0109 1912.
0114 0112 0110 0109 0106 0103 0101 0100 0099 0096 0095 0100
0099 0111 0126 0124 0128 0140 0127 0129 0121 0116 0105 0100 0142 1409 0093 0632.
0093 0092 0092 0089 0074 0076 0084 0079 0087 0087 0092 0091
0098 0113 0115 0126 0144 0156 0169 0144 0151 0129 0104 0089 0180 1450 0074 0046.
0080 0075 0071 0072 0073 0064 0059 0055 0063 0073 0081 0093
0144 0156 0190 0183 0158 0153 0162 0163 0155 0136 0116 0100 0236 1131 0053 0413.
0090 0083 0080 0073 0068 0068 0076 0077 0073 0071 0081 0124
0213 0237 0299 0307 0284 0301 0281 0262 0225 0182 0148 0131 0332 1150 0065 0120.
0120 0116 0115 0107 0098 0093 0092 0092 0093 0093 0103 0161
0198 0228 0272 0268 0315 0326 0293 0257 0241 0198 0162 0147 0345 1252 0089 0245.
0139 0128 0120 0117 0116 0108 0100 0099 0093 0087 0106 0184
0275 0360 0393 0416 0318 0212 0300 0213 0210 0151 0124 0129 0425 1224 0076 1853.
0129 0120 0115 0106 0099 0104 0096 0085 0080 0075 0088 0165
0246 0307 0329 0326 0339 0328 0286 0279 0237 0179 0142 0128 0345 1313 0074 0601.
0118 0106 0098 0092 0087 0080 0075 0072 0068 0060 0080 0186
0282 0345 0384 0397 0391 0384 0341 0319 0280 0218 0180 0165 0398 1153 0059 0607.
0158 0146 0147 0150 0148 0146 0145 0145 0145 0143 0145 0149
0151 0259 0330 0348 0356 0351 0336 0299 0266 0220 0193 0181 0367 1245 0142 0551.
0174 0166 0158 0148 0142 0137 0138 0132 0128 0125 0146 0208
0277 0320 0372 0386 0384 0341 0327 0306 0273 0227 0197 0182 0396 1149 0125 0557.
0173 0167 0162 0161 0159 0155 0152 0147 0146 0144 0152 0154
0161 0161 0164 0174 0191 0202 0211 0205 0188 0181 0174 0171 0212 1457 0143 0604.
0170 0168 0166 0165 0164 0164 0163 0164 0164 0164 0165 0169
0175 0184 0190 0189 0187 0187 0189 0190 0186 0181 0178 0176 0195 1127 0163 0138.
0175 0173 0173 0171 0170 0170 0169 0170 0169 0166 0165 0169
0170 0173 0173 0184 0187 0178 0175 0168 0166 0159 0152 0149 0192 1218 0149 1943.
0148 0147 0148 0147 0146 0143 0142 0135 0128 0120 0145 0188
0264 0326 0334 0369 0306 0321 0316 0297 0255 0208 0174 0159 0374 1204 0116 0611.
0152 0144 0135 0136 0126 0123 0115 0113 0108 0113 0133 0217
0291 0367 0389 0411 0389 0358 0339 0307 0280 0219 0190 0174 0416 1134 0107 0449.
0165 0155 0149 0147 0145 0143 0140 0132 0126 0119 0145 0246
0299 0316 0364 0416 0337 0314 0291 0284 0242 0217 0198 0189 0436 1130 0118 0617.
0184 0179 0173 0170 0156 0156 0159 0158 0153 0152 0152 0269
0350 0338 0467 0381 0396 0349 0321 0271 0267 0238 0212 0202 0477 1109 0150 0115.
0189 0185 0177 0176 0171 0168 0163 0159 0159 0158 0173 0212
0242 0307 0255 0276 0329 0297 0325 0294 0268 0235 0208 0198 0359 1005 0157 0335.
0189 0178 0166 0156 0149 0142 0137 0133 0129 0132 0155 0231
0330 0412 0394 0459 0405 0349 0322 0325 0316 0272 0222 0196 0477 1147 0128 0516.
0181 0177 0169 0163 0154 0151 0147 0142 0140 0135 0168 0266
0358 0374 0469 0479 0437 0407 0389 0305 0289 0280 0229 0211 0484 1119 0135 0538.
0206 0199 0188 0180 0176 0169 0160 0154 0153 0148 0182 0280
0375 0446 0501 0484 0457 0400 0364 0387 0329 0300 0255 0232 0525 1127 0147 0559.
0220 0209 0200 0191 0185 0177 0168 0170 0163 0162 0199 0292
0368 0473 0511 0552 0542 0558 0517 0479 0440 0355 0285 0259 0573 1415 0160 0545.
0248 0227 0225 0219 0210 0211 0224 0225 0213 0214 0236 0275
0316 0401 0448 0443 0537 0556 0506 0456 0396 0316 0260 0238 0559 1358 0204 0521.
0231 0228 0209 0193 0187 0182 0175 0168 0163 0165 0208 0293
0391 0439 0506 0545 0546 0507 0489 0435 0342 0307 0277 0237 0570 1247 0161 0505=
0228 0223 0219 0216 0214 0211 0208 0206 0205 0204 0203 0203
0204 0204 0206 0204 0203 0200 0196 0192 0189 0187 0184 0182.
0176 0175 0174 0170 0167 0163 0159 0155 0152 0148 0144 0142
0141 0143 0144 0148 0150 0150 0153 0158 0157 0157 0155 0152.
0150 0149 0148 0148 0147 0147 0146 0146 0146 0146 0146 0146
0147 0145 0146 0151 0156 0160 0160 0160 0159 0157 0154 0152.
0151 0150 0149 0148 0148 0147 0146 0146 0145 0145 0144 0144
0145 0146 0147 0150 0171 0186 0190 0189 0182 0175 0167 0161.
0157 0155 0152 0150 0147 0144 0143 0143 0142 0141 0140 0139
0140 0143 0148 0153 0159 0164 0167 0167 0166 0161 0157 0154.
0152 0150 0148 0147 0146 0145 0144 0142 0139 0137 0136 0135
0135 0136 0136 0137 0138 0138 0137 0138 0136 0134 0131 0128.
0127 0126 0124 0123 0122 0120 0118 0117 0115 0114 0112 0111
0111 0112 0117 0122 0125 0126 0129 0127 0127 0125 0122 0118.
0115 0112 0110 0108 0103 0100 0099 0100 0099 0100 0100 0102
0103 0106 0112 0114 0120 0129 0139 0140 0141 0139 0130 0120.
0112 0106 0101 0097 0096 0092 0089 0085 0082 0084 0087 0092
0100 0114 0131 0147 0146 0142 0143 0144 0145 0142 0136 0126.
0118 0112 0106 0102 0098 0094 0093 0094 0093 0091 0090 0097
0116 0142 0163 0192 0202 0208 0214 0215 0207 0194 0179 0165.
0154 0145 0140 0135 0130 0124 0119 0116 0115 0113 0112 0120
0139 0155 0173 0193 0201 0219 0221 0218 0209 0199 0187 0174.
0166 0157 0150 0144 0141 0136 0132 0127 0123 0119 0117 0125
0147 0177 0208 0233 0241 0229 0224 0221 0204 0190 0174 0162.
0157 0151 0145 0139 0133 0129 0126 0121 0116 0111 0108 0115
0136 0166 0193 0212 0226 0234 0234 0229 0219 0202 0185 0171.
0160 0151 0142 0135 0129 0123 0117 0113 0109 0104 0101 0110
0134 0163 0192 0216 0233 0246 0251 0248 0239 0224 0208 0195.
0186 0178 0171 0168 0166 0163 0161 0159 0158 0156 0154 0155
0155 0161 0192 0225 0246 0259 0263 0260 0250 0236 0221 0209.
0199 0192 0184 0178 0172 0166 0161 0158 0154 0151 0149 0157
0176 0199 0221 0244 0258 0262 0260 0257 0247 0235 0222 0211.
0202 0194 0188 0183 0180 0177 0173 0170 0167 0164 0163 0163
0165 0166 0167 0169 0173 0180 0185 0188 0187 0184 0181 0178.
0176 0175 0174 0172 0171 0170 0169 0169 0168 0168 0168 0169
0170 0173 0176 0180 0181 0181 0182 0183 0183 0182 0180 0179.
0178 0177 0176 0175 0174 0173 0173 0172 0172 0171 0170 0170
0170 0171 0172 0173 0178 0178 0178 0176 0173 0171 0168 0164.
0161 0159 0158 0157 0156 0155 0153 0151 0148 0144 0142 0149
0165 0190 0216 0233 0245 0254 0255 0250 0241 0225 0209 0196.
0187 0179 0171 0166 0162 0156 0152 0147 0142 0140 0139 0145
0166 0192 0217 0239 0253 0263 0263 0258 0250 0234 0220 0208.
0198 0190 0183 0177 0173 0169 0166 0162 0158 0153 0150 0160
0178 0202 0215 0242 0249 0245 0239 0236 0231 0222 0213 0205.
0199 0195 0191 0188 0183 0177 0176 0174 0172 0170 0168 0173
0193 0218 0242 0259 0267 0262 0262 0251 0244 0236 0225 0217.
0210 0204 0200 0195 0192 0188 0185 0181 0179 0177 0176 0181
0191 0200 0210 0214 0223 0229 0232 0236 0234 0229 0221 0213.
0207 0201 0195 0188 0182 0176 0172 0167 0164 0160 0161 0170
0190 0216 0241 0262 0280 0277 0270 0263 0259 0251 0239 0228.
0217 0209 0202 0196 0190 0185 0181 0177 0173 0169 0169 0179
0199 0225 0248 0275 0293 0301 0298 0290 0274 0265 0253 0240.
0231 0224 0218 0212 0206 0202 0196 0191 0187 0183 0182 0191
0213 0242 0269 0294 0300 0304 0301 0296 0292 0280 0268 0256.
0246 0238 0231 0224 0218 0212 0207 0202 0198 0194 0193 0204
0225 0254 0284 0301 0320 0334 0344 0342 0328 0315 0297 0281.
0269 0260 0251 0245 0239 0234 0232 0232 0230 0226 0226 0231
0240 0252 0276 0291 0305 0327 0337 0335 0325 0308 0290 0273.
0261 0256 0247 0239 0231 0225 0219 0214 0209 0205 0205 0213
0232 0256 0282 0307 0330 0338 0334 0334 0320 0303 0289 0278=
0226 0221 0217 0214 0212 0209 0207 0205 0204 0202 0201 0201
0200 0200 0200 0200 0200 0199 0197 0195 0192 0190 0187 0186.
0183 0181 0179 0177 0175 0173 0170 0166 0164 0160 0157 0155
0153 0152 0152 0152 0154 0154 0155 0157 0158 0158 0158 0157.
0156 0154 0154 0153 0152 0151 0151 0151 0150 0150 0150 0150
0150 0149 0148 0150 0152 0154 0156 0157 0158 0157 0156 0155.
0154 0153 0153 0152 0151 0151 0150 0149 0149 0149 0148 0148
0148 0148 0148 0149 0154 0163 0170 0175 0175 0172 0169 0166.
0163 0160 0158 0156 0154 0152 0150 0149 0148 0147 0146 0145
0144 0145 0146 0149 0152 0155 0158 0160 0161 0161 0159 0157.
0155 0154 0152 0151 0150 0149 0148 0147 0145 0143 0142 0141
0140 0140 0140 0140 0140 0141 0140 0140 0140 0139 0138 0136.
0135 0133 0132 0131 0130 0129 0127 0126 0125 0124 0122 0120
0120 0119 0120 0122 0124 0126 0128 0129 0129 0129 0128 0126.
0124 0122 0120 0118 0116 0113 0111 0110 0109 0109 0109 0109
0109 0110 0112 0114 0117 0121 0126 0131 0133 0134 0133 0129.
0124 0120 0116 0112 0110 0108 0105 0102 0099 0098 0098 0099
0101 0107 0114 0124 0131 0133 0134 0135 0137 0137 0136 0133.
0129 0124 0120 0116 0113 0110 0107 0106 0105 0104 0102 0102
0106 0117 0129 0145 0160 0169 0177 0183 0185 0183 0178 0171.
0163 0156 0151 0146 0142 0138 0134 0130 0128 0125 0124 0123
0128 0136 0145 0157 0167 0178 0188 0191 0192 0189 0185 0179.
0172 0167 0161 0156 0152 0149 0145 0141 0138 0135 0132 0130
0135 0146 0162 0179 0195 0201 0199 0201 0197 0191 0184 0175.
0168 0163 0158 0154 0149 0145 0141 0138 0134 0130 0126 0124
0129 0139 0155 0170 0183 0194 0201 0204 0204 0199 0192 0183.
0174 0167 0160 0154 0148 0143 0138 0134 0130 0126 0122 0120
0126 0137 0152 0169 0184 0198 0208 0214 0215 0212 0206 0199.
0192 0186 0180 0176 0173 0170 0168 0166 0164 0162 0161 0159
0159 0159 0168 0182 0199 0213 0223 0229 0229 0226 0220 0212.
0205 0199 0194 0188 0183 0179 0174 0171 0167 0164 0161 0160
0165 0174 0186 0200 0213 0223 0229 0231 0231 0227 0222 0215.
0209 0203 0197 0193 0189 0186 0182 0179 0177 0174 0172 0170
0170 0170 0170 0170 0171 0174 0177 0180 0182 0182 0181 0179.
0178 0177 0176 0175 0174 0173 0172 0171 0170 0170 0169 0169
0170 0171 0172 0174 0176 0177 0177 0178 0179 0179 0179 0178.
0177 0177 0176 0175 0175 0174 0174 0173 0173 0172 0172 0171
0171 0171 0171 0172 0173 0175 0175 0175 0174 0173 0171 0169.
0167 0165 0164 0163 0162 0161 0159 0158 0156 0154 0151 0151
0155 0164 0178 0192 0204 0213 0221 0224 0224 0220 0213 0205.
0197 0191 0185 0179 0175 0171 0167 0163 0159 0155 0153 0152
0156 0167 0180 0194 0208 0219 0227 0231 0231 0227 0221 0213.
0207 0200 0195 0189 0185 0181 0178 0175 0171 0168 0164 0164
0169 0177 0188 0200 0212 0218 0220 0219 0219 0216 0212 0208.
0203 0200 0197 0194 0191 0187 0184 0182 0180 0178 0176 0175
0179 0189 0201 0216 0226 0232 0235 0235 0232 0229 0224 0219.
0214 0210 0206 0202 0199 0196 0193 0190 0188 0185 0183 0183
0186 0190 0196 0200 0204 0210 0214 0218 0220 0220 0217 0213.
0210 0206 0202 0197 0193 0189 0185 0181 0177 0174 0172 0172
0177 0188 0202 0216 0231 0241 0243 0242 0242 0240 0236 0230.
0223 0217 0211 0206 0202 0197 0193 0190 0186 0183 0180 0180
0186 0196 0209 0225 0240 0253 0260 0263 0259 0254 0249 0242.
0235 0230 0225 0220 0215 0211 0207 0203 0199 0195 0192 0192
0198 0209 0224 0240 0254 0262 0267 0268 0269 0266 0261 0255.
0248 0242 0237 0232 0227 0222 0218 0213 0209 0206 0203 0203
0209 0220 0236 0252 0267 0280 0291 0298 0298 0294 0287 0278.
0269 0262 0255 0250 0245 0240 0237 0235 0233 0231 0229 0228
0231 0236 0245 0256 0265 0278 0290 0297 0297 0293 0285 0275.
0266 0259 0254 0248 0242 0237 0232 0227 0223 0219 0216 0216
0220 0231 0244 0260 0276 0288 0294 0297 0297 0290 0283 0276=
0217 0215 0212 0210 0208 0206 0205 0203 0202 0201 0200 0199
0198 0198 0197 0197 0197 0197 0196 0195 0193 0192 0190 0189.
0187 0185 0184 0182 0181 0179 0177 0174 0172 0170 0167 0165
0163 0161 0160 0159 0159 0159 0159 0160 0161 0161 0161 0161.
0160 0159 0159 0158 0157 0157 0156 0156 0155 0155 0155 0154
0154 0154 0153 0153 0153 0155 0156 0157 0158 0158 0158 0158.
0157 0157 0156 0156 0155 0155 0154 0153 0153 0153 0152 0152
0151 0151 0151 0151 0152 0156 0160 0165 0167 0168 0168 0167.
0165 0163 0162 0160 0159 0157 0156 0155 0154 0153 0152 0151
0150 0149 0150 0150 0152 0153 0155 0157 0158 0159 0159 0159.
0158 0157 0156 0155 0154 0153 0153 0152 0150 0149 0148 0147
0146 0146 0145 0145 0145 0145 0145 0145 0144 0144 0143 0143.
0141 0140 0139 0139 0138 0137 0136 0134 0133 0132 0131 0130
0129 0128 0127 0127 0128 0129 0131 0131 0132 0132 0132 0131.
0131 0129 0128 0127 0126 0124 0122 0121 0120 0119 0118 0118
0118 0118 0118 0119 0120 0122 0124 0127 0130 0132 0133 0132.
0131 0128 0126 0123 0121 0119 0117 0115 0113 0111 0110 0109
0109 0111 0113 0118 0123 0127 0129 0131 0133 0134 0135 0134.
0133 0131 0128 0126 0123 0121 0119 0117 0115 0114 0113 0112
0112 0115 0120 0128 0137 0146 0153 0160 0165 0168 0168 0166.
0163 0159 0156 0152 0149 0146 0143 0140 0138 0135 0133 0132
0132 0134 0138 0144 0151 0157 0165 0171 0174 0176 0176 0175.
0172 0169 0165 0162 0159 0156 0153 0151 0148 0145 0142 0140
0140 0142 0148 0157 0167 0176 0180 0183 0185 0184 0182 0178.
0173 0169 0166 0162 0159 0155 0152 0149 0146 0143 0140 0137
0136 0138 0144 0152 0161 0169 0177 0183 0186 0188 0186 0183.
0178 0174 0169 0165 0160 0156 0152 0148 0145 0141 0138 0135
0134 0137 0142 0151 0160 0170 0179 0187 0193 0195 0195 0193.
0190 0187 0183 0180 0177 0174 0172 0170 0168 0167 0165 0164
0163 0162 0163 0169 0177 0186 0195 0203 0208 0209 0209 0207.
0203 0200 0196 0192 0189 0185 0182 0179 0176 0173 0170 0168
0167 0170 0174 0181 0190 0198 0205 0210 0213 0214 0213 0211.
0207 0204 0200 0197 0194 0191 0188 0186 0183 0181 0179 0177
0176 0175 0174 0174 0174 0174 0175 0177 0179 0180 0180 0180.
0179 0178 0177 0177 0176 0175 0174 0174 0173 0173 0172 0172
0171 0172 0172 0173 0174 0175 0176 0176 0177 0177 0178 0178.
0177 0177 0176 0176 0176 0175 0175 0174 0174 0174 0173 0173
0173 0172 0172 0172 0173 0173 0174 0174 0174 0174 0173 0172.
0171 0170 0169 0167 0166 0166 0165 0163 0162 0161 0159 0158
0158 0160 0166 0173 0181 0189 0196 0202 0206 0207 0206 0203.
0199 0195 0191 0187 0183 0180 0177 0174 0170 0167 0164 0162
0162 0164 0169 0177 0185 0194 0202 0208 0212 0214 0213 0210.
0207 0203 0199 0195 0192 0189 0186 0183 0180 0177 0175 0172
0172 0174 0179 0184 0192 0199 0203 0206 0207 0208 0207 0205.
0203 0201 0199 0196 0194 0192 0189 0187 0186 0184 0182 0181
0180 0183 0188 0195 0203 0210 0215 0218 0219 0219 0218 0216.
0213 0211 0208 0205 0203 0200 0198 0196 0194 0192 0190 0188
0188 0189 0191 0194 0196 0200 0203 0206 0209 0210 0211 0210.
0208 0206 0204 0202 0199 0196 0193 0190 0187 0184 0182 0180
0180 0183 0188 0196 0205 0214 0220 0224 0225 0226 0226 0225.
0222 0218 0215 0211 0208 0204 0201 0198 0195 0192 0190 0188
0188 0190 0196 0204 0213 0223 0231 0237 0240 0240 0239 0236.
0233 0229 0226 0223 0219 0216 0213 0210 0207 0204 0201 0199
0199 0202 0208 0216 0226 0234 0240 0245 0248 0250 0249 0247.
0244 0241 0237 0234 0230 0227 0223 0220 0217 0214 0211 0209
0209 0212 0218 0227 0237 0247 0256 0264 0269 0271 0270 0267.
0263 0258 0254 0250 0246 0243 0239 0237 0235 0233 0231 0230
0229 0231 0234 0239 0245 0252 0260 0268 0272 0273 0272 0268.
0263 0259 0255 0251 0246 0242 0238 0235 0231 0228 0225 0222
0222 0225 0231 0238 0248 0258 0265 0270 0274 0274 0272 0268=
0203 0203 0202 0201 0200 0199 0198 0197 0196 0195 0194 0193
0193 0192 0192 0192 0191 0191 0191 0190 0189 0188 0187 0186.
0185 0184 0183 0182 0181 0179 0178 0176 0174 0172 0170 0169
0167 0165 0164 0163 0162 0161 0161 0161 0161 0161 0161 0161.
0161 0160 0160 0159 0159 0158 0158 0157 0157 0156 0156 0155
0155 0155 0154 0153 0153 0154 0154 0155 0156 0156 0156 0156.
0156 0156 0156 0155 0155 0155 0154 0154 0153 0153 0153 0152
0152 0152 0151 0151 0151 0152 0154 0157 0159 0161 0162 0162.
0162 0161 0160 0160 0159 0158 0157 0156 0155 0154 0153 0152
0151 0151 0150 0150 0150 0151 0152 0153 0154 0155 0156 0156.
0156 0156 0155 0155 0154 0153 0153 0152 0151 0150 0149 0149
0148 0147 0147 0146 0146 0146 0146 0145 0145 0145 0145 0144.
0143 0143 0142 0141 0140 0140 0139 0138 0137 0136 0135 0134
0133 0132 0131 0131 0131 0131 0132 0132 0132 0133 0133 0133.
0132 0132 0131 0130 0130 0129 0127 0126 0125 0124 0123 0123
0122 0122 0122 0122 0122 0123 0124 0125 0127 0129 0130 0131.
0131 0130 0129 0127 0126 0124 0123 0121 0120 0118 0117 0115
0115 0115 0115 0117 0119 0122 0125 0126 0128 0129 0131 0131.
0131 0131 0130 0128 0127 0125 0124 0122 0121 0119 0118 0117
0116 0117 0118 0121 0126 0131 0137 0142 0147 0151 0154 0155.
0155 0154 0152 0151 0149 0147 0145 0143 0141 0139 0137 0135
0134 0134 0135 0137 0141 0145 0149 0154 0158 0161 0163 0164.
0164 0163 0162 0160 0158 0156 0154 0152 0150 0148 0146 0144
0143 0142 0144 0147 0152 0158 0163 0167 0169 0171 0172 0171.
0169 0167 0165 0163 0160 0158 0156 0153 0151 0149 0146 0144
0142 0141 0142 0145 0149 0155 0160 0165 0169 0172 0174 0174.
0173 0171 0168 0166 0163 0160 0157 0154 0151 0148 0146 0143
0141 0140 0141 0144 0149 0154 0161 0167 0172 0176 0179 0180.
0180 0179 0178 0176 0174 0172 0171 0169 0168 0166 0165 0164
0163 0162 0162 0163 0166 0170 0176 0182 0187 0191 0193 0194.
0193 0192 0190 0188 0186 0184 0181 0179 0177 0175 0172 0170
0169 0168 0169 0172 0176 0181 0186 0191 0194 0197 0199 0199.
0198 0197 0195 0193 0191 0189 0187 0185 0183 0181 0180 0178
0177 0175 0174 0174 0173 0173 0173 0174 0174 0175 0176 0176.
0176 0176 0175 0175 0174 0174 0173 0172 0172 0171 0171 0170
0170 0170 0170 0170 0171 0171 0172 0172 0173 0173 0173 0174.
0174 0174 0173 0173 0173 0173 0173 0172 0172 0172 0171 0171
0171 0170 0170 0170 0170 0170 0171 0171 0171 0171 0171 0171.
0170 0169 0168 0168 0167 0166 0165 0164 0163 0163 0161 0160
0159 0159 0161 0164 0168 0173 0178 0183 0188 0191 0192 0193.
0192 0190 0188 0186 0183 0181 0178 0176 0174 0171 0169 0167
0165 0165 0166 0169 0173 0178 0184 0189 0193 0197 0199 0199.
0198 0197 0195 0193 0191 0189 0186 0184 0182 0180 0178 0176
0174 0174 0175 0177 0180 0185 0189 0192 0194 0196 0197 0197.
0196 0195 0194 0193 0192 0190 0189 0187 0186 0184 0183 0181
0180 0180 0181 0184 0188 0193 0198 0201 0204 0205 0206 0206.
0205 0204 0203 0202 0200 0198 0197 0195 0193 0192 0190 0189
0187 0187 0187 0189 0190 0191 0194 0196 0198 0200 0201 0202.
0201 0201 0200 0199 0197 0195 0193 0191 0189 0187 0185 0183
0182 0181 0183 0186 0190 0196 0201 0205 0209 0211 0212 0213.
0213 0211 0210 0208 0205 0203 0201 0199 0197 0194 0192 0190
0189 0189 0190 0193 0197 0203 0209 0215 0219 0222 0223 0223.
0223 0221 0220 0218 0216 0214 0211 0209 0207 0205 0203 0201
0199 0199 0200 0203 0208 0214 0219 0224 0227 0230 0232 0233.
0232 0231 0230 0228 0226 0223 0221 0219 0216 0214 0212 0210
0208 0208 0210 0213 0218 0224 0231 0237 0242 0246 0248 0249.
0248 0247 0245 0242 0240 0238 0235 0233 0231 0230 0228 0227
0226 0225 0226 0228 0231 0234 0239 0244 0249 0252 0253 0253.
0252 0250 0248 0245 0242 0240 0237 0234 0232 0229 0226 0224
0222 0222 0223 0226 0231 0236 0242 0247 0251 0254 0255 0254=
0154 0155 0155 0156 0157 0157 0158 0158 0158 0159 0159 0159
0160 0160 0160 0160 0161 0161 0161 0161 0161 0161 0161 0162.
0162 0162 0162 0162 0162 0162 0162 0162 0162 0162 0161 0161
0161 0161 0160 0160 0160 0159 0159 0159 0158 0158 0158 0157.
0157 0157 0157 0157 0156 0156 0156 0156 0156 0156 0155 0155
0155 0155 0155 0154 0154 0154 0154 0154 0154 0154 0154 0154.
0154 0154 0153 0154 0153 0153 0153 0153 0153 0153 0153 0153
0153 0153 0153 0153 0153 0153 0152 0152 0152 0152 0152 0152.
0153 0153 0153 0153 0153 0153 0153 0152 0152 0152 0152 0152
0152 0152 0152 0152 0151 0151 0151 0151 0151 0151 0151 0151.
0151 0151 0151 0151 0151 0151 0151 0151 0151 0151 0151 0151
0150 0150 0150 0150 0150 0150 0150 0150 0150 0149 0149 0149.
0149 0149 0149 0149 0148 0148 0148 0148 0148 0148 0147 0147
0147 0146 0146 0146 0146 0145 0145 0145 0145 0144 0144 0144.
0144 0143 0143 0143 0143 0143 0142 0142 0142 0142 0141 0141
0141 0141 0140 0140 0140 0140 0139 0139 0139 0139 0139 0139.
0138 0138 0138 0138 0138 0138 0138 0137 0137 0137 0137 0136
0136 0135 0135 0135 0135 0135 0135 0134 0134 0134 0134 0134.
0134 0134 0134 0134 0134 0134 0134 0134 0134 0134 0134 0133
0133 0133 0133 0133 0133 0133 0133 0133 0133 0133 0134 0134.
0135 0135 0136 0136 0136 0136 0137 0137 0137 0137 0137 0137
0137 0137 0137 0136 0136 0136 0137 0137 0137 0137 0138 0138.
0139 0139 0139 0140 0140 0140 0140 0141 0141 0141 0141 0141
0141 0141 0140 0140 0140 0141 0141 0141 0141 0142 0142 0142.
0143 0143 0143 0144 0144 0144 0144 0144 0144 0144 0143 0143
0143 0143 0143 0142 0142 0142 0142 0142 0142 0143 0143 0143.
0144 0144 0144 0144 0144 0144 0144 0144 0144 0144 0143 0143
0143 0143 0142 0142 0142 0142 0142 0142 0142 0142 0143 0143.
0144 0144 0145 0145 0145 0145 0146 0146 0146 0146 0146 0146
0146 0146 0146 0146 0147 0147 0147 0147 0148 0148 0149 0149.
0150 0150 0151 0151 0152 0152 0152 0152 0153 0153 0153 0153
0153 0153 0152 0153 0153 0153 0153 0153 0154 0154 0155 0155.
0156 0156 0157 0157 0157 0158 0158 0158 0158 0158 0158 0158
0158 0158 0158 0158 0158 0158 0158 0157 0157 0157 0157 0157.
0157 0157 0158 0158 0158 0158 0158 0158 0158 0158 0158 0158
0158 0158 0158 0158 0158 0158 0158 0158 0158 0158 0158 0158.
0158 0158 0158 0158 0159 0159 0159 0159 0159 0159 0159 0159
0159 0159 0159 0159 0159 0159 0159 0159 0159 0159 0159 0159.
0159 0159 0159 0159 0159 0159 0159 0159 0159 0159 0159 0159
0158 0158 0158 0158 0158 0158 0158 0158 0159 0159 0159 0160.
0160 0160 0161 0161 0161 0161 0161 0161 0161 0161 0161 0161
0161 0160 0160 0160 0160 0160 0160 0160 0160 0160 0161 0161.
0162 0162 0162 0163 0163 0163 0163 0163 0163 0163 0163 0163
0163 0163 0162 0162 0162 0162 0162 0163 0163 0163 0163 0164.
0164 0164 0164 0165 0165 0165 0165 0165 0165 0165 0165 0165
0165 0165 0165 0165 0165 0165 0165 0166 0166 0166 0167 0167.
0167 0168 0168 0168 0169 0169 0169 0169 0169 0169 0169 0169
0169 0169 0169 0169 0169 0169 0169 0169 0169 0169 0169 0170.
0170 0170 0170 0170 0171 0171 0171 0171 0171 0171 0170 0170
0170 0170 0170 0170 0170 0170 0170 0170 0171 0171 0171 0172.
0172 0172 0173 0173 0173 0174 0174 0174 0174 0174 0174 0173
0173 0173 0173 0173 0173 0173 0173 0173 0174 0174 0175 0175.
0176 0176 0177 0177 0177 0177 0178 0178 0178 0178 0178 0178
0178 0178 0177 0177 0178 0178 0178 0178 0179 0179 0179 0180.
0181 0181 0181 0182 0182 0182 0183 0183 0183 0183 0183 0183
0183 0183 0183 0183 0183 0183 0183 0184 0184 0185 0186 0187.
0188 0188 0189 0190 0190 0191 0191 0191 0191 0192 0192 0192
0192 0192 0192 0192 0192 0192 0193 0193 0194 0194 0195 0196.
0197 0197 0198 0198 0198 0199 0199 0199 0199 0199 0198 0198
0198 0198 0197 0197 0197 0197 0197 0198 0198 0199 0199 0200=
KB
0144 0145 0145 0145 0145 0145 0145 0145 0145 0145 0146 0146
0146 0146 0146 0146 0147 0147 0147 0147 0147 0148 0148 0148.
0148 0148 0148 0149 0149 0149 0149 0149 0149 0150 0150 0150
0150 0150 0150 0151 0151 0151 0151 0151 0151 0151 0151 0151.
0151 0151 0151 0151 0151 0151 0151 0151 0151 0151 0151 0151
0151 0151 0151 0151 0151 0151 0151 0151 0151 0151 0151 0151.
0151 0151 0151 0151 0151 0151 0151 0151 0151 0151 0151 0151
0151 0151 0151 0151 0151 0151 0151 0151 0151 0151 0151 0151.
0151 0151 0151 0151 0151 0151 0151 0151 0151 0151 0151 0151
0151 0151 0151 0151 0151 0151 0151 0151 0151 0151 0151 0151.
0151 0151 0151 0151 0151 0151 0150 0150 0151 0150 0150 0150
0150 0150 0150 0150 0150 0150 0150 0150 0150 0150 0150 0150.
0150 0150 0150 0150 0150 0150 0150 0150 0150 0150 0150 0150
0150 0150 0150 0150 0150 0149 0149 0149 0149 0149 0149 0149.
0149 0149 0149 0149 0149 0149 0148 0148 0148 0148 0148 0148
0148 0148 0148 0148 0147 0147 0147 0147 0147 0147 0147 0147.
0147 0147 0146 0146 0146 0146 0146 0146 0146 0146 0146 0146
0146 0145 0145 0145 0145 0145 0145 0145 0145 0145 0145 0144.
0144 0144 0144 0144 0144 0144 0144 0144 0143 0143 0143 0143
0143 0143 0143 0143 0143 0143 0143 0143 0143 0143 0142 0142.
0142 0142 0142 0142 0142 0142 0142 0142 0142 0142 0142 0142
0142 0142 0142 0142 0142 0142 0142 0142 0142 0142 0142 0142.
0142 0142 0142 0142 0142 0142 0142 0142 0142 0142 0142 0142
0142 0142 0142 0142 0142 0143 0143 0143 0142 0142 0142 0142.
0143 0143 0143 0143 0143 0143 0143 0143 0143 0143 0143 0143
0143 0143 0143 0143 0144 0144 0144 0144 0144 0144 0144 0144.
0144 0144 0144 0144 0144 0144 0144 0144 0144 0144 0144 0144
0144 0144 0144 0144 0144 0144 0144 0144 0144 0144 0144 0144.
0144 0144 0144 0144 0144 0144 0144 0144 0144 0144 0144 0145
0145 0145 0145 0145 0145 0145 0145 0145 0145 0145 0145 0145.
0145 0145 0146 0146 0146 0146 0146 0146 0146 0146 0146 0146
0147 0147 0147 0147 0147 0147 0147 0147 0147 0148 0148 0148.
0148 0148 0148 0148 0148 0148 0149 0149 0149 0149 0149 0149
0149 0150 0150 0150 0150 0150 0150 0150 0150 0150 0151 0151.
0151 0151 0151 0151 0151 0151 0151 0151 0151 0151 0151 0152
0152 0152 0152 0152 0152 0152 0152 0152 0152 0152 0152 0152.
0152 0152 0152 0152 0152 0153 0153 0153 0153 0153 0153 0153
0153 0153 0153 0153 0153 0153 0153 0153 0154 0153 0153 0153.
0154 0154 0154 0154 0154 0154 0154 0154 0154 0154 0154 0154
0154 0154 0154 0154 0154 0154 0154 0155 0154 0154 0154 0155.
0154 0155 0155 0155 0155 0155 0155 0155 0155 0155 0155 0155
0155 0155 0155 0155 0156 0156 0156 0156 0156 0156 0156 0156.
0156 0156 0156 0156 0156 0156 0156 0156 0156 0156 0156 0156
0156 0157 0157 0157 0157 0157 0157 0157 0157 0157 0157 0157.
0157 0157 0157 0157 0157 0157 0157 0157 0158 0158 0158 0158
0158 0158 0158 0158 0158 0158 0158 0158 0158 0159 0158 0158.
0159 0159 0159 0159 0159 0159 0159 0159 0159 0159 0159 0159
0160 0160 0160 0160 0160 0160 0160 0160 0160 0160 0160 0161.
0160 0160 0161 0161 0161 0161 0161 0161 0161 0161 0161 0162
0162 0162 0162 0162 0162 0162 0162 0162 0162 0162 0162 0162.
0162 0162 0162 0162 0163 0163 0163 0163 0163 0163 0163 0163
0163 0163 0164 0164 0164 0164 0164 0164 0164 0164 0164 0164.
0164 0164 0164 0164 0164 0165 0165 0165 0165 0165 0165 0165
0165 0166 0166 0166 0166 0166 0166 0166 0166 0166 0167 0167.
0167 0167 0167 0167 0167 0167 0167 0167 0168 0168 0168 0168
0168 0168 0168 0169 0169 0169 0169 0169 0169 0169 0169 0169.
0170 0170 0170 0170 0170 0170 0171 0171 0171 0171 0171 0171
0172 0172 0172 0172 0173 0173 0173 0173 0173 0173 0174 0174.
0174 0174 0174 0175 0175 0175 0175 0175 0175 0176 0176 0176
0177 0177 0177 0177 0177 0177 0178 0178 0178 0178 0178 0178=
0144 0144 0144 0144 0144 0144 0144 0144 0144 0144 0144 0144
0144 0144 0144 0144 0144 0144 0144 0144 0144 0144 0144 0144.
0144 0144 0144 0144 0144 0144 0144 0145 0145 0145 0145 0145
0145 0145 0145 0145 0145 0145 0145 0145 0145 0145 0145 0145.
0145 0145 0145 0145 0145 0145 0145 0145 0145 0145 0145 0145
0146 0146 0145 0146 0146 0146 0146 0146 0146 0146 0146 0146.
0146 0146 0146 0146 0146 0146 0146 0146 0146 0146 0146 0146
0146 0146 0146 0147 0147 0147 0147 0147 0147 0147 0147 0147.
0147 0147 0147 0147 0147 0147 0147 0147 0147 0147 0147 0147
0147 0147 0147 0147 0147 0148 0148 0148 0148 0148 0148 0148.
0148 0148 0148 0148 0148 0148 0148 0148 0148 0148 0148 0148
0148 0148 0148 0148 0148 0148 0148 0148 0148 0148 0148 0148.
0148 0148 0149 0149 0149 0149 0149 0149 0149 0149 0149 0149
0149 0149 0149 0149 0149 0149 0149 0149 0149 0149 0149 0149.
0149 0149 0149 0149 0149 0149 0149 0149 0149 0149 0149 0149
0149 0149 0149 0149 0149 0149 0149 0149 0149 0149 0149 0149.
0149 0150 0149 0150 0149 0150 0150 0150 0150 0150 0150 0150
0150 0150 0150 0150 0150 0150 0150 0150 0150 0150 0150 0150.
0150 0150 0150 0150 0150 0150 0150 0150 0150 0150 0150 0150
0150 0150 0150 0150 0150 0150 0150 0150 0150 0150 0150 0150.
0150 0150 0150 0150 0150 0150 0150 0150 0150 0150 0150 0150
0150 0150 0150 0150 0150 0150 0150 0150 0150 0150 0150 0150.
0150 0150 0150 0150 0150 0150 0150 0150 0150 0150 0150 0150
0150 0150 0150 0150 0150 0150 0150 0150 0150 0150 0150 0150.
0150 0150 0150 0150 0150 0150 0150 0150 0150 0150 0150 0150
0150 0150 0150 0150 0150 0150 0150 0150 0150 0150 0150 0150.
0150 0150 0150 0150 0150 0150 0150 0150 0150 0150 0150 0150
0150 0150 0150 0150 0150 0150 0150 0150 0150 0150 0150 0150.
0150 0150 0150 0150 0150 0150 0150 0150 0150 0150 0150 0150
0150 0150 0150 0150 0150 0150 0150 0150 0150 0150 0150 0150.
0150 0150 0150 0150 0150 0150 0150 0150 0150 0150 0150 0150
0150 0150 0150 0150 0150 0150 0150 0150 0150 0150 0150 0150.
0150 0150 0150 0150 0150 0150 0150 0150 0150 0150 0150 0150
0150 0150 0150 0150 0150 0150 0150 0150 0150 0150 0150 0150.
0150 0150 0150 0150 0150 0150 0150 0150 0150 0150 0150 0150
0150 0150 0150 0150 0150 0150 0150 0150 0151 0151 0150 0150.
0150 0151 0151 0151 0151 0151 0151 0151 0151 0151 0151 0151
0151 0151 0151 0151 0151 0151 0151 0151 0151 0151 0151 0151.
0151 0151 0151 0151 0151 0151 0151 0151 0151 0151 0151 0151
0151 0151 0151 0151 0151 0151 0152 0152 0151 0151 0151 0152.
0152 0151 0151 0152 0152 0152 0152 0152 0152 0152 0152 0152
0152 0152 0152 0152 0152 0152 0152 0152 0152 0152 0152 0152.
0152 0152 0152 0152 0152 0152 0152 0152 0152 0152 0152 0152
0152 0152 0152 0153 0153 0153 0153 0153 0153 0153 0153 0153.
0153 0153 0153 0153 0153 0153 0153 0153 0153 0153 0153 0153
0153 0153 0153 0153 0153 0153 0153 0153 0153 0153 0153 0153.
0153 0153 0153 0153 0153 0153 0153 0154 0154 0154 0154 0153
0154 0154 0154 0154 0154 0154 0154 0154 0154 0154 0154 0154.
0154 0154 0154 0154 0154 0154 0154 0154 0154 0154 0154 0154
0154 0154 0154 0154 0154 0155 0155 0155 0155 0155 0155 0155.
0155 0155 0155 0155 0155 0155 0155 0155 0155 0155 0155 0155
0155 0155 0155 0155 0155 0155 0155 0155 0155 0155 0155 0155.
0155 0155 0155 0155 0155 0155 0156 0156 0156 0156 0156 0156
0156 0156 0156 0156 0156 0156 0156 0156 0156 0156 0156 0156.
0156 0156 0156 0156 0156 0156 0156 0156 0156 0156 0156 0156
0157 0157 0157 0157 0157 0157 0157 0157 0157 0157 0157 0157.
0157 0157 0157 0157 0157 0157 0157 0157 0157 0157 0157 0157
0158 0158 0158 0158 0158 0158 0158 0158 0158 0158 0158 0158.
0158 0158 0158 0158 0158 0158 0158 0158 0158 0158 0158 0158
0158 0159 0159 0159 0159 0159 0159 0159 0159 0159 0159 0159=
0163 0163 0163 0163 0162 0162 0163 0163 0162 0162 0162 0162
0163 0163 0162 0162 0163 0163 0163 0162 0162 0162 0162 0162.
0162 0162 0162 0163 0162 0162 0162 0162 0162 0162 0162 0162
0162 0162 0162 0162 0162 0162 0162 0162 0162 0162 0162 0162.
0162 0162 0162 0162 0162 0162 0162 0162 0162 0162 0162 0162
0162 0162 0162 0162 0162 0162 0162 0162 0162 0162 0162 0162.
0162 0162 0162 0162 0162 0162 0162 0162 0162 0162 0162 0162
0162 0162 0162 0162 0162 0162 0162 0162 0162 0162 0162 0162.
0162 0162 0162 0162 0162 0162 0162 0162 0162 0162 0162 0162
0162 0162 0162 0162 0162 0162 0162 0162 0162 0162 0162 0162.
0162 0162 0162 0162 0162 0162 0162 0162 0162 0162 0162 0162
0162 0162 0162 0162 0162 0162 0162 0161 0162 0162 0162 0161.
0162 0161 0161 0162 0161 0162 0162 0161 0161 0161 0161 0161
0161 0161 0161 0161 0161 0161 0161 0161 0161 0161 0161 0161.
0161 0161 0161 0161 0161 0161 0161 0161 0161 0161 0161 0161
0161 0161 0161 0161 0161 0161 0161 0161 0161 0161 0161 0161.
0161 0161 0161 0161 0161 0161 0161 0161 0161 0161 0161 0161
0161 0161 0161 0161 0161 0161 0161 0161 0161 0161 0161 0161.
0161 0161 0161 0161 0161 0161 0161 0161 0161 0161 0161 0161
0161 0161 0161 0161 0161 0161 0161 0161 0161 0161 0161 0161.
0161 0161 0161 0161 0161 0161 0161 0161 0161 0161 0161 0161
0161 0161 0161 0161 0161 0161 0161 0161 0161 0161 0161 0161.
0161 0161 0161 0161 0161 0161 0161 0161 0161 0161 0161 0161
0161 0161 0161 0161 0161 0162 0162 0161 0161 0161 0161 0161.
0161 0161 0161 0161 0161 0161 0161 0161 0161 0161 0161 0161
0161 0161 0161 0161 0161 0161 0161 0161 0161 0161 0161 0161.
0161 0161 0161 0161 0161 0161 0161 0161 0161 0161 0161 0161
0161 0162 0161 0162 0162 0162 0161 0162 0161 0162 0161 0162.
0161 0161 0161 0161 0162 0162 0161 0161 0162 0161 0161 0161
0161 0162 0162 0162 0162 0162 0162 0162 0162 0162 0162 0162.
0162 0162 0162 0162 0162 0161 0162 0162 0162 0162 0162 0162
0162 0162 0162 0162 0162 0162 0162 0162 0162 0162 0162 0162.
0162 0162 0162 0162 0162 0162 0162 0162 0162 0161 0162 0162
0162 0162 0162 0162 0162 0162 0162 0162 0162 0162 0162 0162.
0162 0162 0162 0162 0162 0162 0162 0162 0162 0162 0162 0162
0162 0162 0162 0162 0162 0162 0162 0162 0162 0162 0162 0162.
0162 0162 0162 0162 0162 0162 0162 0162 0162 0162 0162 0162
0162 0162 0162 0162 0162 0162 0162 0162 0162 0162 0162 0162.
0162 0162 0162 0162 0162 0162 0162 0162 0162 0162 0162 0162
0162 0162 0162 0162 0162 0162 0162 0162 0162 0162 0162 0162.
0162 0162 0162 0162 0162 0162 0162 0162 0162 0162 0162 0162
0162 0162 0162 0162 0162 0162 0162 0162 0162 0162 0162 0162.
0162 0162 0162 0162 0162 0162 0162 0162 0162 0162 0162 0162
0162 0162 0162 0162 0162 0162 0162 0162 0162 0162 0162 0162.
0162 0162 0162 0162 0162 0162 0162 0162 0162 0162 0162 0162
0162 0162 0162 0162 0162 0162 0162 0162 0162 0162 0162 0162.
0162 0162 0162 0162 0162 0162 0162 0162 0162 0162 0162 0162
0162 0162 0162 0162 0162 0162 0162 0162 0162 0162 0162 0162.
0162 0162 0162 0162 0162 0162 0162 0162 0162 0162 0162 0162
0162 0162 0162 0162 0162 0162 0162 0162 0162 0162 0162 0162.
0162 0162 0162 0162 0162 0162 0162 0162 0162 0162 0162 0162
0162 0162 0162 0162 0162 0162 0162 0162 0162 0162 0162 0162.
0162 0162 0162 0162 0162 0162 0162 0162 0162 0162 0162 0162
0162 0162 0162 0162 0163 0162 0162 0163 0162 0162 0162 0162.
0162 0162 0162 0162 0162 0162 0162 0162 0162 0162 0162 0162
0163 0163 0162 0163 0163 0163 0163 0163 0163 0162 0162 0162.
0163 0162 0163 0163 0162 0162 0162 0162 0163 0163 0163 0163
0163 0163 0163 0163 0163 0163 0163 0163 0163 0163 0163 0163.
0163 0163 0163 0163 0163 0163 0163 0163 0163 0163 0163 0163
0163 0163 0163 0163 0163 0163 0163 0163 0163 0163 0163 0163=
A=
SA=
BA
0218 0218 0199 0210 0205 0199 0184 0203 0204 0204 0203 0208
0205 0207 0213 0210 0201 0190 0173 0169 0172 0170 0163 0155 0229 2139 0155 2000.
0153 0153 0147 0137 0127 0127 0119 0115 0113 0108 0104 0104
0107 0117 0125 0123 0125 0136 0158 0133 0146 0142 0124 0126 0161 1504 0101 0723.
0127 0127 0128 0129 0127 0129 0126 0126 0129 0129 0131 0134
0133 0134 0145 0160 0157 0166 0152 0150 0145 0138 0134 0133 0178 1329 0125 2003.
0133 0132 0133 0131 0133 0133 0131 0133 0132 0133 0129 0132
0142 0127 0136 0175 0184 0200 0211 0176 0162 0149 0130 0135 0237 1509 0126 1907.
0134 0132 0124 0120 0117 0118 0118 0121 0119 0120 0119 0124
0130 0141 0157 0167 0183 0183 0177 0164 0156 0142 0133 0128 0193 1349 0117 0039.
0127 0126 0128 0125 0126 0126 0125 0122 0117 0115 0116 0114
0116 0121 0121 0116 0117 0113 0118 0111 0108 0108 0092 0095 0129 2006 0090 1909.
0095 0093 0091 0091 0086 0083 0084 0084 0082 0078 0076 0081
0081 0095 0109 0107 0117 0130 0108 0115 0107 0099 0085 0083 0134 1408 0074 0637.
0079 0079 0078 0071 0039 0047 0068 0053 0074 0069 0085 0082
0090 0112 0109 0125 0135 0147 0165 0130 0148 0111 0072 0046 0176 1443 0037 0046.
0036 0033 0037 0039 0044 0025 0019 0015 0050 0064 0074 0082
0126 0146 0186 0167 0151 0152 0160 0161 0155 0128 0094 0057 0240 1130 0011 0417.
0051 0042 0043 0032 0027 0034 0056 0056 0046 0042 0068 0106
0213 0247 0293 0303 0292 0334 0312 0290 0256 0188 0126 0079 0336 1150 0025 0115.
0071 0077 0089 0069 0058 0065 0055 0061 0065 0068 0088 0166
0200 0227 0284 0277 0327 0337 0316 0274 0266 0208 0155 0123 0368 1352 0048 0226.
0110 0089 0084 0101 0091 0076 0064 0073 0065 0050 0089 0179
0270 0338 0375 0383 0302 0210 0320 0206 0217 0129 0106 0082 0411 1210 0048 0553.
0089 0080 0071 0062 0052 0077 0062 0037 0031 0031 0064 0175
0233 0286 0296 0318 0333 0309 0312 0286 0263 0176 0126 0091 0345 1247 0026 0506.
0070 0050 0043 0036 0041 0026 0021 0031 0022 0009 0054 0167
0238 0287 0318 0335 0356 0356 0364 0343 0297 0212 0166 0144 0365 1434 0008 0603.
0127 0104 0136 0130 0138 0125 0129 0130 0131 0131 0134 0137
0143 0270 0340 0339 0357 0358 0359 0322 0275 0214 0174 0157 0368 1246 0103 2201.
0145 0125 0118 0104 0098 0095 0109 0094 0092 0087 0136 0178
0263 0306 0344 0353 0371 0336 0340 0315 0287 0227 0170 0140 0378 1247 0087 0559.
0132 0128 0123 0130 0129 0128 0122 0116 0118 0121 0137 0140
0154 0151 0152 0169 0189 0209 0217 0212 0186 0172 0162 0159 0219 1449 0114 0549.
0163 0159 0157 0157 0156 0155 0157 0158 0158 0158 0161 0167
0173 0177 0185 0183 0181 0183 0190 0185 0185 0175 0173 0172 0192 1632 0155 0105.
0172 0169 0171 0168 0167 0166 0166 0168 0165 0161 0161 0165
0166 0170 0169 0187 0180 0168 0157 0150 0155 0139 0133 0134 0195 1221 0132 1920.
0130 0130 0132 0130 0129 0130 0127 0123 0106 0087 0149 0195
0273 0330 0334 0370 0298 0335 0340 0323 0263 0202 0151 0140 0380 1201 0080 0612.
0110 0099 0087 0095 0082 0079 0070 0072 0067 0082 0117 0157
0269 0330 0367 0374 0389 0381 0354 0328 0283 0211 0175 0135 0395 1223 0063 0449.
0123 0109 0106 0109 0107 0111 0106 0090 0093 0079 0133 0211
0283 0299 0346 0387 0337 0314 0293 0290 0242 0208 0195 0177 0416 1152 0077 0604.
0166 0158 0150 0146 0124 0135 0139 0136 0130 0131 0136 0249
0322 0318 0417 0365 0364 0349 0311 0264 0263 0234 0206 0194 0418 1059 0114 0116.
0162 0160 0146 0151 0146 0147 0138 0136 0141 0136 0165 0211
0243 0296 0254 0276 0324 0286 0329 0297 0267 0228 0192 0177 0338 1455 0130 0338.
0164 0149 0137 0121 0114 0109 0105 0102 0098 0101 0139 0203
0308 0369 0348 0394 0368 0316 0302 0323 0312 0265 0198 0158 0428 1222 0097 0508.
0146 0147 0138 0134 0124 0122 0118 0115 0111 0108 0157 0229
0320 0337 0401 0427 0434 0405 0392 0281 0269 0260 0197 0175 0444 1217 0107 0535.
0173 0171 0156 0150 0149 0142 0129 0126 0122 0119 0169 0248
0341 0388 0415 0424 0438 0387 0347 0386 0322 0286 0234 0203 0456 1218 0118 0556.
0189 0175 0167 0161 0156 0151 0141 0151 0133 0135 0184 0264
0327 0399 0436 0472 0438 0451 0431 0415 0399 0329 0260 0237 0479 1147 0133 0500.
0233 0204 0208 0207 0198 0201 0214 0214 0204 0204 0230 0262
0297 0350 0367 0376 0431 0442 0410 0385 0349 0290 0235 0218 0452 1410 0192 0520.
0206 0209 0188 0170 0168 0167 0165 0150 0143 0155 0194 0255
0325 0348 0380 0431 0460 0412 0413 0362 0302 0278 0256 0220 0464 1301 0141 0504=
=
??????
******
YF
19011










20150507=
JY
8888=
GK
01/
05/=
BZ
10/03/08;14;20

10/24/24
11/=
######
