57461 3042N 11118E 001331 001343 105 000 S14 11111999919199111991 0 2015 11
PC
0169 0172 0171 0165 0161 0153 0142 0137 0139 0140 0146 0149
0152 0151 0144 0131 0118 0107 0099 0100 0101 0102 0110 0118 0173 2201 0098 1626.
0123 0123 0121 0120 0112 0109 0105 0102 0101 0105 0108 0112
0115 0114 0105 0093 0080 0070 0064 0061 0061 0063 0068 0077 0124 2107 0060 1613.
0081 0083 0085 0079 0074 0070 0069 0065 0064 0069 0073 0079
0083 0084 0077 0069 0063 0054 0052 0052 0052 0060 0068 0072 0085 2249 0051 1508.
0075 0075 0069 0069 0065 0060 0055 0054 0053 0055 0060 0066
0071 0071 0063 0053 0044 0035 0030 0031 0035 0038 0045 0049 0076 2139 0030 1449.
0052 0054 0052 0050 0044 0042 0039 0037 0035 0035 0038 0043
0047 0046 0041 0033 0019 0006 9999 9995 9997 9998 0005 0008 0056 2217 9995 1544.
0012 0015 0012 0005 9998 9993 9990 9986 9984 9990 9994 9999
0004 0003 0001 9994 9981 9973 9973 9974 9978 9982 9992 0001 0015 2200 9971 1436.
0003 0008 0010 0012 0013 0019 0024 0029 0037 0044 0058 0063
0070 0075 0074 0071 0062 0051 0050 0052 0054 0058 0065 0072 0077 1051 0000 2005.
0078 0080 0083 0083 0074 0072 0076 0077 0083 0079 0084 0092
0098 0100 0098 0092 0084 0079 0078 0078 0082 0085 0093 0101 0101 1958 0071 0156.
0106 0107 0108 0106 0104 0102 0101 0096 0096 0102 0107 0112
0116 0116 0114 0106 0093 0084 0080 0077 0079 0081 0087 0094 0116 0835 0076 1607.
0101 0106 0107 0101 0093 0095 0092 0089 0090 0093 0093 0103
0109 0108 0104 0095 0086 0077 0075 0075 0075 0080 0086 0091 0109 2229 0073 1607.
0095 0098 0103 0102 0100 0098 0093 0087 0090 0099 0103 0109
0116 0116 0114 0107 0101 0094 0089 0086 0095 0099 0105 0111 0118 0921 0083 1538.
0116 0115 0120 0116 0113 0105 0104 0103 0099 0101 0098 0104
0113 0110 0111 0104 0095 0084 0084 0084 0080 0083 0085 0090 0122 2302 0080 1618.
0094 0093 0091 0089 0082 0079 0075 0072 0070 0073 0077 0079
0079 0079 0070 0063 0051 0042 0038 0033 0034 0035 0038 0043 0094 2100 0033 1600.
0046 0045 0040 0037 0035 0033 0028 0023 0020 0022 0025 0027
0030 0036 0027 0015 0008 0003 9997 9993 9997 9999 0006 0007 0048 2051 9992 1613.
0011 0015 0017 0016 0014 0013 0008 0007 0006 0006 0012 0019
0020 0022 0020 0013 0002 9995 9992 9991 9996 0002 0009 0016 0023 1018 9990 1521.
0019 0022 0023 0023 0016 0014 0012 0009 0009 0011 0015 0015
0027 0032 0029 0019 0005 9993 9991 9989 9992 0000 0006 0013 0033 0952 9989 1509.
0019 0024 0028 0030 0025 0022 0016 0016 0013 0015 0018 0024
0028 0036 0035 0027 0018 0012 0012 0014 0018 0024 0031 0040 0040 1957 0009 0331.
0048 0053 0054 0057 0057 0057 0058 0059 0060 0066 0078 0082
0089 0093 0090 0086 0078 0068 0063 0063 0065 0069 0070 0076 0099 0935 0040 2001.
0082 0085 0082 0079 0079 0071 0069 0067 0065 0069 0071 0072
0080 0080 0076 0067 0062 0053 0050 0056 0063 0070 0080 0085 0088 2145 0050 1424.
0089 0084 0084 0083 0081 0075 0071 0069 0066 0070 0070 0074
0080 0082 0080 0073 0063 0058 0055 0056 0059 0065 0069 0077 0091 2109 0053 1520.
0081 0083 0081 0081 0078 0074 0074 0072 0069 0071 0074 0079
0087 0089 0082 0072 0061 0053 0046 0049 0051 0059 0063 0069 0090 0913 0045 1504.
0075 0080 0081 0079 0077 0074 0069 0066 0062 0062 0067 0074
0078 0082 0083 0077 0065 0062 0058 0062 0066 0069 0076 0083 0083 1051 0057 1427.
0094 0100 0102 0097 0094 0094 0094 0091 0086 0093 0101 0110
0115 0126 0121 0109 0091 0083 0083 0078 0079 0080 0089 0095 0126 0956 0077 1734.
0104 0110 0114 0114 0114 0112 0116 0118 0117 0120 0125 0134
0142 0145 0144 0146 0140 0141 0146 0150 0156 0166 0169 0180 0181 1956 0095 2001.
0185 0186 0186 0182 0180 0170 0174 0165 0161 0157 0161 0165
0164 0166 0159 0145 0134 0124 0117 0117 0119 0122 0125 0135 0193 2245 0116 1503.
0152 0166 0173 0172 0169 0165 0162 0159 0155 0157 0160 0165
0169 0173 0171 0165 0155 0148 0143 0139 0138 0141 0144 0145 0174 2321 0135 2001.
0146 0144 0139 0135 0135 0130 0121 0119 0116 0117 0121 0125
0129 0133 0122 0119 0103 0097 0095 0090 0088 0092 0094 0099 0146 2021 0087 1655.
0102 0101 0103 0104 0102 0101 0095 0097 0098 0098 0103 0110
0115 0119 0120 0111 0100 0096 0093 0096 0099 0104 0112 0116 0121 1008 0092 1505.
0119 0119 0123 0118 0120 0112 0113 0110 0107 0109 0111 0116
0117 0118 0115 0107 0096 0086 0081 0082 0082 0087 0093 0096 0124 2304 0081 1452.
0102 0101 0104 0099 0098 0092 0089 0087 0083 0081 0085 0089
0091 0095 0090 0076 0066 0059 0052 0049 0049 0050 0057 0059 0104 2229 0047 1625=
0317 0314 0269 0282
0272 0276 0232 0240
0231 0242 0215 0235
0221 0229 0195 0210
0202 0203 0166 0168
0153 0159 0133 0162
0181 0226 0214 0236
0236 0256 0243 0265
0266 0276 0246 0257
0257 0266 0241 0256
0263 0274 0258 0276
0269 0268 0248 0254
0243 0243 0205 0206
0195 0189 0164 0169
0174 0181 0156 0178
0176 0177 0153 0174
0183 0186 0174 0202
0219 0245 0231 0240
0234 0236 0216 0249
0239 0238 0221 0240
0237 0242 0216 0232
0237 0237 0225 0246
0258 0275 0248 0261
0279 0302 0310 0350
0340 0336 0293 0304
0333 0333 0316 0313
0297 0292 0264 0266
0268 0277 0262 0283
0278 0282 0251 0262
0257 0254 0223 0223=
TB
0124 0121 0120 0120 0119 0117 0114 0105 0104 0098 0094 0096
0112 0127 0147 0160 0173 0187 0182 0183 0178 0165 0149 0136 0190 1408 0092 0725.
0130 0120 0115 0108 0103 0100 0095 0091 0089 0087 0087 0095
0122 0140 0162 0177 0188 0194 0202 0200 0189 0175 0168 0159 0203 1520 0085 0641.
0149 0138 0133 0126 0120 0118 0112 0110 0109 0110 0106 0111
0126 0140 0162 0179 0171 0178 0180 0180 0176 0154 0136 0130 0184 1419 0105 0703.
0128 0128 0128 0131 0130 0130 0127 0126 0129 0127 0128 0129
0135 0145 0163 0170 0177 0191 0185 0181 0179 0175 0174 0170 0193 1359 0126 2117.
0169 0165 0164 0162 0161 0160 0158 0158 0156 0155 0156 0157
0156 0155 0153 0154 0154 0156 0157 0157 0155 0153 0152 0152 0171 2005 0151 1942.
0152 0152 0151 0152 0152 0152 0153 0153 0153 0153 0153 0153
0154 0156 0157 0161 0162 0162 0158 0156 0154 0151 0148 0142 0163 1253 0142 1949.
0139 0134 0131 0124 0115 0106 0103 0102 0100 0096 0096 0097
0103 0106 0104 0106 0111 0115 0118 0117 0117 0115 0113 0113 0142 2001 0095 0615.
0112 0112 0111 0110 0110 0111 0111 0108 0107 0107 0108 0109
0114 0115 0120 0124 0121 0122 0125 0127 0127 0125 0124 0124 0128 1610 0106 0418.
0124 0121 0120 0120 0120 0116 0112 0104 0109 0110 0112 0116
0129 0141 0150 0159 0157 0158 0159 0159 0157 0154 0152 0150 0170 1232 0103 0403.
0147 0142 0141 0137 0130 0130 0127 0122 0118 0115 0112 0107
0103 0098 0098 0098 0098 0098 0100 0101 0102 0102 0100 0099 0150 2001 0097 1017.
0100 0100 0100 0098 0095 0094 0094 0094 0095 0096 0098 0100
0109 0119 0129 0136 0137 0137 0134 0133 0129 0122 0115 0112 0139 1220 0093 0337.
0111 0113 0113 0112 0112 0108 0105 0104 0103 0103 0106 0107
0109 0112 0114 0117 0117 0121 0121 0120 0119 0117 0115 0114 0124 1411 0102 0512.
0113 0113 0113 0112 0111 0108 0109 0108 0106 0106 0107 0110
0116 0129 0124 0126 0131 0131 0134 0134 0133 0129 0128 0127 0135 1553 0106 0459.
0124 0124 0123 0123 0121 0120 0119 0119 0118 0118 0117 0121
0128 0130 0140 0143 0144 0144 0144 0142 0140 0137 0136 0135 0146 1153 0117 0601.
0134 0131 0129 0130 0129 0128 0127 0127 0127 0129 0128 0126
0127 0129 0129 0131 0133 0134 0135 0136 0136 0134 0135 0135 0137 1506 0126 0737.
0135 0132 0132 0133 0133 0132 0132 0132 0130 0130 0131 0134
0137 0139 0150 0152 0166 0164 0164 0163 0161 0151 0148 0145 0168 1420 0130 0432.
0144 0143 0142 0132 0128 0126 0127 0128 0128 0127 0126 0127
0129 0131 0133 0136 0137 0139 0139 0137 0135 0133 0131 0130 0145 2001 0126 0110.
0131 0130 0130 0127 0121 0124 0123 0118 0117 0115 0112 0110
0115 0117 0121 0127 0131 0138 0140 0138 0132 0129 0127 0122 0144 1421 0110 0736.
0118 0117 0113 0112 0110 0110 0109 0108 0107 0104 0103 0104
0105 0109 0111 0112 0118 0118 0120 0121 0120 0117 0111 0111 0122 2001 0103 0559.
0113 0114 0114 0114 0114 0114 0114 0114 0114 0115 0115 0117
0119 0121 0125 0127 0127 0125 0127 0127 0126 0126 0125 0125 0129 1224 0111 2001.
0124 0120 0117 0115 0113 0113 0114 0114 0114 0113 0114 0114
0113 0114 0115 0120 0124 0128 0127 0127 0124 0123 0123 0123 0128 1344 0113 0045.
0122 0124 0125 0125 0125 0126 0124 0125 0125 0124 0123 0124
0127 0130 0132 0133 0132 0133 0133 0132 0132 0130 0127 0122 0134 1213 0122 2001.
0120 0118 0115 0109 0105 0100 0096 0090 0089 0087 0085 0083
0082 0079 0080 0084 0087 0088 0086 0083 0082 0074 0069 0064 0122 2001 0063 1956.
0060 0060 0059 0057 0052 0050 0048 0048 0046 0046 0048 0048
0048 0051 0046 0040 0040 0037 0036 0037 0032 0027 0023 0013 0063 2001 0013 1953.
0011 0013 0015 0016 0016 0016 0017 0017 0018 0020 0022 0026
0033 0040 0045 0052 0060 0068 0075 0076 0067 0061 0057 0057 0080 1449 0010 2118.
0062 0063 0063 0060 0058 0057 0057 0057 0057 0058 0059 0058
0061 0063 0069 0070 0072 0074 0076 0078 0075 0073 0071 0070 0080 1433 0056 0147.
0070 0069 0068 0066 0065 0064 0062 0061 0060 0059 0059 0061
0064 0066 0070 0071 0075 0076 0074 0074 0073 0071 0070 0070 0078 1346 0059 0511.
0068 0067 0071 0069 0068 0068 0069 0069 0070 0070 0070 0071
0073 0076 0080 0078 0081 0080 0084 0085 0084 0081 0080 0079 0085 1509 0067 2156.
0077 0077 0076 0076 0077 0077 0078 0078 0078 0080 0080 0078
0083 0091 0096 0101 0106 0112 0111 0109 0105 0103 0101 0098 0112 1400 0076 2244.
0097 0095 0095 0095 0095 0095 0094 0094 0094 0094 0094 0095
0098 0102 0104 0105 0105 0104 0105 0105 0103 0101 0099 0098 0106 1138 0094 0042=
IB
=
0053 0055 0056 0059 0074 0064 0067 0077 0073 0067 0070 0075
0077 0080 0075 0077 0087 0081 0054 0045 0051 0052 0054 0057.
0068 0079 0091 0084 0081 0081 0083 0080 0080 0075 0078 0086
0094 0090 0074 0083 0076 0087 0098 0090 0088 0086 0082 0089.
0086 0080 0082 0092 0097 0105 0101 0094 0100 0101 0095 0097
0096 0100 0103 0095 0093 0089 0094 0096 0107 0108 0106 0117.
0117 0115 0109 0115 0119 0119 0109 0113 0118 0116 0114 0104
0110 0113 0115 0106 0115 0109 0118 0117 0112 0115 0123 0127.
0128 0127 0124 0131 0125 0133 0138 0138 0143 0139 0134 0132
0140 0140 0138 0143 0144 0146 0146 0144 0144 0145 0146 0147.
0147 0147 0146 0149 0144 0149 0150 0150 0150 0150 0150 0145
0151 0153 0154 0158 0159 0154 0155 0148 0144 0146 0142 0136.
0134 0125 0126 0121 0107 0101 0097 0094 0089 0084 0090 0091
0094 0092 0092 0090 0099 0096 0100 0099 0099 0099 0097 0090.
0086 0088 0085 0084 0088 0083 0083 0077 0085 0085 0087 0085
0091 0096 0097 0098 0091 0090 0097 0097 0095 0097 0098 0096.
0100 0093 0101 0099 0096 0095 0095 0095 0103 0102 0099 0108
0111 0109 0106 0096 0087 0101 0098 0100 0098 0097 0096 0096.
0097 0096 0099 0097 0094 0102 0101 0096 0090 0089 0081 0085
0092 0090 0090 0090 0090 0089 0089 0092 0091 0093 0092 0091.
0088 0092 0084 0081 0083 0085 0088 0088 0089 0088 0086 0091
0092 0087 0078 0080 0075 0072 0070 0069 0084 0090 0092 0084.
0092 0087 0097 0091 0098 0099 0097 0096 0091 0091 0100 0096
0101 0104 0101 0101 0099 0095 0100 0101 0106 0106 0104 0101.
0102 0104 0104 0104 0103 0102 0101 0096 0095 0095 0090 0096
0092 0095 0089 0089 0088 0082 0080 0087 0090 0094 0096 0090.
0094 0091 0097 0105 0107 0101 0105 0106 0107 0104 0103 0100
0098 0104 0104 0099 0098 0102 0108 0108 0110 0114 0113 0114.
0113 0112 0118 0121 0121 0122 0119 0118 0114 0108 0114 0113
0116 0111 0120 0125 0127 0126 0124 0125 0123 0118 0117 0124.
0119 0126 0124 0127 0127 0126 0127 0123 0125 0124 0125 0128
0128 0121 0123 0112 0131 0118 0116 0119 0119 0122 0119 0118.
0116 0113 0110 0111 0114 0117 0119 0115 0114 0116 0115 0109
0115 0110 0110 0110 0116 0112 0107 0112 0116 0115 0115 0121.
0122 0122 0119 0121 0110 0115 0114 0109 0108 0099 0098 0086
0085 0093 0093 0093 0095 0095 0090 0098 0104 0103 0108 0096.
0092 0094 0094 0088 0091 0091 0088 0089 0091 0093 0094 0092
0097 0101 0099 0098 0099 0097 0094 0100 0096 0101 0103 0105.
0099 0101 0101 0097 0101 0103 0103 0103 0103 0099 0104 0099
0105 0103 0100 0099 0099 0104 0104 0101 0103 0103 0104 0104.
0106 0107 0111 0110 0108 0108 0109 0109 0109 0108 0109 0105
0108 0109 0106 0109 0110 0109 0111 0113 0116 0115 0117 0118.
0111 0118 0116 0120 0119 0120 0118 0120 0116 0115 0120 0121
0124 0125 0126 0127 0123 0128 0128 0129 0129 0127 0124 0119.
0112 0115 0112 0106 0102 0097 0093 0087 0086 0079 0082 0080
0079 0070 0071 0080 0076 0080 0077 0077 0078 0065 0065 0055.
0051 0056 0055 0051 0046 0044 0039 0044 0037 0040 0042 0039
0039 0036 0031 0033 0033 0030 0029 0030 0019 0008 0007 0003.
0001 0003 0005 0006 0004 0000 0005 0007 0008 0010 0013 0017
0023 0028 0025 0034 0037 0038 0039 0044 0047 0044 0043 0051.
0052 0043 0040 0032 0028 0035 0030 0037 0040 0043 0044 0038
0041 0028 0014 0017 0019 0010 0012 0016 0016 0018 0024 0023.
0019 0022 0025 0025 0018 0019 0009 0012 0005 0009 0009 -002
0001 0009 0029 0032 0034 0038 0049 0057 0054 0054 0056 0052.
0048 0049 0052 0042 0046 0051 0055 0057 0056 0058 0053 0059
0054 0062 0065 0063 0056 0058 0062 0065 0067 0066 0066 0068.
0068 0065 0069 0069 0070 0068 0069 0069 0064 0066 0066 0067
0064 0072 0074 0077 0078 0082 0083 0085 0083 0084 0082 0076.
0083 0086 0086 0087 0089 0089 0088 0088 0088 0088 0088 0089
0090 0091 0085 0091 0091 0090 0093 0088 0082 0089 0090 0086=
EA
089 090 091 093 103 096 098 105 102 098 100 104
105 107 104 105 112 108 090 084 088 088 090 092.
099 107 115 110 108 108 109 107 107 103 106 112
118 115 103 109 104 113 121 115 113 112 109 114.
112 107 108 117 121 127 124 118 122 123 119 120
120 123 125 119 117 114 118 120 129 129 128 138.
137 136 130 136 139 139 131 134 138 136 134 126
131 134 135 128 136 130 138 137 133 136 143 147.
148 146 144 151 144 153 158 158 163 158 154 152
159 160 158 163 164 166 166 164 164 165 166 167.
167 167 166 169 164 169 170 170 170 170 170 165
171 174 175 179 180 175 176 168 164 166 162 155.
154 144 146 141 129 124 120 118 114 110 115 115
118 116 116 115 121 119 123 122 122 122 120 115.
112 113 111 110 113 110 110 105 111 111 113 111
116 119 121 121 116 115 120 120 119 120 121 119.
122 117 123 122 119 119 118 118 125 125 122 130
132 130 128 119 112 124 121 123 121 121 119 119.
120 120 122 121 118 124 123 119 115 114 108 111
116 115 115 115 115 114 114 116 116 117 117 116.
113 117 110 108 109 111 113 113 114 113 111 115
116 113 106 107 103 102 100 099 110 115 117 110.
116 112 120 116 121 122 121 120 115 115 123 120
124 126 124 124 122 119 123 123 128 128 126 124.
124 126 126 126 125 124 124 119 119 119 114 119
116 119 114 114 113 108 108 112 114 117 120 114.
118 115 120 127 128 123 127 128 129 126 125 123
121 126 126 122 121 125 130 129 131 135 134 135.
134 133 138 141 141 142 139 138 135 129 134 134
136 132 140 145 147 146 144 145 143 138 138 144.
139 146 144 147 147 146 147 143 145 144 145 147
147 141 143 133 151 138 136 139 139 142 140 139.
136 134 131 132 134 137 139 136 134 136 136 131
135 131 131 131 136 133 129 133 136 136 136 141.
142 142 139 141 131 135 134 130 129 122 121 112
111 117 117 117 119 118 115 121 126 125 129 119.
116 118 118 113 115 115 113 114 116 117 118 116
121 124 121 121 122 120 118 123 119 124 125 127.
122 124 124 120 124 125 125 125 125 122 126 122
127 126 123 122 122 126 126 123 125 125 126 126.
128 129 132 132 130 130 131 131 131 130 131 127
130 131 127 130 131 130 132 134 137 136 137 139.
132 138 136 141 139 140 138 141 136 135 140 141
144 145 146 147 143 148 148 149 149 147 144 139.
133 136 133 128 124 120 117 112 112 107 109 107
106 100 101 107 105 108 105 105 105 097 096 090.
088 091 090 088 085 084 081 083 080 081 083 081
081 079 076 077 077 076 075 076 070 065 064 062.
061 062 063 064 063 061 064 064 065 066 067 069
072 075 073 078 079 080 081 083 085 084 083 088.
088 083 081 077 075 079 076 080 081 083 084 080
082 074 068 069 070 066 067 069 068 069 073 072.
070 072 073 073 070 070 065 067 064 065 065 060
061 065 075 077 078 080 086 092 090 090 091 088.
086 086 089 083 085 088 090 091 091 092 089 093
090 095 096 095 091 092 095 096 098 097 098 099.
099 097 099 099 100 099 099 099 096 098 098 098
096 102 103 105 106 109 110 111 109 110 109 104.
109 112 112 113 114 114 113 113 113 113 113 114
115 116 111 115 115 115 117 113 109 114 115 111=
UB
62 64 65 66 74 70 73 83 81 81 85 87
79 73 62 58 57 50 43 40 43 47 53 59 39 1552.
66 76 85 85 86 88 92 93 94 92 94 94
83 72 56 54 48 50 51 49 52 56 57 63 45 1345.
66 68 71 80 86 92 93 90 94 94 93 91
82 77 68 58 60 56 57 58 64 74 82 92 55 1353.
93 92 88 90 93 93 89 92 93 93 91 85
85 81 73 66 67 59 65 66 65 68 72 76 59 1400.
77 78 77 82 79 84 88 88 92 90 87 85
90 91 91 93 94 94 93 92 93 95 96 97 73 2001.
97 97 97 98 95 98 98 98 98 98 98 95
98 98 98 98 98 95 98 95 94 97 96 96 93 1852.
97 94 97 98 95 97 96 95 93 92 96 96
94 91 92 90 92 88 89 89 89 90 90 86 83 1956.
84 85 84 84 86 83 83 81 86 86 87 85
86 88 86 84 82 81 83 82 81 83 84 83 78 0333.
85 83 88 87 85 87 89 94 96 95 92 95
89 81 75 66 63 69 67 68 68 69 69 70 57 1233.
72 74 76 77 79 83 84 84 83 84 81 86
93 95 95 95 95 94 93 94 93 94 95 95 69 2025.
92 95 90 89 92 94 96 96 96 95 92 94
89 81 71 69 66 65 65 65 74 81 86 83 62 1224.
88 84 90 87 91 94 95 95 92 92 96 93
95 95 92 90 89 84 87 88 92 93 93 92 81 2016.
93 94 94 95 95 96 95 92 93 93 89 91
85 80 79 78 75 72 70 73 75 79 81 78 69 1508.
82 80 84 89 91 88 91 92 93 91 91 87
82 84 79 75 74 76 79 80 82 86 86 87 71 1223.
87 88 93 94 95 96 95 94 92 87 91 92
93 89 94 96 96 95 93 93 92 90 89 93 83 2008.
90 96 95 96 96 96 97 94 97 96 96 96
94 89 84 77 80 74 73 75 76 83 83 84 69 1427.
83 82 81 87 91 94 95 92 91 93 93 89
91 87 86 84 87 84 81 85 88 89 90 94 77 2309.
94 95 93 96 93 94 94 94 94 90 91 85
82 85 83 80 79 75 72 77 83 84 88 84 71 1426.
84 86 88 85 88 88 87 88 90 93 94 92
95 95 92 91 88 87 84 87 85 90 95 96 81 2001.
91 92 92 89 92 93 93 93 93 90 93 89
91 89 85 83 83 87 86 84 86 86 87 87 79 1215.
89 92 96 97 97 97 97 97 97 97 97 94
97 97 94 93 91 88 90 91 95 95 96 97 84 2007.
93 96 94 97 96 96 96 97 94 94 98 98
98 97 96 96 94 97 97 98 98 98 98 98 93 2029.
95 98 98 98 98 98 98 98 98 95 98 98
98 94 94 97 93 95 94 96 97 94 97 94 90 1441.
94 97 97 96 96 96 94 97 94 96 96 94
94 90 90 95 95 95 95 95 91 87 89 93 86 1025.
93 93 93 93 92 89 92 93 93 93 94 94
93 92 87 88 85 81 78 80 87 89 91 96 75 1452.
93 87 85 82 81 86 83 87 89 90 90 87
87 78 68 69 69 64 64 65 66 68 72 72 61 1358.
70 72 74 75 72 73 69 71 68 70 70 64
64 67 75 76 75 77 84 89 88 89 91 88 61 0849.
87 88 88 83 86 89 91 92 91 92 89 92
88 91 90 90 84 86 86 87 89 90 91 93 83 2332.
94 92 95 95 95 94 94 94 91 91 91 93
88 88 86 85 83 82 83 85 86 88 88 86 79 1415.
91 94 94 95 96 96 96 96 96 96 96 96
95 93 88 91 91 91 92 89 87 92 94 92 85 1612=
N=
H=
C=
V=
R6
0000 0000 0000
0000 0000 0000
0000 0017 0017
0002 0000 0002
0000 0019 0019
0054 0041 0095
0090 0004 0094
0000 0002 0002
0000 0000 0000
0000 0120 0120
0005 0007 0012
0023 0007 0030
0000 0000 0000
0000 0000 0000
0000 0039 0039
0000 0000 0000
0000 0009 0009
0007 0001 0008
0000 0000 0000
0000 0000 0000
0005 0000 0005
0003 0083 0086
0017 0017 0034
0047 0111 0158
0002 0000 0002
0000 0000 0000
0000 0006 0006
0001 0005 0006
0002 0000 0002
0001 0000 0001=
0000 0000 0000 0000 0000 0000 0000 0000 0000 0000 0000 0000
0000 0000 0000 0000 0000 0000 0000 0000 0000 0000 0000 0000.
0000 0000 0000 0000 0000 0000 0000 0000 0000 0000 0000 0000
0000 0000 0000 0000 0000 0000 0000 0000 0000 0000 0000 0000.
0000 0000 0000 0000 0000 0000 0000 0000 0000 0000 0000 0000
0000 0000 0000 0000 0000 0000 0000 0000 0000 0000 0008 0009.
0002 0000 0000 0000 0000 0000 0000 0000 0000 0000 0000 0000
0000 0000 0000 0000 0000 0000 0000 0000 0000 0000 0000 0000.
0000 0000 0000 0000 0000 0000 0000 0000 0000 0000 0000 0000
0000 0000 0001 0005 0001 0000 0000 0000 0001 0003 0002 0006.
0002 0018 0018 0001 0000 0000 0001 0000 0002 0006 0003 0003
0003 0002 0004 0003 0002 0002 0000 0006 0008 0011 0000 0000.
0003 0006 0000 0001 0002 0003 0000 0000 0000 0010 0039 0026
0004 0000 0000 0000 0000 0000 0000 0000 0000 0000 0000 0000.
0000 0000 0000 0000 0000 0000 0000 0000 0000 0000 0000 0000
0001 0000 0001 0000 0000 0000 0000 0000 0000 0000 0000 0000.
0000 0000 0000 0000 0000 0000 0000 0000 0000 0000 0000 0000
0000 0000 0000 0000 0000 0000 0000 0000 0000 0000 0000 0000.
0000 0000 0000 0000 0000 0000 0000 0000 0000 0000 0000 0000
0008 0041 0027 0015 0006 0003 0001 0006 0000 0002 0011 0000.
0000 0001 0000 0000 0000 0001 0002 0001 0000 0000 0000 0000
0000 0000 0000 0000 0000 0000 0000 0000 0000 0004 0003 0000.
0000 0000 0000 0000 0000 0007 0003 0003 0007 0001 0001 0001
0000 0003 0001 0001 0001 0000 0001 0000 0000 0000 0000 0000.
0000 0000 0000 0000 0000 0000 0000 0000 0000 0000 0000 0000
0000 0000 0000 0000 0000 0000 0000 0000 0000 0000 0000 0000.
0000 0000 0000 0000 0000 0000 0000 0000 0000 0000 0000 0000
0000 0000 0000 0000 0000 0000 0000 0000 0000 0000 0000 0000.
0000 0000 0000 0000 0000 0000 0000 0000 0000 0000 0000 0000
0000 0000 0003 0015 0016 0004 0001 0000 0000 0000 0000 0000.
0000 0000 0000 0000 0000 0000 0000 0000 0000 0000 0000 0000
0000 0000 0000 0000 0000 0000 0000 0000 0000 0000 0000 0000.
0000 0000 0000 0000 0000 0000 0000 0000 0000 0000 0000 0000
0000 0000 0002 0000 0000 0000 0000 0002 0001 0002 0001 0001.
0000 0000 0001 0000 0005 0001 0000 0000 0000 0000 0000 0000
0000 0000 0000 0000 0000 0000 0000 0000 0000 0000 0001 0000.
0000 0000 0000 0000 0000 0000 0000 0000 0000 0000 0000 0000
0000 0000 0000 0000 0000 0000 0000 0000 0000 0000 0000 0000.
0000 0000 0000 0000 0000 0000 0000 0000 0000 0000 0000 0000
0000 0000 0000 0000 0000 0000 0000 0000 0000 0000 0000 0000.
0000 0000 0001 0000 0003 0000 0000 0000 0000 0000 0000 0001
0000 0000 0000 0000 0000 0000 0000 0000 0000 0000 0000 0000.
0000 0000 0000 0000 0000 0000 0000 0000 0000 0001 0002 0000
0000 0000 0000 0018 0043 0001 0000 0006 0007 0005 0001 0002.
0000 0002 0001 0000 0000 0001 0004 0001 0000 0001 0002 0005
0001 0002 0002 0000 0001 0001 0000 0001 0001 0003 0002 0003.
0003 0005 0009 0006 0006 0002 0003 0005 0006 0002 0000 0000
0000 0000 0006 0045 0011 0021 0018 0002 0000 0000 0001 0007.
0002 0000 0000 0000 0000 0000 0000 0000 0000 0000 0000 0000
0000 0000 0000 0000 0000 0000 0000 0000 0000 0000 0000 0000.
0000 0000 0000 0000 0000 0000 0000 0000 0000 0000 0000 0000
0000 0000 0000 0000 0000 0000 0000 0000 0000 0000 0000 0000.
0000 0000 0000 0000 0000 0000 0000 0000 0000 0000 0000 0000
0000 0000 0000 0000 0000 0000 0002 0002 0000 0001 0001 0000.
0000 0001 0000 0000 0000 0000 0000 0000 0000 0000 0000 0000
0000 0000 0000 0000 0000 0000 0000 0000 0000 0001 0001 0003.
0001 0001 0000 0000 0000 0000 0000 0000 0000 0000 0000 0000
0000 0000 0000 0000 0000 0000 0000 0000 0000 0000 0000 0000.
0000 0000 0000 0000 0000 0000 0001 0000 0000 0000 0000 0000
0000 0000 0000 0000 0000 0000 0000 0000 0000 0000 0000 0000=
0000 ////////// 00000=
W=
LA
=
001 001 001 001 001 000 001 000 001 001 000 001
000 000 002 000 001 001 001 001 001 001 000 001 018.
001 001 000 001 001 000 001 001 000 000 001 000
001 000 001 002 000 001 001 001 001 000 001 001 017.
000 001 001 001 000 001 000 001 000 000 001 001
000 001 000 002 000 000 000 001 000 000 000 001 012.
002 000 001 000 001 000 001 000 000 001 000 001
000 001 000 000 002 000 001 001 000 000 001 001 014.
000 001 000 000 001 000 000 001 000 000 001 001
000 000 001 000 000 000 000 000 000 001 000 002 009.
000 002 002 000 000 001 001 000 001 001 000 001
000 001 000 000 000 000 000 000 001 002 000 001 014.
000 001 001 000 001 001 000 001 002 002 003 003
002 000 000 001 000 001 000 000 000 001 001 000 021.
001 000 001 001 000 001 001 000 001 000 001 001
001 000 001 000 000 000 000 000 001 000 001 000 012.
000 001 000 001 000 001 000 000 000 001 001 000
000 000 000 000 002 000 000 001 000 001 001 000 010.
001 001 000 001 000 001 000 001 001 000 001 001
000 004 004 002 001 002 001 003 003 001 005 006 040.
002 000 001 001 000 001 000 001 001 001 000 001
000 000 001 000 000 000 001 000 001 000 002 001 015.
001 000 000 000 000 004 003 003 004 004 001 003
000 001 001 001 002 000 002 000 000 000 001 000 031.
000 000 001 001 000 000 000 000 001 001 000 001
000 000 000 000 001 000 001 000 001 000 000 001 009.
000 000 001 000 000 001 000 000 000 000 000 001
000 000 000 001 000 000 000 000 000 001 000 000 005.
001 000 000 001 000 000 000 000 000 001 000 000
000 001 000 000 005 003 005 002 003 003 001 001 027.
000 000 000 000 001 000 000 001 000 000 000 000
000 001 000 000 000 001 000 000 000 001 000 001 006.
000 000 001 000 000 000 000 001 000 001 000 000
000 000 000 000 000 000 000 000 000 000 002 001 006.
000 001 001 000 001 003 001 001 001 001 001 000
001 001 000 001 000 001 000 000 001 000 000 000 016.
001 001 000 001 000 001 001 000 000 000 000 001
001 000 001 000 000 000 001 000 001 000 000 000 010.
000 001 000 001 000 000 000 001 001 000 000 000
000 000 001 000 000 000 000 000 000 001 000 001 007.
001 000 000 000 001 001 000 000 000 001 000 001
000 000 000 000 000 000 001 000 000 000 000 000 006.
000 000 000 001 000 000 000 001 000 000 000 001
000 000 000 002 013 016 004 004 006 005 005 003 061.
002 003 003 002 000 001 003 002 000 001 002 003
002 002 001 001 001 001 001 001 000 002 003 002 039.
003 004 004 004 008 005 005 004 005 005 003 001
000 000 001 021 023 017 020 010 005 004 001 002 155.
007 001 001 000 001 000 001 001 001 000 002 000
001 000 000 000 000 001 001 000 000 001 000 000 019.
001 001 000 000 000 001 000 000 001 000 000 001
000 000 000 001 000 001 000 001 000 000 000 001 009.
000 001 000 000 000 001 001 000 001 000 000 001
000 000 001 000 000 000 000 000 000 000 000 000 006.
000 001 000 002 000 001 000 000 000 000 001 000
001 000 000 000 000 000 000 001 000 000 000 000 007.
000 001 001 000 000 001 000 001 000 000 000 000
000 000 001 000 000 000 000 000 000 000 000 000 005.
000 001 000 000 000 000 001 000 000 000 001 000
000 000 001 000 000 000 000 001 000 000 000 000 005=
Z=
G=
FN
157020 127018 161014 195008 191005 065011
293011 084008 096012 102009 080014 002006
002012 134012 220013 277012 166026 164022
117029 136024 170021 135021 088013 031009.
003013 338010 272008 284008 332005 351007
220008 PPC002 PPC000 180005 238006 301005
187009 277010 335011 141010 133023 126021
130018 118020 131021 093019 105026 095016.
088016 048007 341010 339010 334008 268010
266005 281006 327007 PPC002 023004 258004
328011 306006 225014 168015 140012 160009
098012 152011 164010 125028 082013 026011.
031010 010006 010006 179009 104006 041006
024009 058003 156009 097011 094009 337003
210005 053008 127013 174015 023011 094021
126017 110013 106010 126012 099014 121012.
074010 005004 070015 055003 035007 215008
PPC001 288005 268005 PPC001 121007 123006
079008 292007 319006 343005 PPC002 332005
136012 137009 021004 186008 263010 318005.
252010 227012 253009 338006 PPC001 262004
PPC001 PPC001 329003 PPC002 314010 226007
292010 286005 335005 324006 134014 127015
166010 140017 136024 128021 150018 138013.
134017 111017 125021 129022 150027 144029
132018 129027 142039 100007 132016 132017
164010 132019 096024 094015 083012 118015
117017 107008 105012 095018 098021 113013.
142012 142012 092017 108011 097016 135025
138015 154014 132009 126013 056007 146006
076008 145011 142018 087019 103021 091013
130015 099017 111006 070010 098010 096015.
082009 085009 095006 057005 096011 153012
357007 090006 078010 064006 137005 PPC000
308006 275005 200012 137009 183019 133019
148014 133015 103009 098010 109009 109009.
131009 124011 102003 083007 106010 156010
108020 099015 109023 125009 105021 088024
092015 101016 100016 103027 082025 113017
105021 123013 107013 095014 124013 102015.
123017 187010 169010 173008 153009 148009
243008 277011 263009 268011 268009 260013
239013 282015 164009 229015 265010 210011
285012 357006 240007 127018 133008 106006.
233008 262011 255009 296009 289007 283010
264014 250011 235009 280011 247007 230004
252009 246006 264008 231011 263007 354004
096010 104015 095019 125013 091016 130011.
110012 115006 094009 124012 081012 082021
116020 088009 105013 082016 117013 146021
153024 184014 167017 124011 133014 139018
063012 099012 082010 089015 143013 107014.
091006 041004 002007 268007 251005 318004
342004 PPC000 012003 PPC002 PPC000 113006
PPC002 264005 016010 065007 150010 072006
042007 041011 042008 025010 021007 029008.
360009 038005 323004 211005 334006 PPC002
058004 PPC000 PPC002 111013 067014 027006
346006 220007 022004 008007 330006 094008
175010 174009 140009 158014 127014 121008.
130016 111007 159004 252005 PPC000 PPC002
099006 086009 109008 152005 PPC000 045008
171009 087014 358008 267005 331012 322007
263017 206008 124004 111012 146020 121016.
157015 171013 182017 131007 227005 215004
207007 245013 281011 234010 260014 251011
248006 252004 336005 274006 247003 262008
268012 194007 243006 162010 160006 163008.
206008 178008 125008 084008 179014 086006
123017 128024 139013 155029 160014 144020
129034 127028 147016 173024 136009 294008
PPC000 309005 007008 343005 148011 112020.
120022 102014 112010 104020 127015 105017
120016 122015 090016 081014 107021 104010
032011 078012 128009 084013 068008 108009
141007 137010 101012 121018 123014 170009.
029005 127010 121010 093009 125011 076008
092011 094005 086008 080007 074005 134010
099011 127008 136006 109008 086010 122011
040007 093009 090008 103006 131006 187008.
PPC001 120011 044008 111010 082015 099016
103006 083012 097010 103016 094013 104020
099015 092016 121008 076010 079009 118010
138012 083004 069010 096011 114010 095012.
152007 240006 196007 156008 357005 095007
096010 260005 320006 293004 272007 287009
215006 343004 PPC000 270005 099010 287006
143012 243006 179009 184007 145016 144019.
164010 155022 145020 122018 131023 104027
104022 101026 132031 127035 112015 121018
124024 152028 131016 111011 097012 116020
087013 098021 104021 102026 132018 111012.
128022 144019 167019 147019 152022 139022
162022 121014 114021 125016 108014 131017
134015 123012 128029 161020 165020 128021
155021 151025 139029 146023 142024 143027.
149020 122025 111022 093022 115016 103017
104016 099018 070011 081015 099013 027008
PPC002 075008 104012 214010 309012 085012
316015 320008 264010 259007 018003 PPC002.
111017 169017 147010 121016 102014 101011
319008 081005 077005 PPC001 089010 096018
093016 139011 091020 100018 118012 122016
083014 074016 098013 099007 022006 052004.
076015 073007 092013 128015 110010 073010
084015 063005 082010 075005 061007 101013
077009 223009 028008 281012 198003 232010
114006 109006 109005 107011 071007 097008.
082008 098005 147009 115011 123010 096010
141009 066007 155011 107009 091008 025009
071010 113008 101015 131018 152020 118014
105009 071003 107014 094014 106013 120009.
086010 091007 067007 111011 061006 097014
106006 108009 PPC000 093007 009007 013014
097009 021005 235006 135011 067007 015010
322004 046007 034009 069014 015005 023011.
PPC001 130004 PPC002 PPC000 093006 116003
074003 PPC001 104011 103013 041007 112013
113014 077010 096012 121011 098008 101014
097011 106016 106014 098018 104016 104018=
155021 153022 151013 180009 195007 073011
313011 078007 099015 090011 090011 359007
338011 107009 220013 241014 135020 149022
121029 142027 158026 131022 089011 035009.
002010 335008 263009 270010 299004 339007
249006 PPC002 PPC000 224006 237007 PPC002
187005 328008 252010 096013 165019 124020
111017 114017 119022 092015 103022 102018.
081016 041008 002008 338009 298008 270010
251006 262007 313005 330004 033003 277004
325010 329010 234010 022012 179009 122014
133017 168011 157011 139026 091018 028011.
027009 005006 353008 174010 099003 035006
038007 088003 169006 097010 086005 332004
059008 076008 099013 181014 077015 140017
128016 133018 129012 123013 115013 122013.
075011 005008 071012 026005 013007 203009
PPC001 254004 283003 330003 110007 103007
076007 000006 PPC002 347007 008005 010005
124011 117014 PPC002 177008 265008 295005.
194010 250009 276008 306008 333003 PPC001
PPC001 101003 274004 PPC002 300009 238006
272010 326005 292006 328006 106015 124015
157012 135014 141019 135018 135015 136016.
122020 118017 127020 133024 139032 140029
145026 147027 153037 132021 153018 127017
113015 131019 094021 088016 090015 118016
112017 105012 099017 099020 105018 107017.
134013 139011 090014 103011 107013 120018
151017 159018 138009 125014 065007 155005
088009 144011 121015 102016 113019 124015
107017 105016 101009 087013 100012 101013.
077008 095009 009007 060006 090008 151012
014006 087006 083010 066006 123004 024003
312007 316007 183013 165010 185018 122016
146012 135013 118008 110012 139007 126009.
128011 111012 080006 068006 111011 133010
105018 103014 103022 118012 118020 084022
095014 105015 098017 093021 088025 103018
104017 115009 115014 104013 118014 092012.
130015 169009 158010 157008 173009 155010
248008 274009 260008 269011 254009 258011
247011 271012 159007 212013 227013 168008
267009 348006 227008 123021 134010 103007.
158006 258011 257010 269010 285010 304006
267010 273011 255008 315006 241005 305006
271012 261005 259008 241007 255008 002004
116009 097013 092014 113012 085016 106015.
101011 111006 079007 108011 093011 084021
114019 108010 101014 086015 112013 143017
148019 180015 168014 131014 132011 153018
075010 079010 092007 092013 120012 107014.
PPC002 035005 008008 231007 270005 321004
002004 202003 PPC001 052003 059004 119008
053003 248007 037009 054009 133009 245004
045007 052011 042008 027009 040006 032006.
004007 037008 279005 212005 309004 343004
042005 353003 047005 098013 054008 014006
338006 208005 030005 017006 020008 097009
150011 172010 150008 153012 125012 123007.
117014 118006 179004 244006 PPC000 058003
117007 095009 114007 144006 PPC001 050008
141008 116016 052007 073003 324013 264008
250015 217008 152006 128017 131020 127015.
144012 165015 175016 140008 184003 244003
184006 223012 278011 215008 269009 254012
263010 206008 289005 275009 251007 303007
275008 269004 236006 194007 182006 170007.
176007 175006 146010 091013 157013 037005
117014 122018 114012 140023 146019 135019
140029 134030 157017 171025 150014 290011
264005 349004 015007 039007 126008 103020.
112022 112013 120014 116015 104014 106016
113017 114015 089012 106016 098019 088012
055011 094012 109013 084012 076008 090010
091004 146009 135012 119015 104014 171010.
036007 134012 118015 098009 117008 082009
112009 096006 084009 097005 040004 119009
096010 112010 172007 100011 128011 140013
034008 110010 119009 108004 148008 179006.
PPC002 133012 060007 102011 092013 092014
098010 090012 102013 101014 111012 102014
104017 102018 101014 084010 109008 125009
131011 107006 070009 102011 096010 101011.
159008 265005 185007 165009 352005 103008
095010 287005 296007 PPC002 344006 281007
242007 354004 257004 290005 067009 PPC002
129006 225006 214007 154015 138020 147017.
149014 156019 137017 126021 122019 100024
106022 108019 125023 132030 115020 117021
123027 156027 112015 132012 098015 115019
101014 098022 107017 112021 137022 119019.
131026 137022 161025 141025 136026 136025
157026 150019 120018 106017 110013 131015
135015 131016 143024 144026 151019 134023
135025 148024 138030 137023 146023 133027.
147026 136018 101021 101023 114016 111018
103013 105019 077018 076014 102013 077012
135006 153008 089009 173010 348010 073010
316016 321012 273011 250010 308005 086007.
114015 154013 142009 141013 094014 103009
278008 062003 084005 PPC001 093009 106014
096015 128013 104018 124020 117014 123020
127017 087013 092014 075010 027006 045007.
079013 069008 102012 104012 108012 081012
082015 054007 079012 071007 065009 091008
085008 189008 032007 264013 257007 241010
161007 048007 135007 098011 086008 108010.
081009 076004 150010 113012 113011 100012
086006 102009 160009 104011 079010 033006
075010 122011 128015 123016 156021 112014
061009 114007 104010 099012 104012 117010.
088009 084009 042004 108014 070007 100011
090005 093009 PPC000 084008 015006 014013
087007 007007 193008 123007 241007 063012
021007 050010 028011 070015 049010 038009.
PPC002 061005 055006 046003 073006 101006
109009 075007 109011 097011 011007 109013
115014 092008 107014 119013 113012 108014
088012 105016 094014 102019 106015 105015=
031113 1451 044142 1624
023113 1517 039074 1521
037142 1730 056088 1727
025148 1433 034139 1413
016092 2041 020099 2028
025153 1609 033145 1607
040138 0127 056119 0248
024144 0235 033150 0302
021172 1250 030184 1246
025098 0505 036094 1253
021136 1756 036119 1801
020105 1915 028102 1913
024151 0845 032153 0842
016073 1622 023000 1049
015128 1906 022111 0557
024126 1834 040125 1828
019152 2315 029136 2005
034141 0906 047142 0913
025120 2119 035136 2058
017128 1351 023133 1826
022100 0949 031099 1032
025154 1943 032173 1936
032128 0551 044082 1736
035155 1930 049150 1921
032134 2009 045136 2008
025107 1334 040136 2315
021198 1442 029244 1439
022162 1254 031164 1254
019068 1813 028091 1833
021103 1614 030088 1825=
DB
0122 0120 0120 0120 0122 0120 0105 0099 0092 0087 0084 0115
0195 0225 0304 0332 0308 0322 0279 0233 0169 0133 0119 0110 0335 1205 0084 0647.
0105 0099 0092 0090 0084 0084 0079 0076 0069 0072 0068 0119
0206 0274 0316 0337 0332 0323 0307 0254 0172 0148 0143 0133 0345 1330 0066 0644.
0124 0119 0113 0106 0101 0098 0099 0096 0100 0101 0091 0132
0166 0212 0314 0320 0215 0248 0237 0203 0175 0145 0137 0138 0373 1155 0089 0636.
0135 0140 0138 0139 0138 0140 0136 0136 0131 0133 0135 0146
0164 0206 0305 0318 0312 0323 0283 0211 0188 0166 0170 0167 0334 1349 0128 0528.
0167 0166 0163 0164 0162 0162 0162 0162 0160 0159 0158 0160
0162 0167 0168 0170 0174 0173 0175 0171 0163 0161 0161 0161 0186 1441 0157 0654.
0158 0158 0158 0159 0159 0160 0161 0160 0160 0160 0160 0163
0163 0170 0175 0183 0182 0180 0169 0163 0160 0155 0154 0150 0187 1255 0148 1936.
0145 0142 0139 0134 0124 0117 0114 0113 0107 0109 0106 0114
0129 0132 0138 0147 0160 0169 0151 0147 0133 0125 0123 0121 0170 1402 0103 0613.
0120 0120 0118 0119 0118 0113 0114 0111 0114 0112 0118 0121
0148 0135 0161 0173 0175 0163 0163 0160 0145 0133 0129 0130 0177 1134 0109 0351.
0130 0119 0127 0125 0125 0110 0117 0094 0117 0119 0121 0132
0178 0205 0236 0231 0213 0221 0209 0190 0169 0152 0148 0146 0331 1214 0093 0352.
0142 0139 0140 0136 0122 0130 0126 0125 0120 0118 0116 0115
0113 0111 0115 0122 0114 0124 0117 0122 0114 0112 0108 0112 0146 2001 0107 0919.
0109 0111 0109 0110 0109 0108 0108 0109 0108 0107 0109 0113
0146 0191 0223 0243 0200 0188 0166 0153 0139 0121 0122 0121 0253 1150 0105 0533.
0122 0119 0119 0119 0117 0117 0115 0114 0114 0114 0115 0122
0121 0133 0134 0138 0134 0154 0140 0135 0129 0123 0121 0119 0158 1405 0111 0541.
0120 0120 0120 0118 0115 0111 0114 0115 0113 0114 0114 0116
0131 0219 0153 0150 0158 0153 0159 0158 0142 0131 0127 0126 0226 0957 0109 0206.
0127 0127 0127 0127 0127 0126 0126 0125 0125 0125 0123 0131
0154 0155 0199 0201 0179 0171 0166 0159 0143 0139 0139 0138 0212 1117 0121 0649.
0136 0132 0135 0134 0134 0134 0133 0133 0132 0129 0130 0131
0135 0140 0146 0148 0161 0164 0165 0159 0147 0140 0139 0140 0173 1339 0129 0558.
0136 0137 0137 0138 0137 0136 0135 0135 0135 0135 0131 0144
0156 0152 0209 0188 0273 0230 0212 0193 0170 0151 0147 0143 0280 1258 0130 0701.
0143 0142 0140 0135 0137 0137 0136 0133 0133 0133 0132 0130
0137 0147 0154 0157 0157 0165 0154 0150 0143 0138 0136 0136 0168 1411 0129 0642.
0135 0135 0135 0135 0129 0130 0127 0121 0123 0119 0115 0121
0140 0152 0165 0182 0182 0206 0183 0157 0143 0135 0133 0121 0226 1353 0112 0715.
0118 0121 0119 0118 0118 0117 0117 0115 0114 0110 0111 0116
0114 0132 0127 0131 0138 0134 0134 0131 0126 0121 0117 0118 0144 1242 0110 0558.
0120 0118 0119 0121 0119 0120 0119 0121 0121 0122 0121 0124
0126 0137 0147 0150 0146 0146 0140 0137 0132 0129 0127 0128 0155 1224 0117 2003.
0128 0123 0124 0122 0120 0120 0121 0121 0121 0120 0120 0122
0125 0127 0134 0144 0149 0161 0146 0139 0132 0129 0129 0129 0164 1343 0118 0707.
0128 0131 0131 0129 0131 0130 0129 0131 0130 0130 0129 0131
0145 0145 0145 0144 0142 0144 0142 0140 0138 0134 0130 0127 0152 0907 0126 1939.
0127 0123 0122 0115 0112 0109 0107 0102 0099 0094 0096 0095
0094 0094 0107 0113 0116 0116 0108 0100 0097 0087 0082 0082 0128 2022 0077 1955.
0074 0075 0073 0067 0067 0064 0063 0064 0061 0063 0066 0064
0066 0083 0059 0055 0063 0053 0051 0049 0039 0037 0032 0013 0087 1005 0008 1951.
0022 0026 0028 0027 0029 0030 0030 0030 0029 0034 0037 0044
0066 0079 0094 0120 0126 0143 0174 0138 0073 0047 0038 0048 0194 1438 0014 2001.
0065 0065 0066 0061 0061 0063 0062 0065 0064 0068 0064 0065
0076 0081 0103 0106 0106 0110 0105 0109 0087 0076 0076 0074 0134 1438 0049 2001.
0071 0071 0069 0068 0067 0065 0063 0063 0062 0064 0063 0068
0079 0080 0101 0103 0112 0102 0090 0087 0081 0074 0074 0074 0125 1235 0061 0528.
0072 0075 0074 0072 0071 0073 0075 0073 0074 0074 0075 0078
0089 0104 0110 0101 0126 0098 0101 0098 0089 0082 0081 0080 0130 1258 0069 2042.
0080 0078 0082 0078 0081 0081 0084 0082 0086 0083 0085 0085
0109 0134 0147 0151 0169 0170 0147 0130 0112 0105 0104 0102 0175 1235 0075 0021.
0102 0100 0100 0101 0099 0100 0098 0098 0097 0095 0098 0099
0109 0120 0129 0127 0121 0117 0113 0107 0102 0098 0098 0097 0132 1138 0095 0252=
0153 0151 0149 0148 0148 0147 0146 0142 0138 0134 0131 0130
0138 0149 0170 0193 0207 0216 0216 0207 0193 0181 0171 0163.
0156 0151 0146 0141 0137 0133 0130 0127 0124 0121 0118 0119
0130 0150 0173 0194 0211 0220 0222 0214 0202 0188 0179 0172.
0166 0161 0156 0152 0147 0143 0140 0138 0136 0136 0133 0132
0143 0155 0171 0197 0197 0197 0199 0197 0190 0182 0175 0170.
0167 0164 0163 0161 0160 0160 0158 0157 0156 0154 0154 0155
0158 0166 0184 0202 0213 0221 0223 0217 0207 0197 0191 0187.
0184 0182 0181 0179 0178 0177 0176 0175 0174 0174 0173 0173
0173 0174 0174 0176 0177 0178 0180 0180 0178 0176 0175 0174.
0173 0172 0171 0171 0171 0170 0171 0170 0171 0170 0170 0170
0171 0172 0174 0177 0179 0182 0181 0179 0177 0175 0173 0171.
0169 0167 0165 0163 0160 0156 0153 0150 0148 0145 0141 0139
0141 0145 0147 0149 0154 0157 0159 0158 0156 0152 0150 0148.
0146 0145 0144 0143 0142 0141 0140 0138 0137 0137 0137 0138
0140 0145 0152 0157 0158 0159 0159 0160 0159 0156 0153 0151.
0150 0148 0146 0146 0145 0144 0141 0137 0135 0137 0137 0139
0144 0155 0166 0175 0190 0186 0187 0184 0179 0173 0169 0166.
0163 0160 0159 0157 0154 0152 0151 0149 0147 0145 0143 0143
0141 0136 0136 0138 0139 0140 0140 0140 0139 0138 0136 0135.
0135 0134 0134 0133 0133 0132 0132 0131 0131 0130 0130 0130
0133 0143 0155 0165 0170 0170 0168 0164 0160 0155 0151 0148.
0146 0144 0143 0141 0140 0139 0138 0137 0136 0135 0135 0135
0136 0138 0140 0143 0144 0145 0147 0147 0146 0144 0142 0140.
0139 0138 0137 0137 0136 0135 0133 0133 0133 0132 0132 0132
0134 0142 0147 0148 0149 0151 0151 0152 0151 0149 0146 0144.
0143 0142 0142 0141 0141 0140 0140 0139 0139 0139 0138 0139
0142 0146 0152 0161 0163 0162 0160 0159 0157 0154 0153 0151.
0150 0149 0148 0148 0147 0146 0146 0146 0145 0145 0144 0144
0144 0145 0147 0150 0154 0159 0162 0161 0160 0157 0154 0153.
0152 0150 0150 0149 0149 0148 0148 0147 0147 0147 0146 0146
0149 0151 0158 0165 0172 0182 0185 0182 0178 0172 0167 0163.
0161 0159 0157 0155 0154 0153 0152 0151 0150 0149 0148 0147
0148 0149 0152 0155 0157 0158 0159 0159 0157 0155 0153 0152.
0151 0150 0149 0149 0148 0147 0146 0145 0143 0142 0141 0139
0141 0145 0150 0156 0160 0164 0168 0165 0161 0157 0154 0151.
0148 0146 0144 0142 0141 0140 0139 0138 0137 0136 0136 0135
0135 0137 0139 0139 0141 0142 0143 0142 0141 0140 0138 0137.
0137 0137 0136 0136 0136 0135 0135 0135 0135 0135 0135 0135
0135 0137 0141 0142 0144 0145 0145 0145 0144 0142 0141 0140.
0140 0139 0139 0138 0138 0137 0137 0137 0136 0136 0136 0136
0136 0137 0139 0142 0146 0149 0150 0148 0147 0145 0144 0143.
0142 0142 0142 0141 0141 0141 0141 0141 0141 0141 0141 0140
0142 0145 0146 0147 0147 0148 0148 0148 0147 0146 0145 0143.
0142 0141 0140 0139 0137 0136 0134 0132 0130 0128 0126 0125
0124 0123 0124 0127 0130 0131 0130 0128 0126 0123 0120 0118.
0115 0113 0111 0109 0107 0105 0103 0102 0101 0099 0099 0098
0098 0099 0102 0096 0096 0095 0094 0093 0091 0088 0085 0081.
0078 0076 0076 0076 0076 0075 0075 0075 0075 0075 0075 0076
0078 0081 0086 0093 0102 0109 0118 0119 0112 0103 0095 0090.
0090 0091 0091 0090 0089 0089 0089 0089 0089 0089 0089 0089
0090 0093 0096 0100 0104 0105 0109 0110 0108 0105 0102 0100.
0098 0097 0096 0095 0094 0093 0092 0091 0090 0089 0089 0089
0090 0092 0097 0100 0104 0106 0106 0105 0104 0102 0100 0099.
0098 0098 0097 0097 0096 0096 0096 0095 0095 0095 0095 0095
0097 0099 0103 0105 0108 0109 0109 0110 0109 0107 0104 0103.
0102 0101 0100 0100 0100 0100 0100 0100 0100 0100 0100 0100
0103 0109 0115 0120 0127 0132 0133 0132 0128 0125 0122 0120.
0118 0117 0116 0116 0115 0115 0114 0114 0113 0113 0112 0112
0113 0116 0119 0122 0122 0123 0123 0121 0120 0118 0117 0116=
0165 0163 0160 0159 0158 0157 0157 0155 0152 0150 0147 0144
0145 0149 0157 0169 0182 0191 0197 0198 0194 0189 0182 0176.
0171 0166 0162 0158 0154 0151 0148 0145 0142 0139 0137 0135
0136 0143 0154 0167 0180 0191 0198 0200 0198 0193 0187 0181.
0177 0173 0169 0165 0162 0158 0155 0152 0150 0149 0147 0145
0146 0151 0159 0171 0181 0184 0187 0189 0188 0185 0181 0177.
0175 0172 0170 0169 0167 0166 0166 0164 0163 0162 0161 0161
0161 0164 0170 0180 0190 0198 0204 0205 0203 0199 0195 0192.
0189 0187 0185 0184 0183 0182 0181 0180 0179 0178 0178 0177
0177 0177 0177 0177 0178 0179 0180 0180 0180 0180 0179 0178.
0177 0177 0176 0175 0175 0174 0174 0174 0174 0174 0174 0174
0174 0174 0175 0176 0178 0179 0180 0180 0179 0178 0177 0176.
0175 0173 0172 0171 0169 0166 0164 0161 0159 0157 0154 0151
0150 0151 0152 0154 0155 0158 0160 0161 0160 0159 0158 0156.
0155 0154 0153 0152 0151 0150 0149 0148 0147 0146 0146 0145
0146 0148 0150 0154 0157 0159 0160 0160 0161 0160 0159 0157.
0156 0155 0154 0153 0152 0151 0150 0148 0145 0145 0145 0145
0146 0150 0156 0163 0171 0176 0178 0179 0178 0176 0173 0171.
0169 0167 0165 0163 0162 0160 0158 0157 0156 0154 0153 0151
0150 0146 0145 0145 0145 0146 0146 0146 0146 0145 0145 0144.
0143 0142 0142 0141 0141 0140 0140 0139 0139 0138 0138 0137
0138 0141 0146 0153 0159 0162 0164 0163 0162 0160 0157 0155.
0153 0151 0150 0149 0148 0147 0146 0145 0144 0143 0142 0142
0142 0142 0143 0145 0146 0147 0148 0149 0149 0148 0147 0146.
0145 0145 0144 0143 0143 0142 0141 0140 0140 0139 0139 0138
0139 0140 0145 0147 0148 0150 0151 0152 0152 0152 0151 0149.
0148 0147 0147 0146 0146 0145 0145 0145 0144 0144 0143 0143
0144 0146 0148 0153 0157 0158 0159 0159 0158 0157 0156 0155.
0154 0153 0153 0152 0151 0151 0150 0150 0150 0149 0149 0148
0148 0148 0149 0150 0152 0155 0158 0159 0160 0159 0157 0156.
0155 0155 0154 0153 0153 0152 0152 0152 0151 0151 0151 0150
0151 0152 0154 0158 0162 0168 0173 0175 0174 0173 0170 0167.
0165 0163 0162 0160 0159 0158 0157 0157 0156 0155 0154 0153
0152 0153 0154 0155 0157 0158 0159 0159 0159 0158 0157 0156.
0155 0155 0154 0153 0153 0152 0152 0151 0150 0149 0148 0147
0146 0147 0149 0152 0156 0158 0162 0163 0162 0160 0158 0157.
0155 0153 0151 0150 0148 0147 0146 0145 0145 0144 0143 0142
0142 0142 0143 0143 0144 0145 0145 0146 0146 0145 0144 0143.
0143 0142 0142 0142 0141 0141 0141 0140 0140 0140 0140 0140
0140 0140 0142 0143 0145 0146 0146 0146 0146 0146 0145 0144.
0144 0144 0143 0143 0143 0142 0142 0141 0141 0141 0141 0140
0140 0141 0141 0143 0144 0146 0148 0149 0149 0148 0147 0147.
0146 0146 0145 0145 0145 0145 0145 0144 0144 0144 0144 0144
0144 0145 0147 0147 0148 0149 0149 0149 0149 0149 0148 0147.
0147 0146 0145 0144 0143 0142 0141 0140 0138 0137 0135 0134
0133 0132 0131 0132 0133 0134 0135 0134 0133 0132 0130 0128.
0126 0124 0123 0121 0119 0117 0116 0114 0113 0112 0111 0110
0109 0109 0110 0107 0106 0106 0105 0104 0103 0101 0099 0097.
0094 0092 0091 0090 0090 0089 0088 0088 0087 0087 0087 0087
0087 0088 0090 0094 0098 0103 0109 0113 0114 0111 0107 0103.
0100 0100 0099 0099 0098 0098 0098 0097 0097 0097 0097 0097
0097 0098 0099 0101 0104 0106 0108 0109 0110 0110 0108 0107.
0106 0105 0104 0103 0102 0101 0100 0099 0099 0098 0098 0097
0097 0098 0099 0101 0103 0106 0107 0108 0108 0107 0106 0105.
0105 0104 0104 0103 0103 0102 0102 0102 0102 0101 0101 0101
0102 0102 0104 0106 0108 0110 0110 0111 0111 0111 0110 0109.
0108 0107 0107 0106 0106 0106 0105 0105 0105 0105 0105 0105
0106 0108 0111 0115 0119 0123 0126 0127 0127 0126 0125 0123.
0122 0121 0120 0119 0119 0119 0118 0118 0117 0117 0117 0116
0116 0117 0119 0121 0122 0123 0123 0123 0123 0122 0121 0120=
0174 0173 0171 0170 0169 0168 0167 0166 0164 0163 0161 0159
0157 0158 0160 0165 0172 0179 0185 0189 0191 0190 0188 0184.
0181 0178 0175 0172 0169 0166 0163 0161 0158 0156 0153 0151
0150 0151 0155 0161 0169 0177 0184 0189 0191 0191 0189 0186.
0184 0181 0178 0176 0173 0170 0168 0165 0163 0162 0160 0158
0157 0158 0161 0166 0173 0178 0181 0184 0185 0185 0184 0182.
0180 0179 0177 0176 0175 0174 0173 0172 0171 0170 0169 0169
0168 0169 0171 0175 0181 0186 0192 0196 0197 0197 0196 0194.
0192 0191 0189 0188 0187 0186 0186 0185 0184 0183 0183 0182
0182 0181 0181 0181 0182 0182 0183 0183 0183 0183 0183 0182.
0182 0181 0181 0180 0180 0179 0179 0179 0179 0179 0179 0178
0178 0178 0178 0179 0180 0181 0182 0182 0182 0182 0181 0181.
0180 0179 0178 0177 0176 0175 0173 0171 0170 0168 0166 0162
0161 0160 0161 0161 0162 0163 0164 0165 0165 0165 0165 0164.
0163 0162 0161 0160 0160 0159 0158 0157 0157 0156 0155 0155
0154 0155 0155 0157 0159 0161 0162 0163 0164 0164 0164 0163.
0162 0162 0161 0160 0159 0159 0158 0157 0156 0154 0154 0153
0153 0154 0157 0161 0165 0169 0172 0175 0176 0176 0175 0174.
0173 0172 0170 0169 0168 0167 0166 0165 0164 0162 0161 0160
0159 0156 0155 0154 0154 0153 0154 0154 0153 0153 0153 0152.
0151 0151 0150 0150 0149 0149 0148 0148 0148 0147 0146 0146
0146 0146 0148 0152 0156 0159 0161 0163 0163 0162 0162 0160.
0159 0158 0157 0156 0155 0154 0153 0153 0152 0151 0150 0150
0149 0149 0149 0150 0151 0151 0152 0153 0153 0153 0153 0152.
0152 0151 0151 0150 0150 0149 0149 0148 0147 0147 0146 0146
0146 0146 0148 0150 0151 0152 0153 0154 0154 0155 0155 0154.
0154 0153 0153 0152 0152 0151 0151 0151 0150 0150 0150 0149
0149 0150 0151 0153 0156 0158 0159 0160 0160 0160 0159 0159.
0158 0158 0157 0157 0156 0156 0156 0155 0155 0155 0154 0154
0154 0154 0154 0154 0155 0156 0158 0159 0160 0161 0160 0160.
0159 0159 0159 0158 0158 0157 0157 0157 0156 0156 0156 0155
0155 0156 0156 0158 0160 0163 0167 0170 0171 0172 0171 0170.
0169 0167 0166 0165 0164 0164 0163 0162 0161 0160 0160 0159
0159 0158 0158 0159 0159 0160 0161 0162 0162 0162 0162 0161.
0160 0160 0159 0159 0158 0158 0157 0157 0156 0155 0155 0154
0153 0153 0153 0155 0156 0158 0160 0162 0163 0163 0162 0161.
0160 0159 0158 0157 0156 0155 0154 0153 0152 0151 0151 0150
0149 0149 0149 0149 0149 0150 0150 0150 0151 0151 0150 0150.
0149 0149 0148 0148 0148 0147 0147 0147 0146 0146 0146 0146
0146 0146 0146 0147 0148 0149 0149 0150 0150 0150 0150 0150.
0149 0149 0149 0149 0148 0148 0148 0147 0147 0147 0146 0146
0146 0146 0146 0147 0147 0149 0150 0151 0151 0151 0151 0151.
0151 0150 0150 0150 0150 0150 0149 0149 0149 0149 0149 0149
0149 0149 0150 0150 0151 0151 0152 0152 0152 0152 0152 0152.
0151 0151 0150 0150 0149 0148 0148 0147 0146 0145 0144 0143
0141 0140 0140 0139 0139 0140 0140 0140 0140 0139 0138 0137.
0136 0135 0133 0132 0130 0129 0128 0126 0125 0124 0123 0122
0121 0120 0120 0118 0117 0117 0116 0115 0114 0113 0112 0111.
0109 0107 0106 0104 0103 0103 0102 0101 0100 0100 0099 0099
0099 0099 0100 0101 0103 0106 0109 0112 0115 0116 0115 0113.
0111 0110 0109 0108 0108 0107 0107 0106 0106 0106 0106 0105
0105 0105 0106 0107 0108 0110 0111 0112 0114 0114 0114 0113.
0113 0112 0112 0111 0110 0110 0109 0109 0108 0107 0107 0106
0106 0106 0106 0107 0108 0110 0111 0112 0112 0112 0112 0112.
0111 0111 0111 0111 0110 0110 0109 0109 0109 0109 0109 0108
0108 0109 0109 0110 0111 0112 0114 0114 0115 0115 0115 0115.
0114 0114 0113 0113 0113 0112 0112 0112 0112 0112 0112 0112
0112 0112 0114 0116 0118 0121 0123 0125 0127 0127 0127 0126.
0126 0125 0124 0124 0124 0123 0123 0123 0123 0122 0122 0121
0121 0121 0122 0123 0124 0125 0125 0126 0126 0126 0125 0125=
0179 0178 0177 0176 0175 0174 0173 0172 0172 0170 0169 0168
0166 0165 0165 0167 0169 0173 0178 0181 0184 0186 0186 0185.
0184 0182 0180 0178 0176 0174 0172 0170 0168 0166 0164 0162
0160 0159 0160 0162 0165 0170 0175 0179 0182 0184 0185 0185.
0184 0183 0181 0180 0178 0176 0174 0172 0171 0169 0168 0166
0165 0164 0165 0166 0169 0173 0175 0178 0180 0181 0182 0182.
0181 0180 0179 0178 0178 0177 0176 0175 0175 0174 0173 0173
0172 0172 0172 0173 0176 0179 0183 0186 0189 0190 0191 0191.
0190 0190 0189 0188 0188 0187 0186 0186 0185 0185 0184 0184
0183 0183 0183 0183 0182 0183 0183 0183 0183 0183 0183 0183.
0183 0183 0182 0182 0181 0181 0181 0180 0180 0180 0180 0180
0180 0179 0179 0180 0180 0180 0181 0181 0182 0182 0182 0182.
0181 0181 0180 0180 0179 0178 0177 0176 0175 0174 0172 0169
0168 0167 0166 0166 0166 0166 0167 0167 0168 0168 0168 0168.
0167 0166 0166 0165 0165 0164 0163 0163 0162 0161 0161 0160
0160 0159 0159 0160 0161 0162 0163 0164 0164 0165 0165 0165.
0165 0164 0164 0164 0163 0163 0162 0162 0161 0160 0159 0158
0158 0158 0159 0160 0162 0165 0167 0170 0171 0172 0173 0173.
0172 0172 0171 0171 0170 0170 0169 0168 0167 0166 0165 0165
0164 0162 0161 0159 0159 0158 0158 0158 0158 0157 0157 0157.
0156 0156 0155 0155 0154 0154 0153 0153 0153 0152 0152 0151
0151 0151 0151 0152 0154 0156 0158 0160 0161 0162 0162 0161.
0161 0160 0160 0159 0158 0158 0157 0157 0156 0155 0155 0154
0154 0153 0153 0153 0153 0153 0154 0154 0155 0155 0155 0155.
0155 0154 0154 0154 0153 0153 0152 0152 0152 0151 0151 0150
0150 0150 0150 0151 0152 0152 0153 0154 0155 0155 0155 0155.
0155 0155 0155 0154 0154 0154 0154 0153 0153 0153 0153 0152
0152 0152 0152 0153 0154 0156 0157 0158 0159 0159 0159 0159.
0159 0159 0159 0158 0158 0158 0157 0157 0157 0157 0156 0156
0156 0156 0155 0156 0156 0156 0157 0158 0159 0160 0160 0160.
0160 0160 0160 0159 0159 0159 0159 0158 0158 0158 0158 0157
0157 0157 0157 0158 0159 0160 0162 0164 0166 0167 0168 0168.
0168 0167 0167 0166 0165 0165 0164 0163 0163 0162 0162 0161
0161 0160 0160 0160 0160 0160 0161 0161 0162 0162 0162 0162.
0161 0161 0161 0160 0160 0160 0159 0159 0159 0158 0158 0157
0156 0156 0156 0156 0157 0158 0159 0160 0161 0162 0162 0161.
0161 0161 0160 0159 0158 0158 0157 0156 0156 0155 0154 0154
0153 0153 0152 0152 0152 0152 0152 0152 0153 0153 0153 0152.
0152 0152 0151 0151 0151 0151 0150 0150 0150 0149 0149 0149
0149 0149 0149 0149 0149 0150 0150 0151 0151 0151 0151 0151.
0151 0151 0151 0151 0150 0150 0150 0150 0150 0149 0149 0149
0149 0149 0149 0149 0149 0149 0150 0151 0151 0152 0152 0152.
0152 0152 0152 0151 0151 0151 0151 0151 0151 0151 0151 0150
0150 0150 0151 0151 0151 0152 0152 0152 0152 0152 0152 0152.
0152 0152 0152 0152 0151 0151 0150 0150 0149 0148 0148 0147
0146 0145 0144 0144 0143 0143 0143 0143 0143 0143 0143 0142.
0141 0140 0139 0138 0137 0136 0135 0134 0133 0132 0130 0129
0129 0128 0127 0126 0125 0124 0123 0122 0122 0121 0120 0119.
0118 0117 0116 0114 0113 0112 0112 0111 0110 0109 0109 0108
0108 0107 0107 0108 0108 0110 0111 0113 0115 0117 0117 0117.
0116 0115 0115 0114 0114 0113 0113 0112 0112 0112 0112 0111
0111 0111 0111 0111 0112 0113 0113 0114 0115 0116 0117 0117.
0116 0116 0116 0116 0115 0115 0114 0114 0113 0113 0112 0112
0111 0111 0111 0111 0112 0112 0113 0114 0114 0115 0115 0115.
0115 0115 0115 0114 0114 0114 0114 0113 0113 0113 0113 0113
0113 0113 0113 0113 0114 0114 0115 0116 0116 0117 0117 0117.
0117 0117 0116 0116 0116 0116 0116 0115 0115 0115 0115 0115
0115 0115 0115 0116 0117 0119 0121 0122 0124 0125 0125 0126.
0126 0125 0125 0125 0125 0125 0124 0124 0124 0124 0124 0124
0123 0123 0123 0124 0124 0125 0125 0126 0126 0126 0126 0126=
0193 0193 0193 0192 0192 0192 0192 0191 0191 0191 0191 0190
0190 0190 0189 0189 0189 0189 0188 0188 0188 0188 0188 0188.
0188 0188 0189 0188 0188 0188 0188 0188 0187 0187 0187 0186
0186 0185 0185 0185 0184 0184 0184 0184 0184 0184 0184 0184.
0184 0184 0184 0185 0185 0185 0185 0184 0184 0184 0184 0184
0183 0183 0183 0183 0183 0182 0182 0182 0182 0182 0183 0183.
0183 0183 0183 0183 0183 0183 0183 0183 0183 0183 0183 0183
0183 0183 0183 0183 0183 0183 0183 0183 0183 0183 0183 0184.
0184 0184 0184 0184 0185 0185 0185 0185 0185 0185 0185 0185
0185 0185 0185 0185 0185 0185 0185 0185 0186 0186 0186 0186.
0186 0186 0186 0186 0186 0186 0186 0186 0186 0186 0186 0186
0186 0186 0186 0186 0186 0186 0186 0186 0186 0186 0186 0186.
0186 0186 0186 0186 0186 0186 0186 0186 0185 0185 0185 0184
0184 0184 0183 0183 0183 0182 0182 0182 0181 0181 0181 0181.
0180 0180 0180 0180 0180 0179 0179 0179 0179 0179 0178 0178
0178 0178 0177 0177 0177 0177 0177 0177 0176 0176 0176 0176.
0176 0176 0176 0176 0176 0176 0176 0176 0176 0175 0175 0175
0175 0175 0175 0175 0175 0175 0175 0175 0175 0175 0175 0175.
0175 0175 0175 0175 0176 0176 0176 0176 0176 0176 0175 0175
0175 0175 0175 0175 0174 0174 0174 0174 0173 0173 0173 0173.
0172 0172 0172 0172 0171 0171 0171 0171 0171 0171 0170 0170
0170 0170 0170 0170 0169 0169 0169 0169 0169 0169 0169 0169.
0169 0169 0170 0170 0170 0170 0170 0169 0169 0169 0169 0169
0169 0169 0169 0169 0169 0169 0169 0168 0168 0168 0168 0168.
0168 0168 0168 0168 0168 0168 0168 0168 0168 0168 0167 0167
0167 0167 0167 0167 0167 0167 0166 0166 0166 0166 0166 0166.
0166 0166 0166 0166 0166 0166 0166 0166 0166 0166 0166 0166
0166 0166 0166 0166 0166 0166 0166 0166 0166 0166 0166 0166.
0166 0166 0167 0167 0167 0167 0167 0167 0167 0167 0167 0167
0167 0167 0167 0167 0167 0167 0167 0167 0167 0167 0167 0167.
0167 0167 0167 0167 0167 0167 0167 0167 0167 0167 0167 0167
0167 0167 0167 0167 0167 0167 0167 0167 0168 0168 0168 0168.
0168 0168 0168 0169 0169 0169 0169 0169 0169 0169 0169 0169
0169 0169 0169 0169 0169 0169 0169 0169 0169 0169 0169 0169.
0169 0169 0169 0169 0169 0169 0169 0169 0169 0169 0169 0168
0168 0168 0168 0168 0168 0168 0168 0168 0167 0167 0167 0167.
0167 0167 0167 0167 0167 0167 0167 0167 0167 0167 0167 0166
0166 0166 0166 0166 0166 0166 0165 0165 0165 0165 0165 0165.
0165 0165 0165 0165 0164 0164 0164 0164 0164 0164 0164 0164
0164 0164 0164 0164 0163 0163 0163 0163 0163 0163 0163 0163.
0163 0163 0163 0163 0163 0163 0163 0163 0163 0163 0163 0163
0163 0163 0162 0162 0162 0162 0162 0162 0162 0162 0162 0162.
0162 0162 0162 0162 0162 0162 0162 0162 0162 0162 0162 0162
0162 0162 0162 0162 0162 0162 0162 0162 0162 0162 0162 0162.
0162 0162 0162 0162 0162 0162 0162 0162 0162 0162 0162 0162
0161 0161 0161 0161 0161 0160 0160 0160 0160 0159 0159 0159.
0159 0159 0158 0158 0158 0157 0157 0156 0156 0156 0155 0155
0155 0154 0154 0153 0152 0152 0151 0151 0150 0150 0149 0149.
0148 0148 0147 0147 0147 0146 0146 0145 0145 0144 0144 0143
0143 0142 0142 0142 0141 0141 0141 0140 0140 0140 0140 0140.
0140 0140 0140 0140 0140 0139 0139 0139 0139 0139 0139 0138
0138 0138 0138 0138 0138 0138 0137 0137 0137 0137 0137 0137.
0137 0137 0137 0137 0137 0137 0137 0137 0137 0137 0136 0136
0136 0136 0136 0136 0136 0136 0135 0135 0135 0135 0135 0135.
0135 0135 0135 0135 0135 0135 0135 0135 0135 0135 0135 0135
0135 0135 0135 0135 0135 0135 0134 0134 0135 0135 0134 0134.
0134 0134 0135 0134 0135 0134 0134 0134 0134 0134 0134 0134
0134 0134 0134 0135 0134 0134 0135 0135 0135 0135 0135 0135.
0135 0135 0136 0136 0136 0136 0136 0136 0136 0136 0136 0136
0137 0137 0137 0137 0137 0137 0137 0137 0137 0137 0137 0137=
KB
0207 0207 0207 0207 0207 0207 0207 0207 0206 0206 0206 0206
0206 0206 0206 0206 0206 0206 0205 0205 0205 0205 0205 0205.
0204 0204 0204 0204 0204 0204 0204 0204 0204 0203 0203 0203
0203 0203 0203 0203 0203 0202 0202 0202 0202 0202 0202 0202.
0201 0201 0201 0201 0201 0201 0201 0200 0200 0200 0200 0200
0200 0200 0200 0200 0200 0199 0199 0199 0199 0199 0199 0199.
0199 0198 0198 0198 0198 0198 0198 0198 0198 0198 0198 0198
0198 0197 0198 0197 0197 0197 0197 0197 0197 0197 0197 0197.
0197 0197 0197 0197 0197 0196 0196 0196 0196 0196 0196 0196
0196 0196 0196 0196 0196 0196 0196 0196 0196 0196 0196 0196.
0196 0196 0196 0196 0196 0196 0196 0196 0196 0196 0196 0196
0196 0196 0196 0196 0196 0196 0196 0196 0196 0196 0196 0196.
0196 0196 0196 0196 0196 0196 0196 0196 0196 0196 0196 0196
0196 0196 0196 0196 0195 0195 0195 0195 0195 0195 0195 0195.
0195 0195 0195 0195 0195 0195 0195 0194 0194 0194 0194 0194
0194 0194 0194 0194 0194 0194 0193 0193 0193 0193 0193 0193.
0193 0193 0193 0193 0192 0192 0192 0192 0192 0192 0192 0192
0192 0192 0192 0192 0191 0191 0191 0191 0191 0191 0191 0191.
0191 0191 0190 0190 0190 0190 0190 0190 0190 0190 0190 0190
0190 0190 0190 0190 0190 0190 0190 0189 0189 0189 0189 0189.
0189 0189 0189 0189 0189 0189 0188 0188 0188 0188 0188 0188
0188 0188 0188 0188 0188 0187 0187 0187 0187 0187 0187 0187.
0187 0187 0187 0186 0186 0186 0186 0186 0186 0186 0186 0186
0186 0186 0185 0185 0185 0185 0185 0185 0185 0185 0185 0185.
0185 0185 0185 0184 0184 0184 0184 0184 0184 0184 0184 0184
0184 0184 0184 0184 0183 0183 0183 0183 0183 0183 0183 0183.
0183 0183 0183 0183 0183 0183 0183 0182 0182 0182 0182 0182
0182 0182 0182 0182 0182 0182 0182 0182 0182 0182 0182 0182.
0182 0181 0182 0181 0181 0181 0181 0181 0181 0181 0181 0181
0181 0181 0181 0181 0181 0181 0181 0181 0181 0181 0181 0181.
0181 0181 0181 0181 0181 0181 0181 0180 0180 0180 0180 0180
0180 0180 0180 0180 0180 0180 0180 0180 0180 0180 0180 0180.
0180 0180 0180 0180 0180 0180 0180 0180 0180 0180 0180 0180
0180 0180 0180 0180 0180 0180 0180 0180 0180 0180 0180 0180.
0180 0180 0180 0180 0180 0180 0180 0180 0180 0180 0180 0180
0180 0180 0180 0180 0180 0180 0180 0180 0180 0180 0180 0180.
0180 0180 0180 0180 0180 0179 0179 0179 0179 0179 0179 0179
0179 0179 0179 0179 0179 0179 0179 0179 0179 0179 0179 0179.
0179 0179 0179 0179 0179 0179 0179 0179 0179 0178 0178 0178
0178 0178 0178 0178 0178 0178 0178 0178 0178 0178 0178 0178.
0178 0178 0178 0178 0177 0177 0177 0177 0177 0177 0177 0177
0177 0177 0177 0177 0177 0177 0177 0177 0177 0177 0177 0176.
0176 0176 0176 0176 0176 0176 0176 0176 0176 0176 0176 0176
0176 0176 0176 0176 0176 0176 0176 0176 0176 0176 0176 0176.
0176 0176 0175 0175 0175 0175 0175 0175 0175 0175 0175 0175
0175 0175 0175 0175 0175 0175 0175 0175 0175 0175 0175 0175.
0175 0175 0174 0174 0174 0174 0174 0174 0174 0174 0174 0174
0174 0174 0173 0173 0173 0173 0173 0173 0172 0172 0172 0172.
0172 0172 0171 0171 0171 0171 0171 0170 0170 0170 0170 0170
0169 0169 0169 0169 0169 0169 0168 0168 0168 0168 0168 0167.
0167 0167 0167 0167 0166 0166 0166 0166 0166 0166 0165 0165
0165 0165 0165 0164 0164 0164 0164 0164 0164 0164 0163 0163.
0163 0163 0163 0163 0162 0162 0162 0162 0162 0162 0162 0162
0161 0161 0161 0161 0161 0161 0160 0161 0160 0160 0160 0160.
0160 0160 0160 0160 0159 0159 0159 0159 0159 0159 0159 0159
0159 0159 0159 0158 0158 0158 0158 0158 0158 0158 0158 0158.
0158 0157 0157 0157 0157 0157 0157 0157 0157 0157 0157 0157
0157 0157 0157 0157 0156 0156 0156 0156 0156 0156 0156 0156.
0156 0156 0156 0156 0156 0156 0156 0156 0156 0155 0155 0155
0155 0155 0155 0155 0155 0155 0155 0155 0155 0155 0155 0155=
0222 0221 0221 0221 0221 0221 0221 0221 0221 0221 0221 0221
0221 0221 0221 0221 0221 0221 0221 0221 0221 0221 0221 0221.
0221 0221 0221 0221 0221 0220 0221 0221 0220 0220 0220 0220
0220 0220 0220 0220 0220 0220 0220 0220 0220 0220 0220 0220.
0220 0220 0220 0220 0220 0220 0220 0220 0220 0220 0219 0219
0220 0219 0220 0219 0219 0219 0219 0219 0219 0219 0219 0219.
0219 0219 0219 0219 0219 0219 0219 0219 0219 0219 0218 0218
0219 0218 0219 0218 0218 0218 0218 0218 0218 0218 0218 0218.
0218 0218 0218 0218 0218 0218 0218 0218 0218 0217 0217 0217
0217 0217 0217 0217 0217 0217 0217 0217 0217 0217 0217 0217.
0217 0217 0217 0217 0217 0217 0217 0217 0217 0217 0216 0216
0216 0216 0216 0216 0216 0216 0216 0216 0216 0216 0216 0216.
0216 0216 0216 0216 0216 0216 0216 0216 0215 0215 0215 0215
0215 0215 0215 0215 0215 0215 0215 0215 0215 0215 0215 0215.
0215 0215 0215 0215 0215 0215 0215 0214 0214 0214 0214 0214
0214 0214 0214 0214 0214 0214 0214 0214 0214 0214 0214 0214.
0214 0214 0214 0214 0214 0214 0214 0214 0214 0213 0213 0213
0213 0213 0213 0213 0213 0213 0213 0213 0213 0213 0213 0213.
0213 0213 0213 0213 0213 0213 0213 0213 0213 0213 0213 0213
0213 0212 0212 0212 0212 0212 0212 0212 0212 0212 0212 0212.
0212 0212 0212 0212 0212 0212 0212 0212 0212 0212 0212 0212
0212 0211 0212 0211 0211 0211 0211 0211 0211 0211 0211 0211.
0211 0211 0211 0211 0211 0211 0211 0211 0211 0211 0211 0211
0211 0210 0210 0210 0210 0210 0210 0210 0210 0210 0210 0210.
0210 0210 0210 0210 0210 0210 0210 0210 0210 0210 0210 0210
0209 0209 0209 0209 0209 0209 0209 0209 0209 0209 0209 0209.
0209 0209 0209 0209 0209 0209 0209 0209 0208 0208 0209 0208
0208 0208 0208 0208 0208 0208 0208 0208 0208 0208 0208 0208.
0208 0208 0208 0208 0208 0208 0208 0208 0207 0207 0207 0207
0207 0207 0207 0207 0207 0207 0207 0207 0207 0207 0207 0207.
0207 0207 0207 0207 0207 0207 0206 0206 0206 0206 0206 0206
0206 0206 0206 0206 0206 0206 0206 0206 0206 0206 0206 0206.
0206 0206 0206 0206 0205 0205 0205 0205 0205 0205 0205 0205
0205 0205 0205 0205 0205 0205 0205 0205 0205 0205 0205 0205.
0205 0205 0205 0204 0205 0204 0204 0204 0204 0204 0204 0204
0204 0204 0204 0204 0204 0204 0204 0204 0204 0204 0204 0204.
0204 0204 0204 0204 0204 0204 0203 0203 0203 0203 0203 0203
0203 0203 0203 0203 0203 0203 0203 0203 0203 0203 0203 0203.
0203 0203 0203 0203 0203 0203 0203 0203 0203 0203 0203 0202
0202 0202 0202 0202 0202 0202 0202 0202 0202 0202 0202 0202.
0202 0202 0202 0202 0202 0202 0202 0202 0202 0202 0202 0202
0202 0202 0202 0201 0202 0202 0201 0201 0201 0201 0201 0201.
0201 0201 0201 0201 0201 0201 0201 0201 0201 0201 0201 0201
0201 0201 0201 0201 0201 0201 0201 0201 0200 0200 0200 0200.
0200 0200 0200 0200 0200 0200 0200 0200 0200 0200 0200 0200
0200 0200 0200 0200 0200 0200 0200 0200 0200 0200 0200 0200.
0199 0200 0199 0199 0199 0199 0199 0199 0199 0199 0199 0199
0199 0199 0199 0199 0199 0199 0199 0199 0199 0199 0199 0199.
0198 0198 0198 0198 0198 0198 0198 0198 0198 0198 0198 0198
0198 0198 0198 0198 0198 0198 0198 0198 0198 0198 0198 0197.
0197 0197 0197 0197 0197 0197 0197 0197 0197 0197 0197 0197
0197 0197 0197 0197 0197 0197 0197 0197 0197 0197 0197 0197.
0196 0196 0196 0196 0196 0196 0196 0196 0196 0196 0196 0196
0196 0196 0196 0196 0196 0196 0196 0196 0196 0196 0195 0195.
0195 0195 0195 0195 0195 0195 0195 0195 0195 0195 0195 0195
0195 0195 0195 0195 0194 0194 0194 0194 0194 0194 0194 0194.
0194 0194 0194 0194 0194 0194 0194 0194 0194 0194 0194 0193
0193 0193 0193 0193 0193 0193 0193 0193 0193 0193 0193 0193.
0193 0193 0193 0193 0193 0193 0192 0192 0192 0192 0192 0192
0192 0192 0192 0192 0192 0192 0192 0192 0192 0192 0192 0192=
0216 0216 0216 0216 0216 0216 0216 0216 0216 0216 0216 0216
0216 0216 0216 0216 0216 0216 0216 0216 0216 0216 0216 0216.
0216 0216 0216 0216 0216 0216 0216 0216 0216 0216 0216 0216
0216 0216 0216 0216 0216 0216 0216 0216 0216 0216 0216 0216.
0216 0216 0216 0216 0216 0216 0216 0216 0216 0216 0216 0216
0216 0216 0216 0216 0216 0216 0216 0216 0216 0216 0216 0216.
0216 0216 0216 0216 0216 0216 0216 0216 0216 0216 0216 0216
0216 0216 0216 0216 0216 0216 0216 0216 0216 0216 0216 0216.
0216 0216 0216 0216 0216 0216 0216 0216 0216 0216 0216 0216
0216 0216 0216 0216 0216 0216 0216 0216 0216 0216 0216 0216.
0216 0216 0216 0216 0216 0216 0216 0216 0216 0216 0216 0216
0216 0216 0216 0216 0216 0216 0216 0216 0216 0216 0216 0216.
0216 0216 0216 0216 0215 0216 0216 0216 0216 0216 0216 0216
0216 0216 0216 0216 0215 0215 0215 0215 0215 0216 0216 0216.
0215 0215 0216 0215 0216 0215 0215 0215 0215 0215 0215 0215
0215 0215 0215 0215 0215 0215 0215 0215 0215 0215 0215 0215.
0215 0215 0215 0215 0215 0215 0215 0215 0215 0215 0215 0215
0215 0215 0215 0215 0215 0215 0215 0215 0215 0215 0215 0215.
0215 0215 0215 0215 0215 0215 0215 0215 0215 0215 0215 0215
0215 0215 0215 0215 0215 0215 0215 0215 0215 0215 0215 0215.
0215 0215 0215 0215 0215 0215 0215 0215 0215 0215 0215 0215
0215 0215 0215 0215 0215 0215 0215 0215 0215 0215 0215 0215.
0215 0215 0215 0215 0215 0215 0215 0215 0215 0215 0215 0215
0215 0215 0215 0215 0215 0215 0215 0215 0215 0215 0215 0215.
0215 0215 0215 0215 0215 0215 0215 0215 0215 0215 0215 0215
0215 0215 0215 0215 0215 0215 0215 0215 0215 0214 0214 0214.
0214 0214 0214 0214 0214 0214 0214 0214 0214 0214 0214 0214
0214 0214 0214 0215 0215 0214 0214 0214 0214 0214 0214 0214.
0214 0214 0214 0214 0214 0214 0214 0214 0214 0214 0214 0214
0214 0214 0214 0214 0214 0214 0214 0214 0214 0214 0214 0214.
0214 0214 0214 0214 0214 0214 0214 0214 0214 0214 0214 0214
0214 0214 0214 0214 0214 0214 0214 0214 0214 0214 0214 0214.
0214 0214 0214 0214 0214 0214 0214 0214 0214 0214 0214 0214
0214 0214 0214 0214 0214 0214 0214 0214 0214 0214 0214 0214.
0214 0214 0214 0214 0214 0214 0214 0214 0214 0214 0214 0214
0213 0214 0213 0214 0214 0214 0213 0213 0214 0213 0213 0213.
0213 0213 0213 0213 0213 0214 0213 0213 0213 0213 0213 0213
0213 0213 0213 0213 0213 0213 0213 0213 0213 0213 0213 0213.
0213 0213 0213 0213 0213 0213 0213 0213 0213 0213 0213 0213
0213 0213 0213 0213 0213 0213 0213 0213 0213 0213 0213 0213.
0213 0213 0213 0213 0213 0213 0213 0213 0213 0213 0213 0213
0213 0213 0213 0213 0213 0213 0213 0213 0213 0213 0213 0213.
0213 0213 0213 0213 0213 0213 0213 0213 0213 0213 0213 0213
0212 0213 0213 0213 0212 0212 0212 0212 0212 0212 0212 0212.
0212 0212 0212 0212 0212 0212 0212 0212 0212 0212 0212 0212
0212 0212 0212 0212 0212 0212 0212 0212 0212 0212 0212 0212.
0212 0212 0212 0212 0212 0212 0212 0212 0212 0212 0212 0212
0212 0212 0212 0212 0212 0212 0212 0212 0212 0212 0212 0212.
0212 0212 0212 0212 0212 0212 0212 0212 0212 0212 0212 0212
0211 0212 0212 0211 0212 0211 0212 0212 0212 0211 0211 0211.
0211 0211 0211 0211 0211 0211 0211 0211 0211 0211 0211 0211
0211 0211 0211 0211 0211 0211 0211 0211 0211 0211 0211 0211.
0211 0211 0211 0211 0211 0211 0211 0211 0211 0211 0211 0211
0211 0211 0211 0211 0211 0211 0211 0211 0211 0211 0211 0211.
0211 0211 0211 0211 0211 0211 0211 0211 0211 0211 0211 0211
0211 0211 0211 0211 0211 0211 0211 0211 0210 0211 0210 0210.
0210 0210 0210 0210 0210 0210 0210 0210 0210 0210 0210 0210
0210 0210 0210 0210 0210 0210 0210 0210 0210 0210 0210 0210.
0210 0210 0210 0210 0210 0210 0210 0210 0210 0210 0210 0210
0210 0210 0210 0210 0210 0210 0210 0210 0210 0210 0210 0210=
A=
SA=
BA
0116 0112 0113 0112 0112 0116 0095 0082 0087 0077 0074 0094
0130 0159 0216 0260 0257 0247 0213 0182 0151 0127 0105 0090 0267 1210 0074 0659.
0084 0077 0073 0070 0064 0065 0057 0057 0051 0053 0047 0093
0138 0171 0217 0270 0281 0243 0227 0199 0163 0140 0135 0126 0289 1238 0047 0618.
0114 0101 0095 0087 0082 0079 0079 0078 0084 0089 0078 0110
0143 0171 0229 0272 0199 0209 0210 0187 0167 0144 0132 0128 0283 1156 0075 0707.
0124 0128 0128 0130 0128 0131 0126 0124 0122 0126 0130 0136
0149 0171 0212 0228 0239 0241 0215 0187 0169 0154 0158 0157 0248 1245 0119 0527.
0156 0153 0153 0154 0152 0153 0152 0152 0151 0152 0152 0154
0156 0160 0160 0162 0162 0165 0166 0164 0156 0155 0154 0154 0171 1416 0151 0212.
0153 0151 0151 0152 0153 0154 0154 0154 0155 0154 0154 0156
0157 0162 0166 0171 0177 0172 0162 0159 0156 0152 0149 0146 0177 1257 0146 1955.
0142 0140 0137 0133 0125 0118 0114 0109 0103 0104 0099 0109
0123 0125 0126 0135 0143 0144 0135 0131 0125 0120 0119 0115 0148 2013 0097 0716.
0115 0112 0113 0113 0112 0110 0108 0103 0107 0109 0110 0114
0139 0130 0151 0150 0148 0142 0141 0142 0134 0124 0121 0123 0159 1032 0102 0355.
0122 0112 0117 0116 0117 0103 0106 0075 0108 0113 0117 0123
0153 0171 0182 0184 0177 0183 0183 0165 0152 0140 0138 0135 0238 1232 0074 0408.
0133 0132 0129 0126 0115 0124 0123 0120 0116 0112 0110 0110
0109 0107 0113 0120 0112 0119 0117 0119 0114 0112 0107 0108 0135 2001 0104 0929.
0110 0107 0106 0103 0103 0106 0105 0103 0103 0102 0103 0106
0127 0150 0164 0175 0154 0153 0137 0137 0125 0121 0116 0113 0180 1204 0100 0618.
0112 0112 0113 0113 0112 0110 0110 0109 0109 0108 0111 0115
0117 0126 0131 0132 0128 0137 0132 0129 0125 0120 0118 0116 0142 1407 0108 0415.
0117 0115 0113 0114 0113 0110 0112 0112 0111 0111 0112 0111
0125 0164 0134 0133 0140 0134 0137 0140 0131 0123 0122 0121 0167 0958 0107 0208.
0120 0119 0119 0120 0119 0118 0118 0119 0118 0118 0115 0126
0138 0140 0162 0164 0158 0151 0147 0141 0132 0129 0130 0128 0167 1126 0115 0652.
0128 0129 0128 0127 0127 0127 0126 0126 0125 0126 0125 0125
0128 0134 0141 0142 0152 0157 0155 0148 0139 0134 0134 0134 0161 1424 0123 0716.
0133 0132 0132 0132 0130 0129 0132 0130 0130 0131 0128 0136
0145 0142 0172 0162 0194 0183 0177 0166 0155 0144 0141 0138 0196 1310 0126 0703.
0136 0134 0132 0132 0130 0130 0129 0127 0127 0127 0126 0126
0132 0140 0145 0147 0146 0148 0147 0143 0136 0131 0130 0129 0150 1409 0124 0649.
0130 0130 0132 0131 0124 0126 0126 0121 0121 0117 0114 0118
0128 0130 0138 0146 0149 0162 0155 0139 0130 0125 0126 0122 0170 1352 0112 0720.
0118 0118 0115 0115 0114 0113 0112 0113 0111 0110 0111 0113
0113 0126 0122 0123 0131 0127 0125 0125 0122 0118 0117 0117 0132 1244 0109 0438.
0116 0116 0117 0117 0116 0116 0116 0118 0116 0118 0117 0119
0122 0128 0136 0136 0133 0131 0130 0129 0125 0123 0122 0122 0137 1223 0115 2218.
0122 0122 0120 0120 0118 0119 0119 0119 0120 0119 0119 0120
0123 0125 0128 0137 0140 0146 0135 0131 0129 0126 0126 0124 0146 1344 0117 0704.
0125 0126 0127 0125 0126 0127 0125 0126 0127 0127 0125 0128
0139 0137 0138 0138 0136 0138 0138 0135 0133 0130 0127 0124 0142 0908 0122 1948.
0124 0120 0119 0114 0112 0110 0106 0103 0100 0097 0095 0096
0097 0090 0104 0111 0112 0111 0103 0102 0096 0089 0087 0081 0124 2001 0081 1924.
0078 0079 0075 0068 0072 0069 0061 0062 0065 0065 0067 0068
0069 0074 0045 0040 0046 0038 0035 0034 0024 0019 0016 -003 0082 2030 -005 1951.
0005 0008 0010 0010 0010 0012 0012 0012 0013 0015 0019 0028
0048 0064 0081 0109 0109 0128 0151 0111 0049 0010 -003 0014 0176 1448 -005 1928.
0050 0048 0048 0046 0044 0045 0046 0045 0046 0048 0047 0051
0065 0070 0097 0098 0098 0100 0096 0100 0073 0058 0057 0055 0124 1411 0015 2001.
0053 0052 0052 0052 0050 0049 0047 0047 0045 0045 0046 0052
0067 0066 0093 0097 0100 0093 0078 0072 0065 0058 0058 0058 0116 1242 0045 0455.
0057 0058 0059 0057 0056 0057 0060 0059 0060 0061 0060 0064
0075 0089 0095 0087 0107 0082 0089 0084 0073 0068 0066 0065 0112 1254 0054 0042.
0065 0064 0067 0064 0069 0068 0071 0069 0071 0071 0072 0073
0096 0116 0130 0142 0162 0162 0135 0120 0099 0092 0090 0087 0165 1236 0060 2243.
0086 0085 0086 0088 0087 0087 0085 0085 0084 0084 0086 0089
0102 0112 0119 0118 0111 0108 0100 0095 0090 0086 0087 0086 0120 1139 0083 0515=
=
??????
******
YF
19011










20151207=
JY
8888=
GK
01/
05/=
BZ
10/03/08;14;20

10/24/24
11/=
######
