57461 3042N 11118E 001331 001343 105 000 S14 11111999919199111991 0 2014 12
PC
0126 0129 0132 0133 0133 0134 0133 0134 0136 0143 0158 0159
0158 0160 0160 0145 0130 0122 0119 0119 0120 0126 0134 0140 0162 1042 0118 1535.
0143 0144 0142 0139 0136 0135 0125 0119 0116 0117 0120 0121
0127 0130 0119 0106 0086 0076 0065 0064 0065 0069 0070 0076 0145 2143 0063 1533.
0081 0080 0078 0077 0070 0063 0064 0066 0065 0070 0080 0094
0100 0123 0134 0121 0116 0109 0112 0112 0126 0137 0148 0158 0158 2000 0053 0327.
0164 0171 0173 0173 0172 0170 0166 0162 0158 0161 0168 0172
0178 0178 0173 0161 0143 0128 0123 0121 0121 0125 0131 0138 0179 0907 0120 1521.
0144 0146 0145 0142 0137 0137 0137 0137 0138 0140 0138 0138
0137 0136 0132 0120 0107 0098 0095 0091 0092 0090 0093 0095 0147 2238 0090 1601.
0098 0102 0106 0105 0103 0104 0104 0100 0088 0091 0097 0099
0097 0102 0094 0081 0068 0060 0056 0057 0062 0066 0077 0085 0106 2248 0056 1458.
0094 0098 0105 0105 0106 0101 0100 0099 0104 0103 0110 0115
0119 0124 0120 0111 0099 0088 0090 0088 0089 0098 0106 0113 0125 1002 0086 2001.
0119 0125 0131 0133 0132 0135 0132 0132 0129 0130 0137 0139
0149 0152 0151 0134 0130 0117 0113 0109 0108 0116 0122 0129 0153 1015 0105 1637.
0137 0143 0142 0141 0141 0141 0139 0136 0133 0132 0136 0138
0142 0146 0144 0134 0125 0119 0118 0119 0121 0128 0135 0146 0146 0932 0117 1425.
0156 0162 0163 0164 0162 0160 0157 0153 0154 0150 0154 0153
0157 0163 0162 0152 0140 0135 0132 0130 0130 0136 0141 0146 0165 2243 0129 1609.
0152 0155 0159 0161 0156 0154 0154 0155 0154 0160 0166 0174
0181 0187 0184 0171 0162 0151 0148 0148 0149 0157 0165 0173 0188 1014 0145 1544.
0182 0187 0187 0191 0189 0185 0188 0188 0188 0196 0201 0204
0210 0214 0203 0190 0174 0163 0156 0151 0149 0152 0159 0166 0214 0952 0148 1619.
0166 0169 0174 0170 0167 0163 0162 0160 0158 0158 0164 0166
0170 0169 0165 0153 0138 0121 0117 0112 0112 0119 0128 0135 0174 2254 0110 1605.
0140 0143 0139 0135 0134 0133 0129 0124 0117 0112 0114 0120
0119 0120 0117 0105 0089 0075 0068 0067 0064 0070 0076 0081 0144 2155 0063 1636.
0084 0085 0092 0089 0086 0082 0083 0086 0085 0088 0096 0102
0113 0122 0123 0119 0110 0107 0109 0116 0129 0143 0159 0171 0171 1958 0081 2001.
0184 0193 0201 0205 0207 0212 0219 0221 0221 0224 0232 0238
0245 0249 0243 0231 0215 0199 0191 0187 0189 0195 0202 0207 0249 0958 0171 2002.
0212 0213 0215 0214 0216 0214 0210 0202 0196 0199 0199 0201
0204 0207 0203 0189 0172 0156 0148 0144 0144 0145 0153 0156 0217 2318 0142 1714.
0158 0165 0165 0162 0162 0155 0153 0152 0150 0153 0157 0159
0164 0168 0165 0149 0138 0126 0124 0123 0125 0126 0131 0136 0169 1004 0120 1605.
0134 0133 0130 0123 0120 0118 0113 0107 0104 0105 0109 0113
0116 0118 0113 0104 0091 0083 0081 0079 0083 0091 0099 0104 0136 2001 0079 1600.
0108 0110 0111 0107 0105 0107 0107 0102 0097 0099 0102 0108
0114 0117 0115 0106 0095 0088 0090 0088 0095 0105 0119 0135 0135 2000 0087 1539.
0140 0153 0156 0164 0168 0172 0175 0180 0179 0183 0193 0200
0212 0217 0213 0203 0186 0173 0168 0164 0162 0163 0165 0166 0218 1005 0134 2001.
0167 0168 0166 0163 0162 0157 0153 0148 0143 0143 0143 0147
0147 0146 0141 0124 0102 0086 0076 0074 0073 0074 0082 0083 0169 2144 0071 1724.
0086 0091 0090 0089 0080 0077 0069 0067 0065 0069 0074 0077
0079 0082 0077 0071 0057 0049 0048 0052 0058 0064 0075 0080 0093 2213 0048 1415.
0086 0092 0092 0091 0092 0096 0096 0097 0096 0099 0106 0111
0120 0126 0128 0118 0107 0098 0094 0094 0100 0108 0117 0124 0129 1101 0080 2001.
0132 0140 0139 0137 0136 0135 0134 0130 0128 0131 0133 0138
0143 0153 0153 0143 0129 0117 0110 0111 0113 0122 0131 0136 0155 1019 0109 1501.
0140 0142 0142 0141 0138 0137 0136 0130 0125 0124 0129 0133
0138 0134 0139 0134 0122 0113 0108 0113 0118 0122 0129 0136 0144 1040 0108 1458.
0140 0143 0146 0145 0141 0139 0137 0133 0137 0137 0146 0152
0157 0165 0166 0160 0153 0147 0143 0141 0144 0148 0149 0149 0169 1030 0133 0353.
0151 0152 0154 0154 0147 0142 0141 0138 0130 0130 0134 0134
0136 0135 0124 0107 0090 0076 0066 0064 0066 0071 0075 0078 0156 2351 0063 1609.
0081 0084 0084 0081 0076 0072 0066 0061 0057 0059 0063 0066
0069 0068 0059 0043 0023 0007 9997 9994 9996 0003 0011 0016 0085 2146 9994 1531.
0021 0025 0027 0024 0020 0020 0023 0026 0021 0024 0031 0038
0044 0052 0048 0035 0023 0012 0011 0015 0020 0030 0043 0051 0053 1032 0010 1443.
0061 0066 0070 0075 0078 0086 0091 0094 0097 0109 0126 0139
0159 0172 0173 0163 0156 0150 0149 0151 0158 0165 0170 0178 0178 1959 0051 2001=
0300 0326 0287 0307
0301 0288 0242 0243
0228 0261 0276 0326
0339 0341 0294 0306
0304 0306 0264 0262
0270 0266 0225 0251
0266 0281 0251 0279
0300 0306 0282 0296
0306 0305 0286 0314
0328 0321 0303 0314
0322 0342 0318 0342
0354 0375 0331 0336
0330 0336 0288 0304
0299 0287 0241 0248
0248 0268 0273 0338
0380 0408 0366 0377
0383 0372 0324 0325
0322 0328 0294 0304
0286 0281 0248 0272
0272 0275 0255 0304
0340 0370 0341 0336
0325 0317 0253 0252
0243 0245 0214 0248
0262 0279 0264 0292
0300 0304 0282 0302
0303 0300 0279 0303
0306 0320 0315 0317
0310 0303 0240 0244
0234 0230 0168 0180
0182 0203 0175 0217
0250 0305 0316 0346=
TB
0101 0096 0094 0092 0089 0084 0075 0071 0068 0066 0059 0057
0065 0076 0090 0098 0104 0108 0106 0103 0100 0094 0089 0085 0115 1419 0055 0727.
0082 0079 0068 0062 0060 0061 0060 0058 0052 0045 0040 0042
0055 0065 0073 0083 0087 0094 0100 0097 0091 0087 0085 0076 0107 1443 0039 0711.
0066 0066 0062 0064 0065 0065 0057 0059 0059 0061 0062 0066
0064 0061 0056 0056 0057 0062 0070 0071 0069 0069 0065 0057 0076 2001 0054 1233.
0059 0055 0051 0048 0045 0046 0046 0045 0043 0038 0034 0042
0048 0056 0080 0100 0110 0117 0118 0112 0104 0094 0078 0075 0123 1526 0034 0658.
0068 0063 0053 0051 0048 0044 0040 0035 0035 0033 0033 0036
0051 0067 0094 0111 0117 0120 0118 0119 0114 0103 0085 0080 0126 1356 0031 0653.
0071 0064 0063 0055 0054 0050 0045 0043 0040 0041 0042 0048
0061 0070 0100 0106 0110 0115 0115 0111 0107 0102 0100 0098 0118 1351 0037 0539.
0095 0095 0094 0093 0093 0093 0089 0079 0072 0070 0066 0064
0078 0099 0115 0127 0140 0148 0149 0144 0135 0123 0111 0100 0151 1418 0063 0736.
0091 0089 0092 0080 0071 0068 0062 0056 0055 0046 0044 0044
0060 0076 0100 0113 0129 0136 0134 0127 0115 0107 0090 0087 0139 1419 0042 0748.
0078 0074 0073 0073 0071 0073 0074 0072 0071 0072 0072 0075
0080 0084 0086 0085 0085 0081 0080 0076 0073 0071 0068 0060 0087 2001 0060 2000.
0057 0053 0049 0047 0046 0048 0048 0047 0048 0048 0050 0049
0053 0057 0063 0068 0069 0071 0074 0076 0074 0069 0068 0068 0077 1538 0046 0005.
0067 0065 0064 0066 0064 0062 0062 0062 0063 0065 0064 0060
0065 0072 0079 0082 0084 0083 0082 0080 0077 0071 0064 0050 0085 1129 0050 1956.
0048 0041 0040 0032 0027 0024 0021 0015 0017 0012 0012 0016
0031 0056 0089 0100 0117 0122 0118 0114 0107 0090 0075 0065 0123 1359 0010 0624.
0060 0048 0039 0036 0028 0025 0023 0017 0013 0014 0011 0015
0036 0064 0091 0103 0129 0131 0137 0127 0114 0099 0082 0073 0140 1422 0009 0714.
0068 0058 0053 0050 0043 0050 0052 0053 0053 0056 0056 0056
0062 0069 0074 0084 0086 0090 0088 0090 0087 0084 0079 0076 0091 1356 0042 0059.
0073 0073 0076 0073 0071 0072 0073 0071 0070 0071 0072 0072
0075 0081 0086 0096 0102 0106 0109 0108 0105 0099 0095 0085 0110 1508 0070 0404.
0072 0066 0063 0065 0061 0066 0065 0060 0061 0044 0042 0033
0046 0066 0084 0091 0095 0103 0102 0100 0090 0078 0069 0053 0106 1405 0033 0749.
0046 0038 0029 0025 0019 0019 0014 0019 0019 0014 0010 0011
0031 0051 0081 0103 0110 0122 0123 0121 0110 0095 0078 0067 0126 1532 0008 0729.
0056 0049 0047 0031 0033 0026 0035 0034 0039 0037 0040 0042
0050 0062 0062 0067 0067 0073 0081 0079 0072 0068 0068 0066 0081 1451 0025 0146.
0061 0056 0052 0050 0043 0039 0036 0028 0025 0024 0020 0021
0038 0063 0101 0127 0146 0159 0156 0152 0137 0121 0100 0090 0164 1343 0018 0704.
0083 0074 0064 0059 0054 0047 0044 0040 0035 0034 0031 0032
0039 0049 0058 0063 0071 0073 0077 0082 0074 0068 0064 0062 0090 2002 0029 0716.
0059 0057 0050 0053 0050 0046 0044 0044 0048 0038 0030 0025
0041 0057 0070 0090 0096 0104 0100 0095 0088 0076 0058 0048 0106 1357 0024 0727.
0044 0034 0032 0019 0018 0013 0009 0005 0004 -002 -003 0000
0011 0036 0067 0081 0092 0100 0102 0098 0091 0074 0069 0058 0107 1443 -004 0641.
0051 0047 0047 0049 0048 0050 0049 0048 0039 0033 0027 0027
0039 0057 0074 0093 0102 0109 0116 0118 0109 0099 0088 0070 0121 1454 0026 0740.
0064 0057 0048 0042 0037 0039 0034 0034 0028 0028 0027 0027
0042 0071 0094 0109 0122 0138 0142 0138 0126 0111 0098 0095 0143 1446 0026 0655.
0093 0089 0087 0083 0081 0082 0082 0079 0079 0076 0075 0077
0079 0084 0092 0095 0100 0107 0110 0106 0102 0097 0094 0091 0114 1510 0075 0615.
0086 0084 0082 0080 0079 0077 0074 0070 0067 0065 0063 0062
0063 0066 0067 0075 0076 0079 0079 0078 0078 0073 0073 0072 0091 2001 0061 0750.
0069 0066 0066 0058 0056 0055 0056 0057 0056 0059 0060 0057
0060 0062 0066 0071 0072 0072 0072 0074 0074 0072 0072 0069 0075 1613 0054 0140.
0068 0064 0058 0054 0048 0045 0038 0035 0031 0024 0021 0023
0038 0063 0106 0147 0168 0173 0179 0177 0167 0141 0137 0135 0182 1515 0020 0655.
0120 0114 0113 0109 0101 0099 0096 0085 0087 0078 0078 0072
0089 0118 0147 0170 0192 0197 0199 0191 0181 0156 0131 0119 0205 1411 0071 0752.
0105 0096 0085 0074 0067 0060 0057 0053 0046 0040 0039 0039
0069 0082 0112 0139 0149 0167 0174 0168 0160 0142 0130 0111 0176 1450 0037 0651.
0099 0089 0085 0075 0076 0069 0060 0062 0063 0064 0059 0063
0084 0111 0126 0132 0137 0131 0125 0120 0108 0099 0092 0090 0138 1305 0056 0740=
IB
=
0093 0090 0088 0086 0077 0072 0061 0059 0056 0029 0032 0035
0022 0025 0012 -004 -001 -006 -008 -014 -011 -025 -021 -011.
-019 -008 -004 -003 0008 -002 -009 0010 -004 -011 -018 -022
-019 -037 -061 -042 -041 -035 -033 -036 -028 -035 -022 -019.
-018 -013 -019 0009 0008 0010 0011 0022 0029 0026 0019 0015
0023 0026 0021 0031 0029 0025 0032 0033 0042 0040 0045 0042.
0047 0041 0044 0041 0033 0039 0039 0039 0037 0032 0024 0032
0042 0044 0056 0052 0007 -032 -017 -016 -023 -022 0001 -002.
0000 0022 0012 0016 0022 0024 0022 0020 0022 0018 0018 0023
0036 0031 0027 0011 0014 0010 0014 0026 0016 0022 0029 0029.
0033 0037 0038 0035 0037 0035 0032 0028 0031 0028 0033 0036
0044 0043 0021 0012 0010 0006 0014 0019 0028 0033 0035 0038.
0041 0041 0046 0051 0049 0049 0051 0048 0049 0052 0048 0052
0063 0053 0056 0044 0040 0020 0031 0017 0015 0013 0022 0028.
0041 0041 0042 0048 0042 0043 0035 0026 0033 0033 0031 0027
0035 0031 0014 -052 -061 -055 -068 -079 -068 -057 -039 -041.
-007 -006 0014 0003 -004 0005 -013 -007 0008 0013 0015 0009
-015 -020 -015 -019 -037 -017 -015 -004 -019 -021 -014 -003.
0007 0018 0028 0030 0029 0033 0031 0029 0027 0018 0027 0028
0035 0034 0024 0023 0026 0020 0029 0027 0036 0037 0038 0038.
0033 0033 0039 0051 0050 0050 0048 0042 0045 -014 -027 0008
0024 -007 -082 -079 -069 -074 -075 -065 -072 -070 -076 -059.
-042 -023 -018 -019 -016 -016 -015 -026 -007 -007 -004 0000
0007 -013 -024 -020 -053 -053 -056 -079 -096 -060 -040 -043.
-045 -035 -027 -006 -012 -018 -005 -009 -013 -010 -018 -026
-012 0001 0008 -005 0000 -012 -011 0008 -001 -003 0009 0005.
0007 0019 0021 0024 0018 0025 0024 0027 0032 0028 0026 0017
0015 0018 0013 0018 0013 0014 0012 0019 0016 0020 0019 0017.
0020 0020 0036 0034 0039 0038 0039 0039 0038 0039 0042 0036
0046 0047 0034 0031 0005 0001 0017 0021 0021 0025 0030 0031.
0025 0021 0020 -026 -055 -078 -090 -083 -086 -054 -045 -039
-027 -031 -062 -080 -095 -094 -095 -081 -090 -083 -079 -063.
-057 -042 -041 -018 -022 -021 -013 -028 -028 -012 -017 -016
-009 -014 -034 -041 -059 -072 -066 -068 -073 -064 -060 -059.
-057 -046 -020 -037 -014 -014 -025 -023 -015 -021 -026 -018
-010 -010 0003 0002 0002 0001 -001 0004 0000 -004 -006 -008.
-006 -011 -002 -006 -003 0016 0021 0010 0007 0011 0004 0011
0026 0031 0036 0011 -003 -016 0006 0002 0020 0020 0016 0017.
0015 0023 0027 0034 0034 0024 0016 0019 0017 0018 0015 0022
0030 0021 0028 0031 0033 0041 0034 0038 0036 0036 0030 0035.
0029 0030 0027 0001 -023 -037 -031 -022 -035 -037 -027 -022
-019 -010 -012 -020 -055 -064 -059 -056 -054 -058 -049 -050.
-051 -043 -017 -021 -022 -023 -018 -019 -014 -024 -020 -019
-013 -015 -019 -031 -040 -023 -021 -013 -022 -023 -023 -018.
-018 0005 0008 0010 0006 0004 -001 0000 -001 -009 -009 -001
0013 0016 -010 -029 -021 -029 -019 -024 -012 -009 0000 -005.
0005 0005 0018 0011 0011 0018 0008 0016 0013 0015 0009 0014
0022 0018 0027 0027 0009 0018 0015 0018 0007 0016 0014 0021.
0035 0022 0029 0030 0030 0035 0033 0037 0037 0023 0026 0043
0036 -025 -021 -021 -017 -014 -078 -062 -070 -066 -061 -063.
-068 -065 -056 -062 -059 -050 -040 -044 -047 -037 -042 -037
-042 -036 -033 -034 -036 -033 -036 -037 -034 -024 -022 -015.
-015 -015 -011 0011 0011 0018 0015 0012 0013 0020 0019 0012
0011 -001 -006 -004 -007 0000 0004 0004 0008 0011 0013 0014.
0011 0015 0010 0015 0027 0030 0022 0020 0021 0009 0009 0010
0031 0049 0027 0029 0005 0005 0001 -005 -005 0000 -007 -013.
-012 -007 -008 -003 -001 0000 -006 -003 -009 0001 -002 0004
0001 0000 0009 -007 -018 -009 -018 -019 -017 0017 0035 0026.
0031 0034 0035 0029 0033 0019 0014 0009 0023 0022 0023 0023
0033 0014 0014 0005 0000 0008 0001 0013 0028 0039 0047 0043.
0049 0049 0051 0043 0042 0030 0028 0034 0033 0027 0027 0029
0033 -020 -050 -080 -076 -093 -105 -109 -126 -114 -132 -122=
EA
117 115 113 112 105 101 094 093 091 075 077 079
072 073 067 059 060 058 057 055 056 051 052 057.
053 057 059 060 064 060 057 065 059 056 054 052
053 046 039 045 045 047 048 047 050 047 052 053.
054 056 053 065 065 066 066 071 075 073 070 068
072 073 071 076 075 073 077 078 083 082 084 082.
085 082 083 082 077 081 081 081 080 077 072 077
083 084 091 088 064 048 054 055 052 052 061 060.
061 072 067 068 071 073 072 071 071 070 070 072
079 077 074 066 067 066 068 074 069 071 075 075.
078 080 080 079 080 078 077 075 076 074 077 079
084 083 071 066 066 064 068 070 075 077 079 080.
082 082 085 088 087 087 088 086 086 088 086 088
095 089 091 084 081 071 076 069 068 067 071 075.
082 082 083 086 083 083 079 074 078 077 076 074
079 076 067 041 039 040 037 034 037 040 046 045.
058 059 067 062 059 063 056 058 065 067 068 065
055 053 055 053 047 054 055 059 053 052 055 060.
064 069 074 076 075 077 077 075 074 070 074 074
078 078 073 072 074 071 075 074 079 080 080 080.
077 077 081 088 087 087 086 082 084 055 050 064
073 058 033 034 036 035 035 038 036 036 035 039.
045 052 054 053 054 054 055 050 058 058 059 061
064 055 051 053 041 041 040 034 030 039 046 044.
044 047 050 058 056 053 059 057 056 057 054 050
056 061 065 059 061 056 056 065 061 060 065 063.
064 070 071 072 070 073 072 074 077 075 074 069
068 070 067 069 067 068 067 070 069 071 070 069.
071 071 079 078 081 080 081 081 080 081 082 079
085 085 078 076 063 061 069 071 071 073 076 077.
073 071 071 050 040 034 031 033 032 041 044 046
050 049 039 033 030 030 030 033 031 033 034 038.
040 045 045 053 052 053 055 050 050 056 054 054
057 055 047 045 039 036 037 037 035 038 039 039.
040 043 053 047 055 055 051 051 055 053 050 054
057 057 063 062 062 061 060 063 061 059 058 057.
058 056 060 058 060 069 071 066 064 066 063 066
074 076 079 066 060 054 064 062 070 071 069 069.
068 072 074 078 078 073 069 070 069 069 068 071
076 071 075 076 078 082 078 080 079 079 076 079.
075 076 074 061 051 047 048 052 047 046 050 052
053 057 056 053 041 038 039 040 041 040 042 042.
042 044 054 053 052 052 053 053 055 051 053 053
056 055 053 049 045 052 052 056 052 051 052 053.
054 063 065 066 064 063 061 061 061 057 057 061
067 069 057 049 052 050 053 051 056 057 061 059.
063 063 070 066 066 069 065 069 067 068 065 067
072 070 074 074 065 069 068 069 064 069 068 071.
078 072 075 075 076 078 077 080 080 072 074 083
079 051 052 052 054 055 034 038 036 037 039 038.
037 037 040 039 039 042 045 044 043 046 045 046
045 047 048 048 047 048 047 047 048 051 052 055.
055 055 056 066 066 070 068 067 067 071 070 067
066 061 058 059 058 061 063 063 065 066 067 068.
066 068 065 068 074 076 071 071 071 065 065 066
076 087 074 075 063 063 061 059 059 061 058 056.
056 058 058 060 061 061 059 060 057 061 060 063
062 061 065 058 053 057 053 053 054 069 078 074.
076 078 079 075 077 070 068 065 072 072 072 072
078 067 068 063 061 065 062 067 075 081 085 083.
087 087 088 083 082 076 075 078 077 074 074 075
077 053 042 033 034 030 028 027 023 026 022 024=
UB
95 96 96 96 92 92 91 92 92 77 83 86
74 70 58 49 48 45 45 44 46 43 46 51 39 1754.
49 54 60 63 69 64 61 71 67 67 66 63
59 48 38 41 40 40 39 39 43 42 47 51 35 1042.
55 57 56 68 67 68 72 77 81 78 74 70
75 78 78 84 82 77 77 77 83 82 87 90 48 2004.
92 91 95 95 92 95 95 96 96 96 93 93
96 92 85 72 49 35 39 41 41 44 58 58 29 1318.
62 75 75 78 83 87 88 90 91 90 90 91
90 78 63 50 49 47 49 53 51 57 68 70 42 1338.
77 83 84 87 89 90 91 90 94 91 94 92
89 83 58 52 50 47 50 53 58 62 64 66 47 1345.
69 69 72 75 74 74 77 81 85 88 88 92
90 73 67 57 51 42 45 42 44 47 54 61 39 1339.
71 72 71 80 82 84 83 81 86 91 91 89
84 73 55 31 26 26 24 23 27 31 40 40 22 1532.
55 57 66 61 59 62 54 57 64 66 67 63
51 48 49 48 42 50 51 57 52 52 56 64 40 2002.
70 78 86 89 89 90 89 88 86 81 85 86
88 85 76 73 74 70 73 71 77 80 81 81 62 2001.
79 80 84 90 91 92 91 87 88 57 52 69
75 57 31 31 33 32 32 35 34 36 36 45 30 1101.
52 63 66 69 73 75 77 74 84 87 89 89
84 61 45 43 30 29 29 25 23 34 44 46 20 1650.
47 55 62 74 75 73 82 83 83 84 81 74
71 64 56 47 41 37 36 44 45 49 60 62 32 1441.
65 76 80 83 84 84 82 83 86 82 81 76
72 70 65 63 60 59 59 61 61 64 66 66 55 1333.
69 69 76 76 80 79 79 80 80 80 81 78
82 79 70 64 51 48 53 55 56 60 64 69 45 1356.
72 73 74 52 43 35 32 35 34 49 53 59
59 50 35 29 25 24 24 27 27 31 34 43 22 1431.
47 56 60 73 74 75 82 71 71 83 82 82
75 63 44 36 30 25 26 26 27 32 37 40 23 1329.
44 50 62 61 71 75 65 66 68 66 62 65
65 60 66 63 63 60 56 59 60 60 59 59 39 2001.
62 62 68 67 72 85 90 88 88 91 89 93
92 80 64 45 36 30 36 36 45 50 56 60 30 1337.
62 70 77 84 87 85 82 86 88 89 89 93
94 82 81 80 77 80 74 74 77 80 79 83 60 2001.
81 83 85 69 59 55 58 62 55 58 66 71
65 62 56 46 34 30 32 34 36 38 46 49 29 1325.
50 57 70 75 75 77 82 84 88 85 88 87
84 69 54 45 39 42 42 46 45 50 52 58 38 1302.
61 74 76 76 74 72 70 71 75 74 77 82
83 75 55 42 42 38 39 37 43 47 54 59 36 1416.
66 69 81 80 83 86 83 88 90 91 88 91
87 69 63 57 46 44 42 44 44 52 56 60 41 1423.
67 63 67 69 70 72 71 75 75 69 71 79
74 46 45 44 44 43 26 30 29 31 33 33 26 1500.
33 34 37 36 37 40 44 44 44 48 47 49
47 48 49 46 45 45 44 44 45 50 51 54 31 2001.
55 56 58 72 73 77 75 73 74 76 75 73
71 64 60 59 57 60 62 61 63 65 66 68 52 2001.
67 71 71 76 86 90 89 90 93 90 92 91
95 91 58 45 33 32 30 29 31 38 37 36 26 1645.
40 43 43 46 49 50 49 54 51 58 57 62
54 44 39 30 24 25 23 24 26 39 52 53 21 1454.
60 65 71 73 79 75 74 73 85 88 89 89
78 62 51 40 36 34 31 35 41 50 57 63 29 1459.
71 76 79 80 79 76 80 82 81 77 80 79
70 40 29 22 22 20 19 19 18 21 19 21 17 1632=
N=
H=
C=
V=
R6
0000 0000 0000
0000 0000 0000
0000 0000 0000
0000 0000 0000
0000 0000 0000
0000 0000 0000
0000 0000 0000
0000 0000 0000
0000 0000 0000
0007 0000 0007
0000 0000 0000
0000 0000 0000
0000 0000 0000
0000 0000 0000
0000 0000 0000
0000 0000 0000
0000 0000 0000
0000 0000 0000
0000 0000 0000
0000 0000 0000
0000 0000 0000
0000 0000 0000
0000 0000 0000
0000 0000 0000
0000 0000 0000
0000 0000 0000
0000 0000 0000
0000 0000 0000
0000 0000 0000
0000 0000 0000
0000 0000 0000=
0000 0000 0000 0000 0000 0000 0000 0000 0000 0000 0000 0000
0000 0000 0000 0000 0000 0000 0000 0000 0000 0000 0000 0000.
0000 0000 0000 0000 0000 0000 0000 0000 0000 0000 0000 0000
0000 0000 0000 0000 0000 0000 0000 0000 0000 0000 0000 0000.
0000 0000 0000 0000 0000 0000 0000 0000 0000 0000 0000 0000
0000 0000 0000 0000 0000 0000 0000 0000 0000 0000 0000 0000.
0000 0000 0000 0000 0000 0000 0000 0000 0000 0000 0000 0000
0000 0000 0000 0000 0000 0000 0000 0000 0000 0000 0000 0000.
0000 0000 0000 0000 0000 0000 0000 0000 0000 0000 0000 0000
0000 0000 0000 0000 0000 0000 0000 0000 0000 0000 0000 0000.
0000 0000 0000 0000 0000 0000 0000 0000 0000 0000 0000 0000
0000 0000 0000 0000 0000 0000 0000 0000 0000 0000 0000 0000.
0000 0000 0000 0000 0000 0000 0000 0000 0000 0000 0000 0000
0000 0000 0000 0000 0000 0000 0000 0000 0000 0000 0000 0000.
0000 0000 0000 0000 0000 0000 0000 0000 0000 0000 0000 0000
0000 0000 0000 0000 0000 0000 0000 0000 0000 0000 0000 0000.
0000 0000 0000 0000 0000 0000 0000 0000 0000 0000 0000 0000
0000 0000 0000 0000 0000 0000 0000 0000 0000 0000 0000 0000.
0000 0000 0002 0003 0000 0001 0001 0000 0000 0000 0000 0000
0000 0000 0000 0000 0000 0000 0000 0000 0000 0000 0000 0000.
0000 0000 0000 0000 0000 0000 0000 0000 0000 0000 0000 0000
0000 0000 0000 0000 0000 0000 0000 0000 0000 0000 0000 0000.
0000 0000 0000 0000 0000 0000 0000 0000 0000 0000 0000 0000
0000 0000 0000 0000 0000 0000 0000 0000 0000 0000 0000 0000.
0000 0000 0000 0000 0000 0000 0000 0000 0000 0000 0000 0000
0000 0000 0000 0000 0000 0000 0000 0000 0000 0000 0000 0000.
0000 0000 0000 0000 0000 0000 0000 0000 0000 0000 0000 0000
0000 0000 0000 0000 0000 0000 0000 0000 0000 0000 0000 0000.
0000 0000 0000 0000 0000 0000 0000 0000 0000 0000 0000 0000
0000 0000 0000 0000 0000 0000 0000 0000 0000 0000 0000 0000.
0000 0000 0000 0000 0000 0000 0000 0000 0000 0000 0000 0000
0000 0000 0000 0000 0000 0000 0000 0000 0000 0000 0000 0000.
0000 0000 0000 0000 0000 0000 0000 0000 0000 0000 0000 0000
0000 0000 0000 0000 0000 0000 0000 0000 0000 0000 0000 0000.
0000 0000 0000 0000 0000 0000 0000 0000 0000 0000 0000 0000
0000 0000 0000 0000 0000 0000 0000 0000 0000 0000 0000 0000.
0000 0000 0000 0000 0000 0000 0000 0000 0000 0000 0000 0000
0000 0000 0000 0000 0000 0000 0000 0000 0000 0000 0000 0000.
0000 0000 0000 0000 0000 0000 0000 0000 0000 0000 0000 0000
0000 0000 0000 0000 0000 0000 0000 0000 0000 0000 0000 0000.
0000 0000 0000 0000 0000 0000 0000 0000 0000 0000 0000 0000
0000 0000 0000 0000 0000 0000 0000 0000 0000 0000 0000 0000.
0000 0000 0000 0000 0000 0000 0000 0000 0000 0000 0000 0000
0000 0000 0000 0000 0000 0000 0000 0000 0000 0000 0000 0000.
0000 0000 0000 0000 0000 0000 0000 0000 0000 0000 0000 0000
0000 0000 0000 0000 0000 0000 0000 0000 0000 0000 0000 0000.
0000 0000 0000 0000 0000 0000 0000 0000 0000 0000 0000 0000
0000 0000 0000 0000 0000 0000 0000 0000 0000 0000 0000 0000.
0000 0000 0000 0000 0000 0000 0000 0000 0000 0000 0000 0000
0000 0000 0000 0000 0000 0000 0000 0000 0000 0000 0000 0000.
0000 0000 0000 0000 0000 0000 0000 0000 0000 0000 0000 0000
0000 0000 0000 0000 0000 0000 0000 0000 0000 0000 0000 0000.
0000 0000 0000 0000 0000 0000 0000 0000 0000 0000 0000 0000
0000 0000 0000 0000 0000 0000 0000 0000 0000 0000 0000 0000.
0000 0000 0000 0000 0000 0000 0000 0000 0000 0000 0000 0000
0000 0000 0000 0000 0000 0000 0000 0000 0000 0000 0000 0000.
0000 0000 0000 0000 0000 0000 0000 0000 0000 0000 0000 0000
0000 0000 0000 0000 0000 0000 0000 0000 0000 0000 0000 0000.
0000 0000 0000 0000 0000 0000 0000 0000 0000 0000 0000 0000
0000 0000 0000 0000 0000 0000 0000 0000 0000 0000 0000 0000.
0000 0000 0000 0000 0000 0000 0000 0000 0000 0000 0000 0000
0000 0000 0000 0000 0000 0000 0000 0000 0000 0000 0000 0000=
0000 ////////// 00000=
W=
LA
=
001 001 000 000 001 001 000 001 000 001 001 000
001 001 002 001 002 001 002 001 002 001 001 002 024.
001 000 001 001 001 001 000 001 000 001 002 000
002 001 002 001 002 001 002 002 001 001 002 001 027.
000 001 000 000 002 000 000 001 000 001 000 000
000 000 000 000 000 001 001 000 000 001 000 000 008.
001 000 001 000 000 000 000 001 000 000 000 000
001 000 001 002 001 002 002 002 000 001 001 000 016.
001 000 001 000 001 000 000 001 000 001 000 000
000 001 001 002 001 001 001 001 000 001 000 001 015.
000 000 001 000 000 000 001 000 001 000 000 000
000 000 002 001 001 000 001 000 001 000 000 000 009.
001 000 000 000 000 001 000 001 000 001 000 000
000 000 001 001 002 001 001 001 002 000 000 001 014.
000 000 000 000 001 000 001 000 000 001 000 000
000 001 001 003 000 003 002 002 002 000 001 001 019.
000 001 000 001 000 001 000 000 001 000 000 001
001 000 001 001 001 001 000 002 000 001 001 000 014.
000 000 000 002 000 001 001 000 000 001 000 000
000 001 000 000 000 001 001 000 001 000 000 001 010.
000 001 000 000 000 000 001 000 000 001 001 001
000 000 002 001 000 001 002 001 000 002 001 000 015.
001 000 000 001 000 000 001 000 000 001 001 000
000 000 002 001 002 001 002 002 002 001 000 000 018.
002 000 000 000 001 000 001 000 000 001 000 000
001 000 001 002 001 002 002 001 000 002 000 000 017.
001 000 000 000 001 000 000 001 000 000 000 000
001 000 001 000 001 001 001 000 000 000 001 001 010.
000 000 000 000 001 000 001 000 001 000 000 000
000 000 001 000 002 000 001 001 000 000 000 000 008.
000 000 001 000 001 001 000 001 001 000 001 000
000 002 001 002 002 001 003 003 000 001 000 002 023.
000 000 001 000 001 000 001 000 000 000 001 001
000 001 001 002 001 002 001 002 002 000 001 001 019.
000 001 000 000 001 000 000 001 000 001 000 001
001 000 001 000 001 000 001 001 000 000 000 001 011.
001 000 000 000 001 000 000 000 001 000 001 000
000 001 001 001 002 001 002 001 001 000 000 000 014.
000 001 000 000 000 000 000 002 000 000 000 000
000 000 001 000 001 000 000 001 000 000 000 000 006.
001 000 001 000 001 001 001 000 000 000 001 000
000 002 000 001 001 001 002 002 002 001 000 001 019.
000 000 001 000 000 001 000 001 000 000 001 000
000 000 001 002 000 002 001 000 002 000 000 001 013.
000 001 000 000 001 000 000 000 001 000 001 000
000 001 001 001 001 002 000 002 000 001 000 000 013.
001 000 000 000 001 000 000 000 000 001 000 000
000 000 001 002 001 002 000 001 001 000 001 000 012.
000 001 000 000 000 000 000 000 001 000 000 001
000 001 000 001 002 001 000 003 000 001 002 001 015.
000 000 002 000 000 001 001 001 001 000 001 001
000 001 000 002 000 001 002 001 000 000 001 001 017.
000 001 000 000 000 000 001 000 000 001 000 000
000 001 001 001 001 000 001 000 000 001 000 001 010.
000 001 000 000 000 000 001 000 000 000 001 000
000 000 000 003 001 001 001 001 002 000 000 001 013.
000 001 000 001 001 002 000 000 001 000 000 000
000 002 001 001 001 003 001 002 002 001 000 000 020.
001 000 000 000 001 000 000 000 001 000 000 001
000 002 000 001 003 000 002 001 001 001 000 001 016.
000 000 000 000 001 000 001 000 001 000 000 000
000 001 003 001 001 003 002 002 001 002 001 002 022=
Z=
G=
FN
007004 033009 044008 104003 061014 055009
084011 PPC000 157014 117014 173009 089012
099019 121019 181015 150030 130029 180013
172010 107017 144023 121019 099021 128010.
098017 069016 109019 102017 004003 009006
022003 PPC000 111012 104022 087017 108015
089015 143020 087024 075019 313009 143027
051011 152017 134021 131016 105019 069013.
066010 092007 173007 235005 PPC002 176010
099005 277005 235011 237013 PPC001 256009
252010 224014 233011 234019 260011 263007
237010 115009 082009 079009 088005 058007.
191007 287007 254010 315007 PPC000 330004
PPC000 275015 306009 273011 231004 200005
123010 341007 273008 112009 134023 125024
162029 141027 139024 122014 071012 064009.
007013 262011 012006 221010 289007 326008
326008 282006 258009 PPC000 226010 PPC000
007005 320006 093011 129011 133014 135014
115018 142016 102019 104010 047008 077005.
003014 326008 303007 246007 359009 357007
260004 273006 326006 PPC002 054005 317008
271008 353005 127011 238005 179011 080004
267006 265009 287013 262007 292004 PPC002.
198004 331007 253009 223009 221007 287011
070010 035007 PPC002 287005 PPC000 346007
345005 345010 195012 167013 120015 105019
151025 149024 150019 116011 108008 049008.
329011 351007 095005 012005 332010 003006
013010 030008 274010 303004 352007 097003
295007 313009 329007 088017 174006 127015
127020 106025 126027 144009 054007 321010.
261005 342009 301008 255005 275008 325006
083006 344007 PPC000 241007 PPC000 157008
169010 157010 157012 144016 098018 106019
113015 111015 104019 119015 128020 195011.
129011 137006 040004 102011 154007 292009
248009 330004 258013 PPC000 266009 004005
066010 132012 161010 202009 231009 145003
246009 246005 126011 104011 095011 096015.
107013 153005 276003 303007 335003 110005
PPC000 068004 149011 157013 134017 050008
170007 171013 160014 151021 225009 182015
148019 120012 126019 115014 105014 074006.
017010 300007 265004 304009 338007 348008
335011 139004 300007 274006 319006 216009
269007 234012 127015 118016 128014 123025
148025 148027 130017 093014 087018 064018.
080016 354007 325010 271010 292006 346009
221005 294008 297007 PPC000 316003 017003
311006 125008 196011 101015 151013 104024
159033 115031 124013 091011 084012 050006.
018009 333009 327012 283007 204004 330004
PPC002 252006 070004 123010 034006 073005
181005 090009 088014 118007 103010 086014
153014 096017 112011 090017 090013 060007.
020008 309003 273008 158008 316009 250005
263009 312007 271006 054003 135004 118004
082009 189006 271010 195011 143016 123010
104018 137013 PPC002 071009 109008 355008.
015010 360010 084007 137019 167010 176010
209017 189006 163014 094016 084012 360005
350009 256007 157012 104019 121025 119016
171031 150023 119023 117025 117017 057009.
062010 350012 PPC000 273009 339004 016008
249009 344009 PPC000 353006 268008 338009
339005 269003 191009 097013 134019 146015
111018 162022 126023 097024 074010 008010.
048009 320008 006012 338010 277009 002006
279005 072009 070007 PPC000 141007 198013
016012 227009 262003 156006 107015 129023
098022 066021 065010 067008 133015 117012.
071009 081005 358007 048006 206005 296003
261008 336004 349011 025006 199004 010004
302004 346011 194011 212016 238010 146015
143024 146032 143026 107017 061012 016010.
028010 330011 325012 341010 005007 335010
PPC001 259008 327009 079006 PPC000 338010
PPC001 PPC001 348007 196012 233009 271013
306013 259012 273010 270011 286013 335008.
214010 104020 119013 136011 154021 131010
108012 104014 155018 138003 348007 083010
137007 120011 213014 181009 124013 126019
128024 125035 139030 111018 068016 058007.
013005 PPC002 272008 242005 253007 PPC001
274007 298009 PPC000 352006 270005 273011
315008 176007 115007 182011 131017 098021
119028 070013 064010 050012 079017 024007.
313009 272010 350005 272008 258006 PPC001
130004 072005 093007 004005 210007 PPC000
236008 000006 071015 231008 158015 137020
123016 127016 093012 107015 117012 007010.
087020 342008 279009 210007 236007 243009
034004 246009 PPC000 150004 PPC000 313009
PPC001 100012 211007 217017 139017 213017
176020 135014 126012 115018 080006 348007.
235008 349009 264008 002003 069010 116005
102012 174004 097008 336004 159004 219006
006006 196010 107010 101019 146019 160018
122029 150023 137018 160012 165015 157021.
168014 162011 176010 206014 190018 090008
098008 131014 163018 129018 116023 134013
108014 088021 132023 149019 118016 135021
137024 097020 155015 093024 100013 132009.
103008 112009 262012 249017 219012 279010
250008 011007 004007 153007 071012 110017
121010 133014 094019 127013 117012 077008
052004 161009 PPC000 102009 122007 141008.
123007 077007 102009 006005 334007 266008
304005 271006 009006 328006 313010 332015
276003 327008 283005 148013 261011 149023
127014 125010 281017 097003 278028 298019.
311017 307021 273024 279035 281024 285018
287018 316014 307011 298017 319020 295015
283010 286016 297012 295014 206013 190015
120017 129018 142029 111020 064012 330009.
323012 343008 347006 006008 037010 010006
033005 333009 358006 291009 103007 310005
105006 330011 263009 112012 079012 100020
114014 129018 146015 108018 098013 PPC002.
357005 353006 350008 335004 262009 280007
332007 PPC000 090013 322006 209006 096010
167011 175018 132022 176034 137025 169039
162035 105034 132025 117025 102028 174029=
007004 329010 005010 036005 060014 040010
087011 045003 157016 117014 158009 080013
092018 125021 141021 121021 080017 146014
245010 135017 130017 130022 108017 127011.
102014 089015 104017 104016 045005 343005
000003 PPC002 123016 104019 078017 105020
097011 121015 125022 077018 195015 114016
092017 140021 124024 112018 120018 080014.
073008 097009 194006 247006 254007 181010
112004 279003 231011 263010 326005 265011
254011 225017 244010 231016 257009 196007
222008 145011 089010 077009 073005 057007.
173009 270006 270010 307008 PPC002 324003
319004 272012 287012 279007 239006 174005
182009 010008 285006 177012 118018 130023
133026 132029 123021 111013 067013 077008.
002012 260009 333009 219010 253008 331006
299007 258007 280007 PPC001 252006 289004
351007 326007 099011 143013 138017 134017
122019 129015 099018 103010 051008 124005.
000013 334008 302007 260008 333003 350006
271005 276005 338007 360005 035005 316007
282008 323007 112010 287009 182010 135007
232006 279005 282008 232008 303005 238005.
PPC002 320009 253009 251010 260010 272012
064009 019009 188003 294007 278005 346007
099003 355008 216011 151015 130018 124020
171022 141025 150018 121010 115007 065008.
336011 359007 092005 052006 343008 356006
055008 011007 266010 PPC002 317003 065005
303009 311011 331009 128022 133010 144018
131022 124025 129022 146012 066006 355006.
225004 341009 294006 248007 272008 341007
075008 352007 PPC000 235006 PPC001 119007
166009 162010 149013 137014 127016 105018
108015 108020 108020 113017 123017 162016.
118012 143007 199008 110012 157009 281008
260010 314004 261011 305004 256011 352003
068010 151011 158011 237007 236006 288005
229007 206006 130013 106014 094009 096013.
099014 124003 311003 278006 PPC002 PPC002
152003 092004 162008 160019 134017 055008
170004 161011 142018 167016 208009 167016
136019 143018 113019 115015 108015 064006.
359010 316007 257006 338009 325005 343008
327012 289006 288006 287007 309005 215009
307006 235010 208010 103017 145013 133022
138029 135033 143020 092014 083018 066016.
082017 001005 331008 266010 303008 343008
234007 278009 259006 PPC001 359004 PPC002
325007 191007 160011 112014 108013 129020
159030 124031 124022 097013 084010 045007.
028008 335010 333012 306006 233005 268005
326004 249006 076003 147010 034008 052006
116004 113008 099012 147009 167011 112012
159017 109012 116011 101016 090014 070008.
035005 PPC001 278007 153007 331008 268006
256010 307007 301004 345004 103005 141005
083008 250005 298009 183009 152017 122012
119016 130015 PPC002 067012 113008 352008.
352012 018009 110006 147018 160012 180015
216016 196006 162014 092014 083013 349004
349009 260007 145012 120024 121025 117025
160028 154025 122024 128027 117018 064009.
076010 345011 328004 256009 285007 356007
286007 349009 PPC002 329007 PPC002 319009
345005 250008 231011 124013 147017 148021
116021 136025 114022 100023 072010 026007.
038009 341009 010016 342009 261008 351008
291003 034006 007005 PPC000 067006 105005
008009 196008 PPC002 206004 126014 128025
096019 068013 049009 068011 127010 118015.
077010 041005 355004 032006 168005 292006
262009 348006 353009 010007 PPC001 PPC002
267006 341011 194013 174014 177014 135013
135021 152030 142025 110017 061013 023010.
036009 327010 320009 341008 356007 331009
336004 252007 329009 096006 PPC002 318007
237003 144008 012008 184012 204009 271015
273013 264017 269011 266013 295010 284012.
233010 115018 096010 140010 157015 134013
120012 097012 151018 156005 302007 076006
092010 214007 225015 196011 088012 130016
141028 126026 152032 117016 068016 059011.
026008 048006 274011 258006 257009 PPC001
278008 263008 PPC000 342007 304005 285008
333006 223010 149007 172012 141019 137018
132022 097015 061011 057013 076017 049009.
305006 269011 308006 297009 217004 235004
196003 039006 106008 010007 184005 300006
217007 281009 069014 158009 135015 129019
147017 130015 092011 108015 111012 017008.
082014 333007 272009 234007 233006 244009
353003 239008 PPC002 PPC002 256003 328007
317003 091011 279008 185020 125016 145015
149016 142014 125013 107014 088009 354006.
256009 341007 298007 PPC002 045007 165005
123011 PPC002 110008 229003 256004 182003
356006 173010 105013 101018 137018 157023
127030 150022 137022 156014 156017 153022.
167013 166011 172010 203015 181014 145008
110009 130013 154014 137017 121021 121015
108014 098018 132023 192013 115017 122019
147018 099018 152016 099020 120015 130010.
099011 105014 260012 261015 236011 260010
232007 006004 004006 162009 089014 106013
102010 122012 098012 106015 121013 093007
083007 142006 117004 105008 109007 120008.
117007 071007 093008 344006 329007 262010
273007 282005 333007 311003 312010 326012
320006 326007 317003 134010 236013 148017
149012 124011 285013 170004 278024 288027.
292019 303018 273020 278031 283019 280017
284019 316015 300013 309013 318019 304011
289012 286017 291015 300013 281009 170017
138015 127024 141026 102018 063012 335009.
330012 341008 332008 006008 019006 038008
037007 351009 336010 276008 150007 264004
134003 334011 276009 135009 103015 140018
136017 129019 136014 107013 108015 PPC001.
354008 346008 355008 328007 308012 289006
320005 PPC001 118010 315010 234005 113017
145010 168015 149022 158032 164031 155039
156039 115031 119025 114023 119026 162023=
028131 1032 040139 1018
025101 0616 038096 1707
018193 1005 026162 0956
032130 1553 051130 1630
023133 1623 033139 1615
016005 2117 023003 2117
026186 1449 038079 1548
031114 1615 050096 1613
025101 1553 030094 1549
015168 2001 020074 2051
023133 1540 039162 1734
036131 1540 049122 1513
033157 1542 047147 1536
020094 1815 027096 1840
022100 1532 029051 1531
033166 1506 049184 1458
029151 1449 040153 1557
026129 1356 039133 1353
032159 1554 044164 1551
019273 1423 028283 1747
036131 1517 048128 1541
026094 1526 040082 1518
023143 1404 031085 1439
021170 1213 031187 1335
032147 1435 045128 1440
024134 1059 034119 1056
019281 2334 032230 0008
031287 1953 044261 1946
031278 0000 044255 0000
025136 1542 033096 1401
043159 1502 059156 1457=
DB
0091 0091 0096 0099 0096 0091 0070 0079 0058 0048 0040 0058
0100 0147 0184 0219 0227 0205 0168 0125 0102 0087 0083 0080 0244 1248 0039 0714.
0077 0070 0050 0045 0061 0066 0065 0056 0049 0038 0033 0049
0111 0143 0184 0203 0212 0199 0181 0137 0099 0087 0082 0065 0221 1312 0032 0640.
0055 0049 0044 0066 0068 0059 0048 0054 0061 0064 0067 0067
0067 0065 0077 0079 0077 0094 0105 0089 0082 0075 0060 0048 0123 1436 0043 2254.
0037 0039 0037 0035 0028 0032 0035 0037 0040 0022 0014 0045
0067 0101 0190 0227 0217 0216 0185 0137 0101 0069 0059 0052 0231 1210 0013 0705.
0045 0037 0033 0028 0031 0023 0023 0017 0014 0012 0010 0026
0084 0145 0194 0226 0226 0199 0145 0136 0113 0074 0062 0052 0237 1321 0010 0700.
0049 0040 0037 0032 0028 0024 0020 0017 0015 0013 0035 0052
0099 0107 0200 0170 0171 0165 0145 0118 0101 0095 0092 0090 0214 1109 0013 0530.
0088 0085 0085 0083 0082 0080 0076 0060 0057 0044 0039 0043
0109 0167 0181 0209 0238 0245 0212 0163 0116 0082 0073 0066 0254 1330 0037 0707.
0061 0073 0078 0047 0040 0036 0030 0025 0021 0017 0013 0029
0090 0152 0219 0235 0249 0245 0191 0151 0094 0066 0054 0049 0253 1308 0013 0644.
0051 0059 0064 0066 0066 0068 0066 0065 0066 0067 0069 0069
0079 0088 0100 0104 0093 0088 0083 0076 0067 0064 0056 0052 0107 1208 0048 2027.
0053 0055 0054 0052 0054 0055 0054 0053 0051 0053 0051 0055
0061 0073 0094 0108 0099 0104 0105 0103 0083 0068 0066 0064 0109 1141 0050 0010.
0062 0061 0061 0061 0060 0060 0059 0059 0058 0050 0049 0055
0074 0095 0134 0133 0135 0114 0102 0086 0070 0057 0038 0024 0152 1132 0023 1946.
0028 0017 0029 0009 0001 -001 -005 -009 -011 -012 -015 -003
0052 0132 0193 0218 0227 0222 0185 0141 0084 0047 0036 0027 0237 1211 -015 0629.
0019 0009 0003 -002 -004 -008 -013 -010 -015 -016 -017 -003
0065 0132 0201 0225 0246 0230 0207 0152 0098 0061 0041 0035 0255 1330 -017 0508.
0026 0019 0017 0012 0013 0038 0043 0045 0046 0047 0048 0052
0064 0092 0112 0136 0141 0128 0111 0102 0086 0074 0070 0068 0145 1307 0008 0037.
0066 0066 0066 0065 0064 0064 0063 0062 0062 0062 0062 0063
0073 0090 0114 0154 0160 0155 0144 0122 0099 0079 0074 0051 0169 1336 0050 1957.
0041 0029 0026 0019 0031 0033 0034 0030 0018 0001 0009 0006
0076 0140 0188 0208 0216 0221 0198 0141 0078 0048 0032 0009 0232 1223 -006 0732.
0001 -005 -011 -016 -018 -009 -009 0003 -003 -015 -023 -010
0059 0145 0203 0236 0216 0244 0220 0160 0085 0056 0030 0020 0248 1235 -025 0715.
0008 0001 0006 -008 -012 -012 0015 0022 0025 0026 0028 0037
0061 0102 0078 0084 0080 0101 0097 0084 0067 0057 0053 0051 0110 0953 -013 0106.
0047 0038 0029 0032 0011 0002 -003 -010 -012 -015 -021 -008
0063 0144 0209 0252 0266 0264 0237 0178 0116 0076 0050 0038 0278 1332 -022 0709.
0031 0021 0013 0010 0006 0001 -003 -006 -006 -011 -013 -003
0044 0066 0084 0101 0136 0127 0111 0114 0064 0034 0032 0029 0138 1302 -014 0710.
0023 0030 0021 0033 0031 0029 0017 0026 0021 -007 -013 -006
0052 0125 0170 0213 0220 0213 0170 0126 0076 0040 0020 0005 0224 1231 -018 0725.
-002 -012 -017 -022 -025 -030 -033 -036 -037 -040 -040 -029
0036 0112 0178 0212 0214 0216 0169 0134 0080 0039 0026 0016 0226 1322 -043 0640.
0004 0000 0035 0039 0040 0041 0039 0036 0002 -006 -014 -006
0044 0097 0145 0182 0198 0208 0196 0155 0095 0059 0047 0029 0216 1336 -015 0708.
0022 0014 0007 0002 -001 -006 -008 -010 -012 -014 -016 -007
0045 0105 0161 0187 0216 0229 0216 0172 0108 0069 0048 0064 0235 1405 -016 0645.
0070 0070 0069 0067 0066 0064 0064 0063 0063 0060 0059 0061
0077 0083 0120 0132 0146 0163 0159 0113 0093 0079 0074 0071 0170 1451 0059 0652.
0067 0065 0063 0061 0060 0058 0058 0056 0053 0051 0049 0050
0061 0091 0087 0126 0120 0119 0105 0084 0074 0065 0062 0060 0128 1325 0049 0641.
0059 0056 0057 0048 0049 0051 0052 0052 0052 0053 0052 0052
0064 0072 0075 0093 0090 0083 0084 0085 0073 0064 0061 0054 0095 1205 0045 0019.
0052 0051 0028 0028 0013 0001 -004 -009 -012 -016 -017 -008
0047 0111 0180 0232 0264 0275 0279 0227 0140 0078 0076 0081 0286 1458 -018 0701.
0057 0055 0053 0059 0040 0036 0037 0016 0015 0006 0015 0012
0086 0155 0211 0263 0300 0313 0305 0244 0159 0107 0073 0054 0320 1410 0002 0718.
0043 0034 0027 0021 0007 0009 -001 -005 -011 -015 -018 -009
0068 0133 0190 0234 0266 0281 0281 0220 0149 0090 0082 0054 0286 1410 -018 0651.
0046 0036 0033 0023 0018 0013 0006 0002 0012 0010 0002 0021
0075 0134 0179 0198 0222 0210 0196 0170 0102 0081 0072 0071 0229 1304 -001 0646=
0112 0109 0109 0109 0110 0109 0107 0102 0098 0092 0086 0081
0085 0096 0112 0130 0146 0154 0153 0145 0134 0123 0115 0109.
0105 0102 0095 0089 0086 0087 0088 0087 0084 0080 0075 0072
0076 0086 0102 0119 0133 0142 0144 0139 0129 0118 0111 0105.
0098 0092 0086 0085 0087 0087 0084 0081 0081 0082 0083 0083
0084 0085 0086 0088 0090 0093 0100 0101 0098 0095 0092 0085.
0079 0073 0070 0068 0066 0064 0064 0063 0064 0062 0057 0054
0062 0072 0091 0114 0132 0140 0141 0135 0123 0111 0100 0094.
0087 0081 0076 0071 0069 0065 0062 0059 0056 0053 0051 0050
0055 0071 0092 0114 0130 0140 0134 0128 0122 0112 0102 0094.
0087 0082 0077 0073 0069 0065 0062 0059 0056 0053 0055 0058
0067 0077 0094 0109 0115 0122 0123 0119 0114 0109 0105 0103.
0101 0100 0098 0096 0095 0095 0094 0089 0084 0080 0075 0072
0075 0090 0107 0125 0142 0152 0155 0148 0137 0124 0113 0105.
0099 0095 0096 0091 0084 0079 0074 0070 0066 0062 0059 0056
0062 0077 0099 0120 0136 0145 0147 0139 0124 0111 0100 0093.
0088 0085 0085 0085 0085 0085 0085 0084 0084 0083 0083 0084
0085 0087 0090 0092 0094 0093 0091 0089 0086 0084 0081 0079.
0079 0078 0077 0076 0075 0075 0074 0074 0073 0072 0072 0072
0073 0075 0080 0088 0092 0093 0095 0097 0096 0091 0087 0084.
0082 0081 0079 0078 0078 0077 0077 0076 0075 0074 0072 0071
0073 0078 0088 0099 0102 0103 0101 0097 0091 0085 0078 0070.
0064 0062 0058 0055 0050 0046 0042 0039 0035 0034 0031 0029
0033 0051 0075 0096 0112 0124 0126 0119 0106 0092 0081 0073.
0066 0060 0054 0049 0045 0041 0037 0034 0032 0029 0027 0026
0031 0050 0075 0099 0119 0132 0135 0129 0116 0101 0089 0080.
0073 0067 0062 0057 0053 0055 0058 0060 0061 0062 0062 0063
0065 0071 0079 0089 0096 0101 0100 0098 0095 0090 0086 0084.
0082 0081 0080 0079 0078 0078 0077 0077 0076 0076 0075 0075
0076 0079 0085 0095 0105 0113 0115 0112 0108 0101 0096 0090.
0082 0075 0069 0063 0060 0061 0060 0059 0056 0051 0046 0043
0046 0060 0081 0101 0118 0127 0128 0123 0109 0092 0079 0070.
0062 0055 0049 0044 0039 0037 0034 0035 0036 0033 0029 0026
0030 0048 0073 0098 0116 0127 0131 0125 0111 0095 0082 0073.
0065 0058 0052 0047 0043 0039 0039 0043 0045 0046 0047 0049
0053 0061 0066 0069 0072 0074 0079 0079 0077 0073 0070 0068.
0066 0064 0060 0058 0054 0049 0043 0039 0035 0031 0028 0026
0030 0049 0075 0102 0123 0138 0142 0136 0123 0108 0095 0085.
0078 0071 0064 0059 0054 0051 0047 0043 0040 0037 0034 0032
0036 0049 0059 0067 0077 0083 0088 0089 0084 0074 0067 0062.
0058 0055 0053 0053 0053 0052 0050 0048 0048 0043 0037 0032
0033 0047 0067 0089 0107 0117 0119 0111 0098 0084 0072 0062.
0055 0048 0042 0037 0032 0028 0024 0021 0017 0015 0012 0010
0015 0032 0057 0081 0101 0113 0117 0107 0098 0084 0072 0064.
0056 0050 0050 0053 0054 0055 0055 0055 0050 0043 0038 0034
0036 0049 0069 0089 0106 0118 0121 0118 0108 0094 0083 0075.
0067 0061 0056 0051 0047 0043 0039 0037 0034 0031 0029 0027
0031 0047 0068 0091 0109 0122 0128 0126 0115 0101 0089 0081.
0081 0080 0080 0079 0078 0077 0076 0075 0075 0074 0073 0072
0074 0076 0082 0092 0099 0106 0109 0107 0100 0093 0087 0083.
0080 0078 0076 0075 0073 0072 0071 0070 0068 0066 0065 0063
0064 0068 0075 0080 0088 0093 0094 0090 0086 0081 0078 0075.
0074 0072 0071 0070 0069 0068 0068 0068 0067 0067 0067 0066
0067 0070 0073 0076 0080 0081 0081 0081 0081 0078 0076 0073.
0071 0069 0066 0061 0057 0051 0046 0042 0038 0035 0032 0029
0033 0050 0076 0103 0127 0143 0149 0147 0135 0118 0103 0093.
0086 0079 0075 0071 0067 0064 0059 0056 0052 0049 0046 0043
0048 0066 0092 0120 0143 0160 0167 0162 0148 0131 0116 0104.
0094 0086 0079 0073 0066 0061 0056 0052 0048 0043 0040 0037
0041 0060 0085 0110 0132 0147 0154 0151 0140 0124 0111 0101.
0092 0085 0079 0073 0068 0063 0059 0055 0052 0050 0048 0046
0051 0067 0088 0107 0123 0133 0132 0131 0119 0106 0094 0089=
0120 0119 0117 0117 0116 0116 0116 0113 0111 0108 0104 0100
0098 0100 0106 0114 0124 0133 0139 0140 0137 0132 0127 0122.
0119 0116 0112 0108 0104 0102 0101 0100 0099 0097 0094 0091
0089 0092 0097 0105 0115 0123 0129 0131 0130 0126 0122 0118.
0113 0109 0105 0101 0100 0100 0098 0096 0094 0094 0094 0094
0094 0094 0094 0095 0096 0097 0099 0102 0103 0102 0101 0099.
0095 0091 0088 0086 0084 0082 0080 0079 0078 0078 0076 0073
0073 0076 0082 0093 0105 0116 0122 0125 0123 0119 0113 0108.
0103 0099 0094 0091 0087 0085 0082 0079 0076 0074 0072 0069
0069 0072 0080 0092 0104 0114 0120 0120 0119 0117 0112 0107.
0102 0098 0094 0091 0087 0084 0081 0079 0076 0074 0072 0072
0073 0078 0084 0093 0101 0106 0111 0113 0112 0111 0109 0107.
0106 0105 0104 0103 0102 0101 0100 0099 0097 0094 0091 0088
0086 0089 0096 0105 0115 0125 0132 0135 0134 0129 0123 0118.
0113 0109 0106 0105 0101 0097 0093 0090 0086 0083 0080 0077
0076 0079 0087 0098 0109 0119 0126 0128 0126 0120 0114 0108.
0104 0100 0098 0096 0096 0095 0095 0094 0093 0093 0092 0092
0092 0093 0094 0095 0096 0097 0097 0096 0095 0094 0092 0091.
0089 0089 0088 0087 0086 0085 0085 0084 0084 0083 0083 0082
0082 0082 0084 0087 0090 0092 0094 0096 0097 0097 0095 0093.
0091 0090 0089 0088 0087 0086 0086 0085 0085 0084 0083 0082
0081 0083 0086 0091 0096 0099 0100 0100 0098 0095 0092 0088.
0083 0080 0077 0074 0071 0068 0065 0062 0059 0056 0054 0052
0050 0054 0062 0074 0086 0097 0105 0108 0106 0101 0095 0090.
0084 0080 0075 0071 0067 0064 0061 0058 0055 0052 0050 0048
0047 0051 0060 0073 0087 0099 0108 0112 0111 0107 0101 0095.
0089 0084 0080 0076 0073 0070 0070 0070 0071 0071 0071 0072
0072 0074 0077 0081 0087 0091 0094 0095 0095 0094 0092 0090.
0089 0088 0087 0086 0085 0085 0084 0084 0083 0083 0083 0082
0082 0083 0085 0088 0094 0099 0104 0106 0106 0104 0102 0099.
0095 0091 0086 0082 0078 0076 0075 0074 0072 0070 0067 0064
0062 0064 0071 0081 0092 0102 0108 0112 0110 0104 0097 0090.
0084 0078 0073 0069 0064 0061 0058 0056 0055 0054 0052 0049
0047 0050 0059 0072 0085 0097 0105 0109 0108 0102 0096 0090.
0084 0078 0074 0069 0065 0062 0059 0058 0058 0059 0059 0059
0060 0063 0067 0070 0072 0074 0076 0078 0079 0078 0077 0076.
0074 0073 0072 0070 0068 0065 0062 0059 0055 0053 0050 0047
0046 0049 0058 0072 0087 0100 0110 0115 0114 0110 0103 0097.
0092 0087 0082 0078 0074 0070 0067 0063 0060 0058 0055 0053
0051 0054 0059 0064 0069 0075 0079 0083 0084 0082 0078 0074.
0071 0069 0067 0065 0064 0064 0063 0061 0060 0059 0056 0053
0050 0052 0058 0069 0080 0091 0098 0100 0098 0093 0087 0080.
0075 0069 0065 0060 0056 0052 0049 0045 0042 0039 0037 0034
0033 0036 0045 0058 0071 0083 0092 0095 0093 0089 0083 0078.
0072 0068 0064 0063 0063 0064 0064 0064 0063 0060 0056 0053
0050 0052 0059 0069 0080 0091 0098 0102 0102 0098 0092 0087.
0081 0077 0073 0069 0065 0062 0059 0056 0053 0051 0049 0047
0045 0048 0056 0068 0081 0092 0101 0106 0106 0102 0097 0091.
0088 0086 0085 0084 0083 0083 0082 0081 0080 0080 0079 0079
0078 0079 0081 0085 0089 0094 0098 0101 0100 0097 0094 0091.
0088 0086 0085 0083 0082 0081 0080 0079 0078 0076 0075 0074
0073 0073 0076 0078 0082 0086 0089 0090 0089 0087 0085 0083.
0082 0080 0079 0078 0077 0076 0076 0075 0075 0074 0074 0074
0074 0074 0076 0077 0079 0081 0082 0082 0083 0082 0081 0080.
0079 0077 0076 0074 0071 0068 0064 0061 0058 0055 0052 0049
0048 0051 0061 0074 0090 0104 0114 0120 0121 0116 0109 0103.
0097 0092 0088 0084 0081 0078 0075 0072 0069 0066 0064 0061
0060 0064 0074 0088 0103 0118 0129 0134 0134 0129 0121 0114.
0107 0101 0095 0090 0086 0081 0077 0073 0069 0065 0062 0059
0057 0060 0070 0083 0097 0111 0121 0126 0127 0123 0116 0110.
0104 0098 0094 0089 0085 0081 0077 0074 0071 0068 0066 0064
0063 0066 0075 0086 0097 0106 0113 0115 0115 0110 0104 0099=
0127 0126 0125 0124 0124 0123 0123 0122 0121 0119 0117 0115
0112 0111 0112 0115 0119 0125 0130 0134 0135 0134 0133 0130.
0128 0125 0123 0121 0118 0116 0114 0113 0111 0110 0108 0106
0104 0103 0104 0107 0112 0117 0122 0126 0128 0128 0127 0125.
0122 0120 0117 0115 0112 0111 0110 0109 0107 0106 0105 0105
0104 0104 0104 0104 0104 0105 0105 0107 0108 0108 0108 0108.
0106 0104 0102 0100 0098 0096 0095 0093 0092 0091 0090 0089
0087 0087 0089 0093 0099 0106 0112 0116 0119 0119 0117 0115.
0112 0110 0107 0104 0101 0099 0097 0095 0092 0090 0088 0086
0085 0084 0086 0091 0097 0104 0110 0114 0116 0116 0115 0113.
0111 0108 0106 0103 0101 0098 0096 0094 0092 0090 0088 0086
0086 0087 0089 0092 0097 0102 0106 0109 0111 0111 0111 0111.
0110 0110 0109 0108 0108 0107 0107 0106 0105 0104 0102 0100
0098 0097 0099 0103 0108 0114 0120 0125 0127 0127 0126 0123.
0121 0118 0115 0113 0112 0109 0107 0104 0101 0099 0096 0094
0092 0091 0092 0097 0103 0109 0115 0119 0122 0121 0119 0116.
0113 0111 0108 0107 0106 0105 0104 0103 0102 0102 0101 0101
0100 0100 0100 0101 0102 0103 0103 0103 0102 0102 0101 0100.
0099 0098 0097 0097 0096 0095 0095 0094 0094 0093 0092 0092
0092 0091 0092 0092 0094 0096 0097 0098 0100 0100 0100 0100.
0099 0098 0097 0096 0096 0095 0095 0094 0093 0093 0092 0092
0091 0091 0091 0093 0096 0098 0100 0102 0102 0101 0100 0098.
0096 0093 0091 0089 0086 0084 0082 0079 0077 0075 0073 0071
0069 0068 0070 0074 0081 0088 0094 0099 0102 0102 0101 0098.
0095 0092 0089 0086 0084 0081 0078 0075 0073 0071 0069 0067
0065 0065 0067 0072 0079 0087 0094 0100 0104 0104 0103 0101.
0098 0095 0092 0089 0087 0084 0083 0082 0081 0081 0081 0081
0081 0081 0082 0084 0087 0090 0092 0095 0096 0096 0096 0095.
0095 0094 0093 0093 0092 0092 0091 0091 0091 0090 0090 0090
0089 0089 0090 0091 0093 0096 0099 0102 0104 0104 0104 0103.
0102 0100 0097 0094 0092 0089 0088 0086 0085 0083 0081 0079
0077 0076 0077 0081 0086 0093 0098 0103 0105 0105 0103 0100.
0096 0093 0089 0086 0082 0079 0076 0074 0072 0071 0069 0067
0065 0064 0066 0071 0078 0085 0092 0098 0101 0101 0100 0097.
0094 0091 0088 0084 0081 0079 0076 0074 0073 0072 0072 0071
0071 0072 0073 0075 0077 0078 0079 0081 0082 0083 0083 0082.
0082 0081 0080 0079 0078 0077 0075 0073 0071 0069 0067 0065
0063 0062 0064 0069 0076 0084 0092 0099 0103 0104 0103 0101.
0098 0095 0093 0090 0087 0084 0081 0079 0076 0074 0072 0070
0068 0067 0068 0070 0072 0075 0078 0081 0084 0085 0084 0082.
0081 0079 0078 0076 0075 0074 0074 0073 0072 0071 0070 0068
0066 0065 0065 0069 0074 0081 0087 0091 0094 0094 0092 0089.
0086 0083 0079 0076 0073 0070 0067 0065 0062 0059 0057 0055
0053 0052 0054 0058 0064 0072 0079 0084 0088 0088 0087 0085.
0082 0079 0077 0074 0073 0073 0073 0072 0072 0071 0069 0067
0065 0064 0065 0069 0074 0080 0086 0091 0094 0095 0094 0092.
0089 0087 0084 0081 0079 0076 0074 0071 0069 0067 0065 0063
0061 0061 0062 0067 0073 0080 0087 0093 0096 0098 0097 0095.
0093 0091 0090 0089 0089 0088 0088 0087 0087 0086 0086 0085
0085 0084 0085 0086 0088 0091 0094 0096 0098 0098 0097 0096.
0094 0093 0092 0091 0089 0088 0088 0087 0086 0085 0084 0083
0082 0081 0082 0083 0084 0086 0088 0090 0091 0091 0090 0089.
0088 0087 0087 0086 0085 0084 0084 0083 0083 0082 0082 0082
0081 0081 0081 0082 0083 0084 0085 0086 0086 0086 0086 0086.
0085 0085 0084 0083 0081 0079 0077 0075 0073 0070 0068 0066
0064 0063 0065 0070 0078 0086 0095 0102 0107 0109 0108 0105.
0102 0099 0096 0094 0091 0089 0087 0085 0082 0080 0078 0076
0074 0074 0075 0081 0089 0098 0107 0114 0118 0120 0118 0116.
0112 0109 0105 0101 0098 0095 0091 0088 0085 0082 0079 0076
0074 0073 0075 0079 0087 0095 0103 0109 0114 0115 0114 0112.
0109 0106 0103 0100 0097 0094 0091 0088 0085 0083 0081 0079
0077 0077 0078 0083 0089 0095 0101 0105 0108 0108 0107 0104=
0129 0129 0128 0127 0127 0126 0126 0126 0125 0124 0123 0122
0120 0119 0118 0118 0120 0122 0125 0128 0131 0132 0132 0131.
0130 0129 0128 0126 0125 0123 0121 0120 0119 0118 0116 0115
0113 0112 0111 0112 0113 0115 0118 0121 0124 0125 0126 0126.
0125 0124 0122 0121 0119 0118 0116 0115 0114 0113 0112 0111
0111 0110 0110 0110 0109 0110 0110 0110 0111 0111 0111 0112.
0111 0110 0109 0108 0106 0105 0104 0102 0101 0100 0099 0098
0097 0096 0096 0097 0099 0102 0106 0110 0113 0115 0116 0116.
0115 0114 0112 0111 0109 0107 0105 0104 0102 0100 0099 0097
0096 0094 0094 0095 0097 0100 0104 0108 0111 0113 0114 0114.
0113 0112 0110 0109 0107 0106 0104 0102 0101 0099 0098 0096
0095 0094 0095 0095 0098 0100 0103 0105 0107 0109 0110 0110.
0110 0110 0110 0110 0110 0110 0109 0109 0109 0108 0107 0106
0104 0103 0103 0104 0106 0109 0113 0116 0119 0121 0122 0122.
0121 0120 0118 0117 0116 0114 0113 0111 0109 0107 0105 0103
0102 0100 0099 0100 0102 0105 0109 0113 0116 0117 0118 0117.
0116 0114 0113 0112 0110 0109 0109 0108 0107 0107 0106 0106
0105 0105 0105 0105 0105 0105 0105 0106 0105 0105 0105 0104.
0104 0103 0103 0102 0101 0101 0100 0100 0099 0099 0098 0098
0097 0097 0097 0097 0097 0098 0099 0100 0101 0101 0102 0102.
0102 0102 0101 0101 0100 0100 0099 0099 0098 0098 0097 0097
0097 0096 0096 0096 0097 0099 0100 0101 0102 0102 0102 0102.
0101 0099 0098 0096 0095 0093 0091 0090 0088 0086 0084 0083
0081 0079 0079 0080 0082 0085 0089 0093 0097 0099 0100 0099.
0098 0097 0095 0094 0092 0090 0088 0086 0084 0082 0080 0079
0077 0076 0075 0076 0079 0083 0087 0092 0096 0099 0100 0100.
0099 0098 0097 0095 0093 0092 0090 0089 0088 0087 0087 0086
0086 0086 0086 0087 0088 0090 0091 0093 0094 0095 0096 0096.
0096 0096 0096 0095 0095 0095 0094 0094 0094 0094 0093 0093
0093 0093 0093 0093 0094 0095 0097 0099 0101 0102 0103 0103.
0103 0102 0101 0099 0098 0096 0094 0093 0092 0091 0089 0088
0086 0085 0084 0085 0087 0090 0093 0097 0100 0101 0102 0101.
0100 0098 0096 0094 0091 0089 0087 0085 0083 0081 0080 0078
0077 0075 0075 0075 0078 0082 0086 0090 0094 0096 0097 0097.
0096 0095 0093 0091 0089 0087 0085 0083 0082 0081 0080 0079
0078 0078 0078 0079 0080 0081 0081 0082 0083 0084 0085 0085.
0085 0085 0084 0084 0083 0083 0082 0081 0079 0078 0076 0075
0073 0072 0071 0072 0075 0079 0084 0089 0093 0096 0098 0098.
0098 0096 0095 0094 0092 0090 0088 0086 0084 0083 0081 0079
0078 0076 0075 0075 0076 0077 0079 0081 0083 0084 0085 0085.
0084 0084 0083 0082 0081 0080 0080 0079 0078 0077 0077 0076
0074 0073 0072 0073 0075 0078 0081 0085 0088 0090 0091 0090.
0089 0087 0085 0084 0081 0079 0077 0075 0073 0071 0069 0067
0065 0064 0063 0064 0066 0070 0074 0078 0082 0084 0085 0085.
0084 0083 0082 0080 0079 0078 0078 0077 0077 0076 0075 0074
0073 0072 0071 0072 0074 0077 0080 0084 0087 0090 0091 0091.
0090 0089 0088 0086 0084 0083 0081 0079 0077 0076 0074 0073
0071 0070 0069 0070 0072 0076 0080 0084 0088 0091 0092 0093.
0092 0091 0091 0090 0090 0090 0089 0089 0088 0088 0088 0087
0087 0087 0087 0087 0088 0089 0091 0093 0094 0095 0096 0095.
0095 0094 0094 0093 0092 0091 0091 0090 0089 0089 0088 0087
0087 0086 0085 0085 0086 0087 0088 0089 0090 0091 0091 0091.
0090 0090 0089 0089 0088 0088 0087 0087 0086 0086 0086 0085
0085 0085 0084 0084 0085 0085 0086 0086 0087 0087 0088 0088.
0087 0087 0087 0086 0085 0084 0083 0082 0080 0079 0077 0075
0074 0072 0072 0073 0076 0080 0085 0090 0095 0098 0100 0101.
0100 0099 0098 0096 0095 0093 0091 0090 0088 0087 0085 0084
0082 0081 0080 0081 0084 0089 0094 0100 0104 0108 0109 0110.
0109 0108 0106 0104 0102 0100 0097 0095 0093 0090 0088 0086
0084 0082 0081 0082 0085 0088 0093 0098 0102 0105 0107 0107.
0107 0106 0104 0102 0100 0098 0097 0094 0093 0091 0089 0087
0085 0084 0084 0084 0087 0090 0094 0097 0100 0102 0103 0102=
0146 0146 0146 0146 0146 0146 0146 0146 0146 0146 0146 0145
0145 0145 0145 0145 0144 0144 0144 0144 0144 0144 0144 0144.
0144 0144 0144 0144 0144 0144 0143 0143 0143 0143 0142 0142
0142 0142 0141 0141 0141 0140 0140 0140 0140 0140 0140 0140.
0140 0140 0140 0140 0140 0140 0139 0139 0139 0139 0138 0138
0138 0138 0137 0137 0137 0137 0137 0136 0136 0136 0136 0136.
0135 0135 0135 0135 0135 0135 0134 0134 0134 0133 0133 0133
0132 0132 0132 0131 0131 0131 0131 0131 0131 0131 0131 0131.
0131 0131 0131 0131 0131 0131 0131 0130 0130 0130 0129 0129
0129 0129 0128 0128 0127 0127 0127 0127 0127 0127 0127 0127.
0127 0127 0127 0127 0127 0127 0127 0127 0127 0127 0126 0126
0126 0126 0125 0125 0125 0125 0125 0124 0124 0125 0125 0125.
0125 0125 0125 0125 0125 0125 0125 0126 0126 0126 0126 0126
0126 0126 0126 0126 0126 0125 0126 0126 0126 0126 0126 0126.
0127 0127 0127 0127 0127 0127 0127 0127 0127 0127 0127 0126
0126 0126 0126 0125 0125 0125 0125 0125 0125 0125 0125 0125.
0125 0125 0125 0125 0125 0125 0125 0125 0125 0125 0124 0124
0124 0124 0124 0124 0124 0124 0124 0124 0124 0124 0124 0124.
0123 0123 0123 0123 0123 0123 0123 0123 0123 0123 0123 0122
0122 0122 0122 0122 0122 0122 0121 0121 0121 0121 0121 0121.
0121 0121 0121 0121 0121 0121 0121 0121 0121 0121 0121 0121
0121 0121 0121 0120 0120 0120 0120 0120 0120 0120 0120 0120.
0120 0120 0120 0120 0120 0120 0120 0119 0119 0119 0118 0118
0118 0117 0117 0116 0116 0116 0115 0115 0115 0115 0115 0115.
0115 0115 0115 0115 0115 0115 0115 0115 0114 0114 0114 0113
0113 0112 0112 0112 0112 0111 0111 0111 0111 0111 0111 0111.
0111 0111 0112 0112 0112 0112 0112 0112 0111 0111 0111 0111
0111 0111 0111 0111 0110 0110 0111 0111 0111 0111 0111 0111.
0111 0111 0111 0111 0112 0112 0112 0112 0112 0112 0112 0112
0112 0112 0112 0112 0112 0112 0112 0112 0112 0113 0113 0113.
0113 0113 0114 0114 0114 0114 0114 0114 0113 0113 0113 0113
0113 0112 0112 0112 0112 0112 0111 0111 0111 0111 0111 0112.
0112 0112 0112 0112 0112 0111 0111 0111 0111 0110 0110 0110
0109 0109 0108 0108 0108 0107 0107 0107 0107 0107 0107 0107.
0107 0107 0107 0107 0107 0107 0107 0107 0107 0106 0106 0106
0106 0105 0105 0105 0105 0105 0105 0105 0105 0104 0105 0105.
0105 0105 0105 0105 0105 0105 0105 0105 0104 0104 0104 0104
0104 0104 0103 0103 0103 0103 0103 0103 0103 0103 0103 0103.
0104 0104 0104 0104 0104 0105 0104 0104 0104 0104 0104 0104
0104 0104 0103 0103 0103 0103 0102 0102 0102 0102 0102 0102.
0102 0102 0102 0102 0102 0102 0102 0102 0102 0102 0102 0102
0102 0101 0101 0101 0101 0101 0101 0101 0101 0101 0101 0101.
0102 0102 0102 0102 0102 0101 0101 0101 0101 0101 0100 0100
0100 0099 0099 0098 0098 0098 0098 0097 0097 0097 0097 0098.
0098 0098 0098 0098 0098 0098 0098 0098 0098 0097 0097 0097
0097 0097 0097 0097 0097 0097 0097 0097 0097 0097 0097 0097.
0098 0098 0098 0098 0098 0098 0098 0098 0098 0098 0097 0097
0097 0097 0097 0096 0096 0096 0096 0096 0096 0096 0097 0097.
0097 0098 0098 0098 0098 0098 0098 0098 0099 0099 0099 0099
0099 0099 0099 0099 0099 0099 0100 0100 0100 0100 0100 0101.
0101 0101 0101 0101 0101 0102 0102 0102 0102 0102 0102 0102
0102 0102 0102 0102 0102 0102 0102 0102 0102 0102 0102 0102.
0102 0102 0102 0102 0102 0102 0102 0102 0102 0102 0102 0102
0102 0102 0102 0102 0102 0102 0102 0102 0102 0102 0102 0102.
0102 0102 0102 0102 0102 0102 0102 0102 0102 0102 0101 0101
0101 0101 0101 0100 0100 0100 0100 0100 0100 0100 0100 0100.
0101 0101 0101 0101 0102 0102 0102 0102 0102 0102 0102 0102
0102 0102 0101 0101 0101 0101 0101 0101 0102 0102 0102 0103.
0103 0103 0104 0104 0104 0104 0104 0104 0104 0104 0104 0103
0103 0103 0103 0102 0102 0102 0102 0102 0102 0102 0102 0102.
0103 0103 0103 0103 0103 0103 0103 0103 0103 0103 0103 0103
0103 0102 0102 0102 0102 0102 0102 0102 0102 0102 0102 0102=
KB
0162 0162 0162 0162 0162 0162 0162 0162 0162 0162 0162 0162
0162 0162 0162 0162 0162 0162 0162 0161 0161 0161 0161 0161.
0161 0161 0161 0161 0161 0161 0161 0160 0161 0161 0160 0160
0160 0160 0160 0160 0160 0160 0160 0160 0160 0160 0160 0159.
0159 0159 0159 0159 0159 0159 0159 0159 0159 0159 0159 0159
0158 0158 0158 0158 0158 0158 0158 0158 0158 0157 0157 0157.
0157 0157 0157 0157 0157 0156 0156 0156 0156 0156 0156 0156
0156 0156 0155 0155 0155 0155 0155 0155 0155 0155 0154 0154.
0154 0154 0154 0154 0154 0153 0153 0153 0153 0153 0153 0153
0153 0153 0153 0153 0152 0152 0152 0152 0152 0152 0152 0151.
0151 0151 0151 0151 0151 0151 0151 0150 0150 0150 0150 0150
0150 0150 0150 0150 0150 0150 0149 0149 0149 0149 0149 0149.
0149 0148 0148 0148 0148 0148 0148 0148 0148 0148 0148 0148
0148 0148 0148 0147 0147 0147 0147 0147 0147 0147 0147 0147.
0147 0147 0147 0147 0147 0147 0147 0146 0146 0146 0146 0146
0147 0146 0146 0146 0146 0146 0146 0146 0146 0146 0146 0146.
0146 0146 0146 0146 0146 0145 0145 0145 0145 0145 0145 0145
0145 0145 0145 0145 0145 0145 0145 0145 0145 0145 0145 0145.
0144 0144 0144 0144 0144 0144 0144 0144 0144 0144 0144 0144
0144 0144 0144 0144 0143 0143 0143 0143 0143 0143 0143 0143.
0143 0143 0143 0143 0143 0143 0142 0142 0142 0142 0142 0142
0142 0142 0142 0142 0142 0142 0142 0142 0142 0142 0141 0141.
0141 0141 0141 0141 0141 0141 0141 0141 0141 0141 0141 0141
0140 0141 0141 0140 0140 0140 0140 0140 0140 0140 0140 0140.
0139 0139 0139 0139 0139 0139 0139 0139 0138 0138 0138 0138
0138 0138 0138 0138 0138 0138 0138 0138 0137 0137 0137 0137.
0137 0137 0136 0136 0136 0136 0136 0136 0136 0136 0136 0136
0135 0135 0135 0135 0135 0135 0135 0135 0135 0135 0135 0135.
0134 0134 0134 0134 0134 0134 0134 0134 0134 0134 0134 0134
0134 0134 0134 0134 0134 0134 0134 0134 0134 0134 0133 0133.
0133 0133 0133 0133 0133 0133 0133 0133 0133 0133 0133 0133
0133 0133 0133 0133 0133 0133 0133 0133 0133 0133 0133 0133.
0133 0133 0133 0133 0132 0132 0132 0132 0132 0132 0132 0132
0132 0132 0132 0132 0132 0132 0132 0132 0132 0131 0131 0131.
0131 0131 0131 0131 0131 0131 0131 0130 0130 0130 0130 0130
0130 0130 0130 0130 0130 0130 0130 0129 0129 0129 0129 0129.
0129 0129 0129 0129 0129 0128 0128 0128 0128 0128 0128 0128
0128 0128 0128 0128 0128 0128 0128 0127 0128 0127 0127 0127.
0127 0127 0127 0127 0127 0127 0127 0126 0126 0126 0126 0126
0126 0126 0126 0126 0126 0126 0126 0126 0126 0126 0126 0126.
0126 0126 0125 0126 0125 0125 0125 0125 0125 0125 0125 0125
0125 0125 0125 0125 0125 0125 0125 0124 0124 0124 0124 0124.
0124 0124 0124 0124 0124 0124 0124 0124 0124 0124 0124 0124
0124 0123 0123 0123 0123 0123 0123 0123 0123 0123 0123 0123.
0122 0122 0122 0122 0122 0122 0122 0122 0122 0122 0122 0122
0122 0121 0122 0121 0121 0121 0121 0121 0121 0121 0121 0121.
0121 0121 0121 0121 0120 0120 0120 0120 0120 0120 0120 0120
0120 0120 0120 0120 0120 0120 0120 0120 0120 0120 0120 0120.
0120 0120 0119 0119 0119 0119 0119 0119 0119 0119 0119 0119
0119 0119 0119 0119 0119 0119 0119 0119 0119 0119 0119 0119.
0119 0119 0119 0119 0119 0119 0119 0119 0119 0119 0119 0119
0119 0119 0119 0119 0119 0120 0119 0120 0119 0120 0119 0120.
0120 0120 0120 0120 0120 0120 0120 0120 0120 0120 0120 0120
0120 0120 0120 0120 0120 0120 0120 0120 0120 0120 0120 0120.
0120 0120 0120 0120 0120 0120 0120 0120 0120 0120 0120 0119
0120 0120 0120 0120 0120 0120 0120 0120 0119 0119 0119 0119.
0119 0119 0119 0119 0119 0119 0119 0119 0119 0119 0119 0119
0119 0119 0119 0119 0119 0119 0119 0119 0119 0119 0119 0119.
0119 0119 0119 0119 0119 0119 0119 0119 0119 0119 0119 0119
0119 0119 0119 0119 0119 0119 0119 0119 0119 0119 0119 0119.
0119 0119 0119 0119 0119 0119 0119 0119 0119 0119 0119 0119
0119 0119 0119 0119 0119 0119 0119 0119 0119 0119 0119 0119=
0192 0192 0192 0192 0192 0192 0192 0192 0192 0192 0192 0192
0192 0192 0192 0192 0192 0192 0192 0191 0191 0192 0191 0191.
0191 0191 0191 0191 0191 0191 0191 0191 0191 0191 0191 0191
0191 0191 0191 0191 0191 0191 0191 0191 0191 0191 0191 0190.
0190 0190 0190 0190 0190 0190 0190 0190 0190 0190 0190 0190
0190 0190 0190 0190 0190 0190 0190 0190 0190 0190 0190 0189.
0189 0189 0189 0189 0189 0189 0189 0189 0189 0189 0189 0189
0189 0189 0189 0189 0189 0189 0189 0189 0189 0189 0189 0189.
0189 0188 0188 0188 0188 0188 0188 0188 0188 0188 0188 0188
0188 0188 0188 0188 0188 0188 0188 0188 0188 0188 0188 0188.
0187 0187 0187 0187 0187 0187 0187 0187 0187 0187 0187 0187
0187 0187 0187 0187 0187 0187 0187 0187 0187 0187 0187 0186.
0186 0186 0186 0186 0186 0186 0186 0186 0186 0186 0186 0186
0186 0186 0186 0186 0186 0186 0186 0185 0186 0185 0185 0185.
0185 0185 0185 0185 0185 0185 0185 0185 0185 0185 0185 0185
0185 0185 0185 0184 0185 0184 0184 0184 0184 0184 0184 0184.
0184 0184 0184 0184 0184 0184 0184 0184 0184 0184 0183 0183
0183 0183 0183 0183 0183 0183 0183 0183 0183 0183 0183 0183.
0183 0183 0183 0183 0183 0183 0182 0182 0182 0182 0182 0182
0182 0182 0182 0182 0182 0182 0182 0182 0182 0182 0182 0182.
0182 0182 0182 0181 0181 0181 0181 0181 0181 0181 0181 0181
0181 0181 0181 0181 0181 0181 0181 0181 0181 0181 0181 0180.
0180 0180 0180 0180 0180 0180 0180 0180 0180 0180 0180 0180
0180 0180 0180 0180 0180 0180 0180 0180 0180 0179 0179 0179.
0179 0179 0179 0179 0179 0179 0179 0179 0179 0179 0179 0179
0179 0179 0179 0179 0179 0179 0178 0179 0178 0178 0178 0178.
0178 0178 0178 0178 0178 0178 0178 0178 0178 0178 0178 0178
0178 0177 0177 0177 0177 0177 0177 0177 0177 0177 0177 0177.
0177 0177 0177 0177 0177 0177 0177 0177 0177 0176 0176 0176
0176 0176 0176 0176 0176 0176 0176 0176 0176 0176 0176 0176.
0176 0176 0176 0175 0176 0175 0175 0175 0175 0175 0175 0175
0175 0175 0175 0175 0175 0175 0175 0175 0175 0174 0175 0174.
0174 0174 0174 0174 0174 0174 0174 0174 0174 0174 0174 0174
0174 0174 0174 0174 0174 0174 0174 0174 0174 0174 0173 0173.
0173 0173 0173 0173 0173 0173 0173 0173 0173 0173 0173 0173
0173 0173 0173 0172 0172 0172 0172 0172 0172 0172 0172 0172.
0172 0172 0172 0172 0172 0172 0172 0172 0172 0172 0172 0171
0171 0171 0172 0172 0171 0171 0171 0171 0171 0171 0171 0171.
0171 0171 0171 0171 0171 0171 0171 0170 0170 0170 0170 0170
0170 0170 0170 0170 0170 0170 0170 0170 0170 0170 0170 0170.
0170 0170 0169 0170 0169 0169 0169 0169 0169 0169 0169 0169
0169 0169 0169 0169 0169 0169 0169 0169 0169 0169 0169 0169.
0168 0168 0168 0168 0168 0168 0168 0168 0168 0168 0168 0168
0168 0168 0168 0168 0168 0168 0168 0168 0168 0167 0167 0167.
0167 0167 0167 0167 0167 0167 0167 0167 0167 0167 0167 0167
0167 0167 0167 0167 0167 0167 0167 0167 0166 0166 0166 0166.
0166 0166 0166 0166 0166 0166 0166 0166 0166 0166 0166 0166
0166 0165 0165 0166 0165 0165 0165 0165 0165 0165 0165 0165.
0165 0165 0165 0165 0165 0165 0165 0165 0164 0164 0164 0164
0164 0164 0164 0164 0164 0164 0164 0164 0164 0164 0164 0164.
0164 0164 0164 0164 0164 0163 0163 0163 0163 0163 0163 0163
0163 0163 0163 0163 0163 0163 0163 0163 0163 0163 0163 0163.
0163 0163 0163 0162 0162 0162 0162 0162 0162 0162 0162 0162
0162 0162 0162 0162 0162 0162 0162 0162 0162 0162 0162 0162.
0161 0161 0161 0161 0161 0161 0161 0161 0161 0161 0161 0161
0161 0161 0161 0161 0161 0161 0161 0161 0161 0161 0161 0161.
0161 0160 0160 0160 0160 0160 0160 0160 0160 0160 0160 0160
0160 0160 0160 0160 0160 0160 0160 0160 0160 0160 0160 0160.
0160 0160 0160 0160 0159 0159 0159 0159 0159 0159 0159 0159
0159 0159 0159 0159 0159 0159 0159 0159 0159 0159 0159 0159.
0159 0159 0159 0159 0159 0159 0159 0159 0159 0159 0158 0158
0158 0158 0158 0158 0158 0158 0158 0158 0158 0158 0158 0158=
0209 0209 0209 0209 0209 0209 0209 0209 0209 0209 0209 0209
0209 0209 0209 0209 0209 0209 0209 0209 0209 0209 0209 0209.
0209 0209 0209 0209 0209 0209 0209 0209 0209 0209 0209 0209
0209 0209 0209 0209 0209 0209 0209 0209 0209 0209 0209 0209.
0209 0209 0209 0209 0209 0209 0209 0209 0209 0209 0208 0209
0209 0208 0208 0208 0208 0208 0208 0209 0208 0208 0208 0208.
0208 0208 0208 0208 0208 0208 0208 0208 0208 0208 0208 0208
0208 0208 0208 0208 0208 0208 0208 0208 0208 0208 0208 0208.
0208 0208 0208 0208 0208 0208 0208 0208 0208 0208 0208 0208
0208 0208 0208 0208 0208 0208 0208 0208 0208 0208 0208 0208.
0208 0208 0207 0208 0207 0207 0207 0207 0207 0207 0207 0207
0207 0207 0207 0207 0207 0208 0207 0207 0207 0207 0207 0207.
0207 0207 0207 0207 0207 0207 0207 0207 0207 0207 0207 0207
0207 0207 0207 0207 0207 0207 0207 0207 0207 0207 0207 0207.
0207 0207 0207 0207 0207 0207 0207 0207 0207 0207 0207 0207
0207 0207 0207 0207 0207 0207 0207 0207 0207 0207 0206 0206.
0206 0206 0206 0206 0206 0206 0206 0206 0206 0206 0206 0206
0206 0206 0206 0206 0206 0206 0206 0206 0206 0206 0206 0206.
0206 0206 0206 0206 0206 0206 0206 0206 0206 0206 0206 0206
0206 0206 0206 0206 0206 0206 0206 0206 0206 0206 0206 0206.
0206 0206 0206 0206 0206 0206 0206 0206 0205 0205 0205 0205
0205 0205 0205 0205 0205 0205 0205 0205 0205 0205 0205 0205.
0205 0205 0205 0205 0205 0205 0205 0205 0205 0205 0205 0205
0205 0205 0205 0205 0205 0205 0205 0205 0205 0205 0205 0205.
0205 0205 0205 0205 0205 0205 0204 0204 0204 0204 0204 0204
0204 0204 0205 0205 0205 0205 0205 0205 0204 0205 0204 0204.
0204 0204 0204 0204 0204 0204 0204 0204 0204 0204 0204 0204
0204 0204 0204 0204 0204 0204 0204 0204 0204 0204 0204 0204.
0204 0204 0204 0204 0204 0204 0204 0204 0204 0204 0204 0204
0204 0204 0204 0204 0204 0204 0204 0204 0204 0204 0204 0203.
0204 0203 0203 0203 0203 0203 0203 0203 0203 0203 0203 0203
0203 0203 0203 0203 0203 0203 0203 0203 0203 0203 0203 0203.
0203 0203 0203 0203 0203 0203 0203 0203 0203 0203 0203 0203
0203 0203 0203 0203 0203 0203 0203 0203 0203 0203 0203 0203.
0202 0202 0202 0202 0202 0202 0202 0202 0202 0202 0202 0202
0202 0202 0202 0202 0202 0202 0202 0202 0202 0202 0202 0202.
0202 0202 0202 0202 0202 0202 0202 0202 0202 0202 0202 0202
0202 0202 0202 0202 0202 0202 0202 0202 0202 0202 0202 0202.
0202 0202 0202 0202 0202 0202 0201 0201 0201 0201 0201 0201
0201 0201 0201 0201 0201 0201 0201 0201 0201 0201 0201 0201.
0201 0201 0201 0201 0201 0201 0201 0201 0201 0201 0201 0201
0201 0201 0201 0201 0201 0201 0201 0201 0201 0201 0201 0201.
0201 0201 0201 0201 0201 0200 0200 0200 0200 0200 0200 0200
0200 0200 0200 0200 0201 0201 0201 0200 0200 0200 0200 0200.
0200 0200 0200 0200 0200 0200 0200 0200 0200 0200 0200 0200
0200 0200 0200 0200 0200 0200 0200 0200 0200 0200 0200 0200.
0200 0200 0200 0200 0200 0200 0200 0200 0200 0200 0200 0199
0199 0199 0199 0200 0200 0199 0199 0200 0199 0199 0199 0199.
0199 0199 0199 0199 0199 0199 0199 0199 0199 0199 0199 0199
0199 0199 0199 0199 0199 0199 0199 0199 0199 0199 0199 0199.
0199 0199 0199 0199 0199 0199 0199 0199 0199 0199 0199 0199
0199 0198 0199 0198 0198 0198 0198 0198 0198 0198 0198 0198.
0198 0198 0198 0198 0198 0198 0198 0198 0198 0198 0198 0198
0198 0198 0198 0198 0198 0198 0198 0198 0198 0198 0198 0198.
0198 0198 0198 0198 0198 0198 0198 0197 0197 0197 0197 0197
0197 0197 0197 0197 0198 0198 0198 0197 0197 0197 0197 0197.
0197 0197 0197 0197 0197 0197 0197 0197 0197 0197 0197 0197
0197 0197 0197 0197 0197 0197 0197 0197 0197 0197 0197 0197.
0197 0197 0197 0197 0196 0197 0197 0196 0196 0196 0196 0196
0196 0196 0196 0196 0196 0196 0196 0196 0196 0196 0196 0196.
0196 0196 0196 0196 0196 0196 0196 0196 0196 0196 0196 0196
0196 0196 0196 0196 0196 0196 0196 0196 0196 0196 0196 0196=
A=
SA=
BA
0079 0085 0090 0092 0089 0084 0042 0063 0039 0021 0010 0047
0089 0132 0166 0191 0221 0190 0144 0112 0093 0082 0078 0071 0226 1213 0009 0649.
0070 0064 0039 0032 0052 0056 0052 0034 0039 0025 0023 0045
0112 0138 0169 0179 0176 0190 0169 0132 0091 0082 0079 0051 0210 1337 0020 0716.
0032 0018 0020 0057 0060 0048 0022 0039 0054 0057 0059 0061
0054 0049 0057 0059 0058 0074 0084 0076 0068 0061 0037 0022 0111 1431 0011 2250.
0011 0023 0024 0023 -001 0009 0022 0031 0033 -001 -002 0036
0063 0086 0161 0193 0215 0213 0182 0139 0098 0054 0038 0029 0228 1308 -011 0642.
0027 0009 0013 0000 0003 0000 0003 -010 -010 -015 -015 -001
0076 0136 0195 0212 0217 0192 0143 0136 0112 0055 0036 0021 0234 1311 -016 0552.
0036 0015 0020 0003 0002 -002 -007 -008 -006 -008 0028 0049
0082 0098 0195 0152 0165 0156 0137 0113 0098 0086 0084 0081 0210 1110 -011 0540.
0079 0083 0080 0083 0079 0083 0067 0045 0041 0030 0017 0031
0100 0164 0171 0206 0239 0249 0209 0173 0119 0055 0042 0042 0260 1246 0012 0705.
0040 0063 0067 0020 0016 0006 0018 0002 0006 -004 -009 0010
0081 0152 0197 0216 0227 0232 0191 0165 0098 0052 0022 0022 0255 1417 -012 0612.
0029 0050 0056 0061 0059 0061 0060 0058 0055 0059 0060 0067
0082 0093 0102 0104 0095 0087 0083 0075 0067 0064 0057 0040 0111 1210 0020 2002.
0041 0042 0042 0042 0040 0042 0041 0041 0040 0040 0042 0044
0054 0071 0085 0095 0087 0092 0096 0095 0075 0059 0057 0055 0105 1528 0038 0512.
0055 0050 0048 0053 0050 0049 0050 0047 0050 0048 0049 0051
0076 0098 0133 0125 0123 0110 0100 0085 0071 0057 0030 0006 0145 1132 0000 1950.
0016 -001 0016 -011 -022 -023 -021 -034 -033 -039 -036 -014
0052 0130 0181 0212 0226 0223 0191 0153 0091 0042 0033 0023 0232 1332 -045 0625.
0008 -016 -018 -020 -025 -030 -044 -025 -040 -041 -038 -022
0071 0148 0185 0219 0240 0228 0202 0163 0102 0053 0018 0020 0256 1314 -046 0448.
0002 -001 0004 -002 -011 0033 0036 0038 0037 0041 0043 0049
0067 0093 0111 0131 0129 0120 0105 0100 0083 0073 0068 0067 0138 1313 -017 0033.
0062 0059 0065 0059 0060 0061 0065 0062 0059 0058 0057 0057
0076 0095 0110 0148 0157 0151 0140 0121 0096 0067 0061 0040 0168 1325 0032 1955.
0031 0016 0011 0019 0038 0044 0044 0020 0020 -007 0007 -002
0083 0135 0181 0191 0195 0202 0178 0145 0079 0051 0034 -009 0211 1225 -023 0735.
-020 -016 -036 -038 -032 -023 -024 -006 -019 -032 -036 -020
0075 0136 0180 0206 0205 0212 0213 0171 0088 0060 0020 0005 0232 1317 -050 0707.
-008 -014 0019 -032 -037 -032 0013 0020 0023 0020 0026 0038
0063 0094 0075 0084 0082 0103 0097 0084 0067 0058 0053 0052 0110 1426 -038 0040.
0045 0032 0023 0021 -005 -010 -015 -029 -023 -036 -044 -026
0063 0131 0194 0226 0249 0271 0233 0189 0122 0080 0052 0031 0276 1409 -044 0647.
0023 0009 -005 -003 -012 -008 -026 -030 -012 -026 -035 -008
0045 0063 0076 0091 0122 0113 0099 0110 0062 0033 0037 0033 0125 1301 -038 0712.
0018 0030 0013 0035 0034 0030 0014 0026 0028 -021 -018 -016
0064 0115 0150 0180 0209 0200 0164 0129 0079 0042 0017 0000 0209 1259 -034 0710.
-002 -028 -024 -043 -044 -052 -054 -048 -065 -063 -057 -041
0024 0106 0159 0189 0203 0188 0161 0138 0071 0037 0017 0006 0211 1256 -070 0644.
-006 -008 0035 0039 0037 0035 0033 0030 -016 -026 -035 -017
0062 0121 0154 0192 0195 0198 0191 0150 0086 0054 0045 0022 0213 1337 -038 0712.
0008 -005 -012 -020 -024 -023 -028 -031 -028 -034 -035 -016
0055 0133 0172 0195 0228 0218 0208 0172 0109 0072 0035 0057 0233 1407 -038 0657.
0070 0067 0064 0059 0061 0056 0061 0056 0059 0055 0054 0056
0083 0095 0132 0135 0147 0161 0158 0113 0096 0083 0083 0079 0171 1449 0052 0707.
0074 0068 0069 0069 0068 0060 0059 0059 0057 0055 0054 0053
0067 0092 0088 0128 0117 0113 0099 0080 0072 0065 0063 0058 0129 1159 0053 0639.
0056 0056 0059 0041 0045 0048 0049 0049 0048 0051 0052 0052
0067 0074 0077 0094 0090 0081 0083 0085 0071 0061 0054 0046 0098 1204 0039 0015.
0044 0045 0011 0017 0006 -009 -012 -027 -027 -032 -026 -009
0057 0135 0203 0250 0271 0270 0280 0241 0149 0057 0102 0107 0291 1337 -033 0601.
0087 0086 0079 0084 0067 0067 0068 0046 0046 0028 0049 0038
0137 0194 0239 0274 0295 0294 0294 0248 0169 0118 0062 0045 0321 1337 0019 0530.
0028 0029 0013 0017 -012 0002 -024 -019 -023 -022 -041 -018
0090 0155 0206 0245 0263 0260 0265 0220 0150 0081 0085 0033 0288 1411 -042 0654.
0033 0019 0021 0004 0013 -001 -011 -010 0017 0013 -002 0024
0092 0170 0206 0207 0233 0192 0181 0163 0101 0082 0076 0079 0236 1259 -013 0358=
=
??????
******
YF
19011










=
JY
8888=
GK
01/
05/=
BZ
10/03/08;14;20

10/24/24
11/=
######
