57461 3042N 11118E 001331 001343 105 000 S14 11111999919199111991 0 2014 09
PC
9967 9970 9972 9971 9966 9962 9956 9958 9957 9959 9964 9971
9975 9978 9976 9969 9967 9959 9952 9949 9952 9954 9955 9961 9979 0942 9949 1533.
9963 9968 9967 9967 9958 9954 9951 9948 9949 9954 9961 9963
9967 9969 9965 9958 9960 9959 9952 9949 9948 9948 9950 9958 9971 0929 9946 0413.
9960 9960 9961 9963 9960 9958 9960 9959 9961 9966 9974 9980
9982 9983 9978 9969 9965 9954 9946 9943 9945 9947 9954 9960 9984 0924 9943 1522.
9966 9967 9968 9966 9964 9958 9953 9949 9947 9952 9956 9960
9960 9959 9954 9947 9939 9931 9927 9923 9923 9922 9922 9930 9970 2220 9921 1745.
9937 9940 9938 9936 9932 9929 9926 9926 9928 9932 9936 9940
9948 9948 9941 9934 9928 9920 9917 9913 9915 9916 9923 9932 9949 0951 9913 1533.
9941 9947 9951 9950 9949 9944 9940 9940 9941 9942 9951 9956
9958 9963 9961 9957 9950 9942 9936 9930 9927 9929 9930 9933 9963 1000 9927 1653.
9943 9945 9947 9947 9946 9944 9942 9938 9936 9931 9935 9937
9935 9931 9924 9921 9914 9908 9903 9904 9905 9907 9910 9918 9948 2315 9903 1433.
9924 9926 9930 9933 9933 9927 9920 9916 9920 9922 9925 9929
9930 9931 9929 9927 9920 9911 9906 9900 9902 9905 9910 9917 9935 0009 9899 1601.
9926 9927 9933 9931 9929 9923 9921 9919 9922 9923 9928 9933
9935 9936 9936 9932 9925 9916 9911 9906 9907 9913 9915 9918 9937 1031 9905 1604.
9926 9928 9934 9936 9936 9932 9928 9927 9929 9931 9937 9943
9947 9953 9956 9953 9948 9944 9940 9934 9931 9932 9933 9942 9956 1050 9919 2001.
9950 9954 9954 9953 9944 9937 9933 9931 9931 9935 9938 9939
9941 9938 9933 9927 9918 9910 9903 9898 9896 9898 9902 9910 9955 2241 9896 1623.
9919 9921 9919 9918 9913 9910 9907 9909 9906 9906 9910 9914
9916 9918 9924 9926 9926 9928 9927 9930 9937 9942 9946 9954 9954 2000 9905 0457.
9961 9966 9970 9969 9971 9967 9964 9962 9961 9964 9974 9980
9982 9982 9986 9983 9977 9971 9967 9965 9963 9964 9970 9981 9987 1050 9954 2001.
9986 9991 9989 9986 9981 9977 9971 9970 9970 9969 9972 9975
9979 9979 9975 9971 9963 9957 9952 9948 9949 9949 9954 9962 9991 2146 9948 1558.
9972 9980 9978 9977 9973 9970 9969 9967 9966 9967 9971 9977
9979 9978 9978 9975 9970 9969 9965 9964 9966 9968 9971 9979 9980 2155 9962 2001.
9986 9989 9989 9988 9985 9979 9976 9977 9974 9975 9980 9984
9987 9989 9987 9980 9969 9963 9961 9965 9963 9965 9966 9976 9990 2132 9960 1435.
9985 9991 9989 9990 9984 9979 9975 9974 9976 9981 9989 9998
0005 0009 0011 0008 0001 9999 9996 9995 9997 0004 0012 0024 0024 2000 9972 0330.
0033 0037 0035 0034 0029 0026 0024 0023 0026 0032 0036 0040
0043 0043 0040 0034 0031 0026 0020 0018 0021 0022 0025 0028 0044 0919 0018 1553.
0035 0032 0032 0023 0018 0013 0010 0003 0003 0006 0010 0013
0015 0016 0011 0001 9990 9982 9976 9972 9970 9970 9972 9978 0037 2121 9969 1708.
9983 9986 9983 9979 9975 9972 9965 9959 9958 9961 9965 9968
9972 9973 9970 9963 9955 9948 9942 9940 9940 9942 9946 9951 9987 2146 9939 1546.
9960 9963 9966 9967 9968 9970 9969 9969 9972 9978 9981 9987
9992 9993 9991 9983 9976 9970 9965 9964 9966 9967 9970 9981 9994 0908 9952 2001.
9989 9994 9996 9997 9997 9997 9996 9995 9997 0000 0003 0007
0008 0007 0002 9994 9986 9976 9969 9962 9962 9965 9971 9980 0008 0753 9961 1609.
9989 9995 9996 9995 9994 9990 9985 9984 9987 9990 9994 9999
0004 0003 0000 9993 9985 9976 9971 9969 9970 9973 9981 9990 0005 0916 9969 1515.
9998 0004 0006 0005 0002 0000 0000 9997 9996 0002 0006 0012
0014 0016 0014 0010 0003 9996 9990 9990 9991 9992 9994 9998 0017 1006 9989 1519.
0004 0006 0006 0005 0004 0002 0000 9998 9999 0001 0004 0008
0010 0012 0008 0000 9989 9980 9971 9968 9969 9970 9970 9974 0012 0843 9968 1555.
9978 9982 9982 9978 9975 9972 9970 9965 9965 9962 9967 9971
9975 9976 9974 9969 9962 9953 9949 9945 9946 9949 9951 9958 9983 2205 9945 1551.
9966 9967 9967 9967 9965 9964 9962 9960 9961 9966 9969 9973
9976 9979 9976 9970 9962 9956 9952 9950 9951 9953 9954 9956 9979 0924 9950 1509.
9960 9958 9958 9953 9949 9945 9945 9940 9939 9941 9939 9946
9946 9948 9949 9944 9942 9940 9938 9945 9946 9952 9960 9964 9964 1945 9937 1440.
9972 9975 9978 9976 9979 9977 9976 9979 9984 9990 9999 0004
0010 0019 0020 0019 0012 0005 0000 9996 9997 9999 0003 0012 0020 1030 9964 2001.
0020 0028 0031 0033 0033 0031 0030 0029 0033 0038 0041 0047
0053 0056 0054 0047 0036 0028 0021 0018 0018 0019 0021 0027 0056 0935 0012 2001=
0118 0127 0115 0117
0110 0119 0115 0114
0114 0136 0108 0115
0111 0115 0084 0085
0083 0095 0074 0087
0098 0111 0096 0087
0097 0091 0060 0071
0079 0082 0063 0070
0075 0086 0068 0071
0085 0097 0099 0097
0092 0094 0064 0064
0064 0068 0083 0110
0124 0137 0128 0138
0134 0132 0113 0118
0126 0133 0125 0135
0135 0141 0119 0132
0135 0155 0156 0182
0184 0199 0184 0187
0172 0172 0139 0135
0128 0124 0103 0107
0125 0143 0125 0137
0152 0164 0131 0136
0145 0156 0131 0146
0155 0168 0152 0154
0158 0165 0135 0130
0127 0127 0107 0113
0118 0128 0111 0112
0100 0101 0095 0120
0133 0161 0162 0169
0188 0205 0184 0184=
TB
0229 0228 0228 0226 0225 0226 0224 0223 0222 0223 0221 0223
0225 0227 0229 0218 0212 0218 0223 0227 0227 0220 0213 0214 0230 2001 0211 1236.
0214 0214 0214 0214 0212 0211 0211 0209 0208 0207 0208 0209
0211 0217 0228 0228 0225 0224 0221 0224 0227 0223 0220 0218 0233 1119 0206 0527.
0216 0213 0212 0210 0209 0209 0206 0203 0198 0197 0200 0216
0242 0265 0284 0310 0318 0320 0313 0306 0295 0286 0274 0266 0326 1352 0195 0614.
0254 0243 0231 0226 0221 0219 0215 0211 0210 0206 0207 0222
0239 0263 0276 0289 0291 0301 0290 0293 0283 0273 0255 0244 0302 1356 0206 0548.
0238 0232 0226 0220 0211 0208 0203 0199 0197 0194 0194 0211
0229 0255 0268 0279 0290 0296 0300 0296 0291 0279 0269 0259 0303 1435 0192 0647.
0251 0244 0243 0235 0230 0223 0218 0215 0211 0210 0209 0224
0252 0265 0277 0280 0291 0297 0298 0300 0290 0281 0275 0271 0304 1441 0208 0611.
0268 0261 0257 0251 0250 0244 0243 0243 0237 0233 0232 0246
0268 0278 0293 0308 0316 0326 0326 0322 0319 0315 0306 0299 0330 1515 0230 0632.
0281 0279 0279 0261 0253 0251 0252 0252 0251 0249 0250 0254
0257 0268 0274 0281 0293 0301 0298 0300 0295 0287 0278 0274 0303 1412 0248 0620.
0269 0264 0262 0262 0261 0259 0259 0257 0254 0252 0252 0255
0265 0270 0274 0276 0276 0288 0290 0289 0283 0280 0276 0259 0294 1427 0251 0616.
0256 0254 0255 0257 0256 0246 0240 0240 0235 0235 0237 0234
0234 0234 0234 0237 0235 0236 0241 0241 0241 0240 0240 0240 0259 2001 0232 0830.
0237 0236 0235 0234 0234 0233 0233 0232 0234 0234 0234 0236
0236 0239 0241 0245 0242 0241 0242 0243 0243 0241 0241 0242 0246 1133 0232 0347.
0241 0241 0241 0242 0242 0240 0240 0240 0239 0239 0241 0241
0243 0243 0232 0220 0214 0211 0204 0203 0202 0205 0206 0206 0244 0837 0201 1646.
0204 0202 0201 0198 0197 0195 0195 0195 0194 0194 0193 0194
0196 0198 0201 0206 0207 0210 0211 0210 0209 0208 0207 0206 0212 1453 0192 0718.
0204 0203 0197 0197 0195 0192 0194 0195 0195 0196 0198 0199
0207 0214 0222 0231 0235 0241 0247 0246 0240 0237 0234 0231 0252 1531 0192 0149.
0228 0219 0213 0209 0207 0205 0205 0205 0206 0208 0209 0212
0215 0227 0230 0236 0251 0244 0242 0238 0233 0230 0224 0221 0251 1300 0204 0319.
0219 0219 0217 0215 0213 0211 0210 0208 0205 0204 0204 0208
0211 0215 0218 0218 0234 0239 0235 0234 0234 0232 0230 0225 0241 1357 0203 0617.
0221 0218 0213 0211 0208 0209 0209 0207 0199 0196 0196 0196
0192 0193 0198 0205 0215 0220 0221 0218 0215 0207 0204 0204 0225 2001 0191 0832.
0194 0195 0194 0193 0192 0192 0191 0191 0191 0181 0181 0184
0188 0191 0198 0205 0196 0192 0189 0185 0185 0184 0183 0183 0206 1156 0181 0600.
0184 0183 0184 0183 0182 0182 0182 0183 0182 0182 0185 0190
0196 0210 0223 0240 0247 0249 0249 0249 0246 0242 0236 0232 0256 1353 0181 0301.
0228 0224 0218 0213 0207 0201 0195 0191 0189 0187 0188 0194
0218 0239 0263 0272 0281 0279 0284 0281 0276 0265 0254 0246 0288 1516 0185 0634.
0231 0222 0212 0206 0203 0200 0196 0194 0192 0190 0190 0197
0216 0242 0254 0270 0286 0288 0290 0296 0292 0281 0262 0244 0299 1609 0188 0627.
0235 0222 0213 0211 0208 0202 0198 0195 0191 0189 0186 0201
0225 0245 0258 0273 0280 0289 0290 0294 0285 0273 0258 0241 0295 1511 0186 0614.
0221 0212 0204 0198 0194 0187 0182 0177 0175 0172 0173 0194
0217 0244 0264 0278 0282 0289 0289 0291 0284 0274 0258 0249 0295 1532 0170 0638.
0243 0229 0224 0218 0214 0212 0211 0208 0206 0205 0204 0214
0230 0240 0252 0260 0264 0265 0266 0263 0257 0249 0239 0233 0269 1318 0203 0624.
0227 0224 0221 0216 0213 0211 0210 0208 0206 0204 0206 0214
0224 0235 0250 0254 0273 0270 0268 0263 0257 0249 0246 0240 0276 1304 0204 0553.
0235 0231 0230 0225 0224 0220 0217 0215 0215 0215 0211 0216
0230 0244 0257 0259 0268 0273 0273 0267 0257 0259 0252 0245 0277 1342 0209 0647.
0238 0228 0228 0226 0227 0226 0226 0225 0225 0226 0226 0226
0231 0232 0236 0237 0234 0233 0233 0233 0230 0228 0228 0228 0245 2001 0224 0427.
0228 0225 0224 0223 0222 0222 0221 0220 0219 0221 0220 0222
0222 0225 0228 0231 0230 0226 0225 0219 0214 0210 0209 0210 0232 1150 0209 1826.
0208 0209 0207 0207 0207 0205 0204 0205 0204 0203 0203 0206
0208 0215 0216 0215 0222 0228 0237 0241 0236 0227 0220 0217 0243 1533 0203 0537.
0212 0206 0206 0204 0204 0205 0205 0203 0201 0203 0203 0209
0221 0235 0249 0258 0255 0257 0252 0254 0252 0242 0233 0227 0272 1224 0201 0459=
IB
=
0212 0213 0218 0216 0217 0218 0210 0211 0208 0209 0213 0213
0213 0199 0201 0197 0195 0194 0193 0197 0202 0197 0196 0199.
0199 0204 0206 0206 0200 0199 0199 0197 0196 0195 0203 0202
0204 0203 0201 0209 0210 0210 0198 0199 0193 0198 0201 0201.
0204 0203 0204 0202 0196 0197 0199 0191 0191 0190 0193 0188
0191 0181 0196 0180 0145 0146 0172 0170 0170 0175 0187 0192.
0200 0204 0195 0190 0189 0191 0191 0196 0191 0191 0195 0194
0202 0194 0186 0195 0188 0179 0159 0172 0166 0172 0149 0159.
0161 0160 0164 0182 0181 0180 0184 0180 0184 0181 0181 0181
0176 0184 0184 0189 0188 0190 0188 0190 0191 0189 0193 0195.
0197 0195 0198 0199 0205 0204 0203 0201 0194 0195 0192 0194
0200 0196 0205 0200 0194 0194 0186 0188 0199 0201 0203 0197.
0202 0207 0209 0208 0209 0213 0212 0206 0212 0204 0211 0215
0213 0214 0215 0219 0215 0218 0221 0217 0226 0233 0240 0231.
0237 0241 0233 0245 0244 0242 0240 0245 0244 0237 0243 0247
0248 0250 0241 0239 0237 0235 0237 0232 0234 0227 0225 0221.
0219 0218 0223 0223 0222 0218 0220 0220 0219 0227 0229 0228
0221 0217 0219 0221 0230 0230 0230 0226 0230 0238 0230 0245.
0244 0236 0234 0226 0221 0228 0226 0230 0227 0223 0225 0222
0222 0222 0227 0232 0223 0224 0229 0232 0227 0231 0230 0224.
0229 0224 0223 0229 0224 0228 0228 0227 0224 0224 0229 0231
0226 0234 0234 0228 0230 0232 0230 0236 0236 0234 0234 0230.
0236 0231 0236 0230 0235 0235 0235 0230 0229 0229 0236 0231
0233 0238 0225 0213 0197 0190 0194 0190 0194 0197 0198 0193.
0182 0178 0173 0166 0169 0169 0171 0169 0168 0164 0163 0168
0170 0166 0169 0172 0173 0174 0169 0174 0173 0170 0171 0172.
0174 0177 0184 0187 0185 0182 0177 0183 0178 0184 0186 0187
0190 0176 0180 0178 0184 0185 0179 0183 0186 0186 0183 0191.
0190 0193 0201 0201 0200 0193 0193 0198 0193 0195 0197 0204
0205 0206 0196 0191 0192 0195 0191 0185 0182 0179 0171 0170.
0171 0171 0179 0181 0177 0190 0188 0182 0175 0176 0180 0180
0179 0173 0178 0176 0172 0179 0182 0183 0176 0177 0183 0176.
0175 0176 0179 0179 0182 0185 0181 0175 0177 0188 0189 0189
0185 0180 0190 0195 0196 0197 0200 0192 0181 0186 0178 0172.
0166 0167 0166 0167 0170 0166 0165 0160 0167 0171 0173 0176
0173 0169 0170 0165 0176 0179 0177 0170 0172 0171 0170 0170.
0176 0175 0178 0171 0176 0170 0176 0171 0176 0176 0173 0183
0177 0184 0172 0163 0164 0163 0171 0169 0173 0170 0169 0177.
0179 0182 0182 0183 0181 0182 0183 0181 0181 0179 0176 0181
0180 0183 0184 0179 0176 0180 0191 0179 0183 0184 0183 0183.
0186 0196 0188 0191 0184 0188 0181 0186 0184 0182 0178 0189
0184 0193 0183 0188 0187 0170 0162 0157 0153 0147 0156 0176.
0177 0171 0171 0175 0174 0172 0179 0178 0178 0172 0171 0179
0176 0170 0158 0163 0150 0128 0124 0132 0124 0125 0130 0136.
0147 0148 0152 0150 0153 0158 0155 0151 0150 0145 0148 0151
0141 0142 0145 0141 0121 0119 0110 0117 0127 0137 0146 0135.
0138 0155 0157 0159 0157 0168 0167 0162 0156 0171 0168 0172
0170 0168 0166 0154 0145 0146 0140 0151 0157 0171 0172 0166.
0167 0173 0177 0170 0175 0179 0182 0176 0174 0174 0176 0188
0184 0175 0167 0173 0175 0172 0167 0174 0171 0184 0183 0182.
0182 0176 0170 0172 0173 0192 0193 0187 0194 0194 0192 0190
0190 0183 0184 0175 0184 0186 0189 0188 0191 0193 0191 0198.
0203 0205 0209 0201 0202 0200 0200 0208 0208 0209 0203 0201
0204 0203 0213 0216 0211 0204 0201 0203 0203 0203 0205 0209.
0211 0202 0203 0204 0208 0205 0211 0208 0202 0206 0205 0208
0207 0210 0207 0204 0203 0203 0200 0204 0197 0200 0201 0202.
0200 0201 0194 0199 0194 0198 0196 0192 0183 0181 0167 0172
0172 0179 0178 0173 0176 0175 0172 0176 0174 0183 0186 0191.
0188 0184 0187 0185 0185 0193 0195 0191 0186 0188 0188 0192
0195 0194 0179 0175 0169 0171 0174 0168 0177 0174 0175 0174=
EA
251 252 261 258 259 260 249 250 246 248 253 253
253 232 234 230 226 225 223 229 237 230 228 232.
232 239 242 242 234 233 233 230 228 227 238 237
240 239 236 247 248 249 231 233 223 231 235 235.
240 238 239 236 227 230 233 221 222 220 224 217
220 208 228 207 165 166 197 193 194 200 215 223.
234 240 226 219 218 221 220 228 221 221 227 225
237 226 214 227 218 205 180 196 188 196 170 180.
183 182 186 209 208 206 212 207 211 207 207 208
201 212 211 218 216 220 216 220 222 218 223 227.
229 226 231 232 242 240 238 236 225 226 222 225
234 228 241 234 226 225 214 216 232 236 239 229.
236 243 248 245 247 254 252 243 252 240 250 257
254 254 257 262 256 261 266 260 274 287 299 283.
293 301 286 308 306 303 298 308 306 293 304 311
314 317 299 297 293 290 294 284 289 276 273 266.
262 262 269 269 267 261 264 264 263 276 279 277
267 260 263 266 281 281 280 275 281 295 281 307.
305 292 287 274 266 278 274 280 275 269 272 268
268 268 276 284 269 271 279 285 276 283 280 271.
278 271 269 279 270 277 277 276 270 270 279 282
274 288 288 277 281 285 281 292 292 288 288 281.
291 282 291 281 290 289 289 280 279 279 291 282
285 295 273 254 229 220 225 219 225 229 230 223.
208 203 198 189 193 193 195 193 191 187 186 191
194 189 193 196 198 199 193 199 198 194 195 196.
199 202 211 216 213 209 203 211 204 212 215 216
220 201 206 203 211 213 205 210 215 214 210 220.
219 223 235 235 234 224 224 231 223 226 230 239
241 243 227 221 223 226 220 212 209 205 195 194.
194 194 205 208 203 220 216 209 200 201 206 206
205 197 204 201 196 205 208 210 201 202 211 202.
199 201 205 205 209 212 208 200 202 217 219 219
213 206 219 227 228 230 234 222 208 215 204 196.
189 190 189 190 193 189 188 181 190 195 197 201
197 192 194 188 201 205 203 194 196 195 193 193.
201 200 203 195 201 194 201 195 201 201 198 211
203 211 196 185 187 186 195 192 198 193 192 202.
205 209 209 210 207 209 211 208 207 205 202 207
206 211 212 206 201 207 220 205 210 211 211 210.
215 227 216 221 212 217 207 214 211 209 204 218
211 223 211 217 215 194 184 178 174 167 177 202.
203 195 195 200 199 196 205 204 203 196 195 205
202 194 179 185 170 147 144 152 144 145 149 156.
168 169 172 171 173 179 175 172 170 165 168 171
161 162 165 161 141 139 131 137 147 157 166 154.
158 176 179 180 178 191 190 184 177 195 192 196
194 191 189 175 165 166 160 171 178 195 196 189.
190 198 202 193 200 205 209 201 199 199 201 217
211 200 190 198 200 196 190 198 195 211 210 209.
208 201 194 196 198 222 223 215 226 226 223 219
219 211 211 200 211 214 218 217 221 224 221 231.
239 241 247 236 237 233 233 245 245 247 238 236
240 239 253 258 250 240 234 237 239 239 241 247.
250 237 238 240 246 241 250 246 236 242 240 246
243 248 244 240 239 238 234 239 229 234 235 236.
233 235 225 232 225 231 228 222 211 207 190 196
196 205 204 197 201 200 196 201 198 210 214 221.
216 211 216 213 213 224 227 221 214 217 217 222
226 226 205 199 192 195 199 191 202 199 200 199=
UB
90 91 94 94 95 95 92 93 92 92 95 94
93 84 84 88 90 86 83 83 86 87 90 91 79 1608.
91 94 95 95 93 93 93 93 93 93 97 96
96 92 85 89 91 92 87 86 81 86 89 90 80 1718.
93 94 95 95 92 93 96 93 96 96 96 84
73 60 59 46 35 35 43 44 47 51 59 64 31 1305.
72 79 80 80 82 84 86 91 89 91 93 84
80 66 58 57 54 48 45 48 49 54 52 59 44 1438.
62 64 68 79 83 84 89 89 92 92 92 83
72 65 60 58 54 53 51 53 55 58 63 68 48 1437.
72 74 76 80 86 89 91 92 90 91 90 83
73 66 65 62 56 54 51 51 58 62 65 64 49 1442.
67 72 75 77 78 83 83 80 86 84 88 83
72 68 63 59 55 53 54 54 58 62 68 67 52 1338.
77 80 76 91 95 95 93 96 96 93 96 96
95 90 82 78 72 68 70 67 70 70 73 73 65 1545.
74 76 79 79 79 78 79 80 81 86 87 85
77 73 72 72 76 71 70 69 73 78 76 92 66 1424.
93 90 88 83 81 90 92 94 95 93 93 93
93 93 96 97 93 93 93 95 92 95 94 91 81 0059.
95 93 93 97 94 97 97 97 94 94 97 97
94 97 96 90 93 95 93 96 96 96 96 93 89 1201.
97 94 97 93 96 97 97 94 94 94 97 94
94 97 96 96 90 88 94 92 95 95 95 92 87 1415.
87 86 84 82 84 85 86 85 85 83 83 85
85 82 82 81 81 80 77 80 80 79 80 81 75 1507.
83 85 92 94 94 94 90 93 90 93 93 93
90 79 77 72 73 71 66 68 72 73 73 78 63 1514.
79 85 93 95 96 93 93 96 92 92 93 95
94 88 81 76 70 74 73 72 73 73 72 73 68 1306.
74 74 79 81 80 88 87 85 83 84 86 84
82 77 78 77 68 69 72 73 70 71 75 74 66 1333.
75 77 81 82 85 86 84 82 87 95 96 96
96 92 95 94 89 87 88 85 81 88 85 82 74 2002.
84 84 84 85 87 85 85 82 86 94 95 95
91 87 84 78 88 92 93 91 92 92 92 92 77 1203.
95 95 96 93 96 93 96 93 96 96 93 96
89 85 73 62 60 59 62 61 64 64 66 71 56 1325.
74 77 80 83 85 89 93 94 95 95 93 92
79 71 62 57 53 55 57 54 57 61 65 68 50 1256.
76 85 86 91 89 93 91 95 95 95 93 95
82 74 65 61 55 49 46 43 43 44 52 66 42 1634.
70 73 77 80 81 83 89 90 92 90 91 87
74 63 54 51 45 37 36 37 37 40 45 52 34 1626.
63 67 72 74 77 83 84 85 85 84 85 76
62 53 48 43 37 35 33 34 38 43 50 49 32 1452.
52 63 66 69 70 76 76 75 73 81 80 77
69 64 59 52 48 48 46 50 54 62 66 66 45 1503.
69 73 76 75 79 82 84 82 82 83 83 85
78 69 60 61 55 55 54 58 59 67 68 70 48 1253.
72 71 69 72 73 84 86 84 88 88 89 85
78 69 64 60 60 59 60 62 67 67 69 75 54 1344.
81 87 89 86 86 85 85 90 90 90 87 86
85 84 87 88 87 84 82 83 85 86 87 89 73 2001.
90 87 88 89 92 90 94 93 90 91 91 92
91 91 88 85 85 87 86 91 90 94 95 95 82 1159.
95 95 92 95 92 96 95 92 88 87 80 81
80 80 79 77 75 72 67 67 68 76 81 85 65 1534.
86 87 89 89 89 93 94 93 91 91 91 90
85 78 65 60 59 59 62 59 63 66 70 72 52 1229=
N=
H=
C=
V=
R6
0005 0001 0006
0229 0023 0252
0000 0000 0000
0000 0000 0000
0000 0000 0000
0000 0000 0000
0000 0000 0000
0143 0000 0143
0000 0028 0028
0241 0586 0827
0054 0008 0062
0004 0010 0014
0000 0000 0000
0008 0000 0008
0005 0000 0005
0000 0000 0000
0111 0006 0117
0018 0150 0168
0041 0000 0041
0000 0000 0000
0000 0000 0000
0000 0000 0000
0000 0000 0000
0000 0000 0000
0000 0000 0000
0000 0000 0000
0000 0000 0000
0003 0137 0140
0000 0000 0000
0000 0000 0000=
0002 0002 0000 0000 0001 0000 0000 0000 0000 0000 0000 0000
0000 0000 0000 0000 0000 0000 0000 0000 0000 0000 0000 0001.
0000 0001 0001 0001 0009 0035 0018 0065 0046 0038 0007 0008
0002 0003 0000 0000 0002 0013 0002 0000 0000 0000 0000 0001.
0000 0000 0000 0000 0000 0000 0000 0000 0000 0000 0000 0000
0000 0000 0000 0000 0000 0000 0000 0000 0000 0000 0000 0000.
0000 0000 0000 0000 0000 0000 0000 0000 0000 0000 0000 0000
0000 0000 0000 0000 0000 0000 0000 0000 0000 0000 0000 0000.
0000 0000 0000 0000 0000 0000 0000 0000 0000 0000 0000 0000
0000 0000 0000 0000 0000 0000 0000 0000 0000 0000 0000 0000.
0000 0000 0000 0000 0000 0000 0000 0000 0000 0000 0000 0000
0000 0000 0000 0000 0000 0000 0000 0000 0000 0000 0000 0000.
0000 0000 0000 0000 0000 0000 0000 0000 0000 0000 0000 0000
0000 0000 0000 0000 0000 0000 0000 0000 0000 0000 0000 0000.
0000 0000 0000 0000 0069 0074 0000 0000 0000 0000 0000 0000
0000 0000 0000 0000 0000 0000 0000 0000 0000 0000 0000 0000.
0000 0000 0000 0000 0000 0000 0000 0000 0000 0000 0000 0000
0000 0000 0000 0000 0000 0000 0000 0000 0000 0000 0000 0028.
0001 0000 0000 0000 0000 0012 0006 0004 0053 0083 0043 0039
0200 0183 0062 0027 0017 0031 0061 0002 0002 0000 0000 0001.
0006 0010 0014 0008 0002 0008 0001 0000 0002 0000 0001 0002
0000 0000 0000 0000 0000 0000 0004 0001 0001 0001 0001 0000.
0001 0000 0000 0000 0000 0001 0000 0000 0000 0000 0000 0002
0003 0001 0000 0000 0000 0000 0000 0004 0002 0000 0000 0000.
0000 0000 0000 0000 0000 0000 0000 0000 0000 0000 0000 0000
0000 0000 0000 0000 0000 0000 0000 0000 0000 0000 0000 0000.
0000 0000 0008 0000 0000 0000 0000 0000 0000 0000 0000 0000
0000 0000 0000 0000 0000 0000 0000 0000 0000 0000 0000 0000.
0000 0000 0000 0000 0004 0001 0000 0000 0000 0000 0000 0000
0000 0000 0000 0000 0000 0000 0000 0000 0000 0000 0000 0000.
0000 0000 0000 0000 0000 0000 0000 0000 0000 0000 0000 0000
0000 0000 0000 0000 0000 0000 0000 0000 0000 0000 0000 0000.
0000 0000 0000 0000 0000 0000 0000 0000 0002 0013 0050 0046
0002 0003 0000 0000 0000 0000 0000 0000 0000 0000 0001 0000.
0000 0000 0000 0000 0000 0000 0000 0000 0000 0015 0003 0000
0000 0000 0000 0000 0011 0022 0021 0030 0024 0009 0021 0012.
0005 0005 0004 0001 0003 0000 0016 0007 0000 0000 0000 0000
0000 0000 0000 0000 0000 0000 0000 0000 0000 0000 0000 0000.
0000 0000 0000 0000 0000 0000 0000 0000 0000 0000 0000 0000
0000 0000 0000 0000 0000 0000 0000 0000 0000 0000 0000 0000.
0000 0000 0000 0000 0000 0000 0000 0000 0000 0000 0000 0000
0000 0000 0000 0000 0000 0000 0000 0000 0000 0000 0000 0000.
0000 0000 0000 0000 0000 0000 0000 0000 0000 0000 0000 0000
0000 0000 0000 0000 0000 0000 0000 0000 0000 0000 0000 0000.
0000 0000 0000 0000 0000 0000 0000 0000 0000 0000 0000 0000
0000 0000 0000 0000 0000 0000 0000 0000 0000 0000 0000 0000.
0000 0000 0000 0000 0000 0000 0000 0000 0000 0000 0000 0000
0000 0000 0000 0000 0000 0000 0000 0000 0000 0000 0000 0000.
0000 0000 0000 0000 0000 0000 0000 0000 0000 0000 0000 0000
0000 0000 0000 0000 0000 0000 0000 0000 0000 0000 0000 0000.
0000 0000 0000 0000 0000 0000 0000 0000 0000 0000 0000 0000
0000 0000 0000 0000 0000 0000 0000 0000 0000 0000 0000 0000.
0000 0000 0000 0000 0000 0000 0000 0000 0000 0000 0000 0000
0000 0000 0000 0000 0000 0000 0000 0000 0000 0000 0000 0000.
0000 0001 0000 0000 0000 0001 0000 0000 0001 0000 0000 0000
0000 0000 0000 0000 0000 0000 0000 0000 0024 0090 0023 0000.
0000 0000 0000 0000 0000 0000 0000 0000 0000 0000 0000 0000
0000 0000 0000 0000 0000 0000 0000 0000 0000 0000 0000 0000.
0000 0000 0000 0000 0000 0000 0000 0000 0000 0000 0000 0000
0000 0000 0000 0000 0000 0000 0000 0000 0000 0000 0000 0000=
0000 ////////// 00000=
W=
LA
=
001 001 000 002 000 000 000 000 001 001 000 000
000 001 000 000 000 000 002 000 000 000 000 001 010.
001 000 000 001 003 015 030 030 030 030 015 008
004 002 002 001 001 007 006 001 002 001 000 001 191.
000 001 000 001 001 000 001 000 001 000 001 000
000 002 000 002 001 003 003 003 005 001 002 002 030.
001 002 001 000 001 001 001 001 000 001 001 000
001 000 002 001 002 004 003 003 003 004 002 002 037.
001 002 001 000 001 001 002 000 001 001 001 000
001 001 001 002 002 003 003 005 004 003 002 002 040.
001 001 000 001 001 001 001 000 002 000 001 000
000 002 000 002 001 002 004 004 003 002 001 001 031.
001 001 000 000 001 001 000 001 002 001 002 000
000 003 000 004 000 002 004 002 004 002 000 000 031.
001 000 002 004 016 000 000 001 000 000 001 001
000 000 001 000 002 000 002 001 002 002 001 002 039.
002 001 000 002 000 001 001 000 001 000 000 001
001 000 000 001 001 000 000 001 001 000 001 000 015.
002 000 001 000 001 001 003 000 030 030 030 030
030 030 030 030 017 024 030 017 002 001 002 001 342.
002 008 012 011 005 005 004 002 002 000 001 000
002 000 001 000 000 000 002 001 001 001 003 000 063.
001 000 000 000 000 001 000 000 001 000 000 000
002 000 002 002 002 001 000 000 003 002 001 000 018.
001 000 002 001 001 000 001 000 001 001 001 001
000 001 000 001 000 001 000 001 001 001 000 000 016.
001 000 000 001 001 000 000 001 000 000 001 000
000 001 000 000 002 000 002 001 001 001 000 001 014.
000 001 000 000 000 001 000 000 001 000 001 000
000 000 001 000 001 000 001 001 001 000 002 002 013.
001 000 002 000 000 001 000 000 001 001 000 001
001 000 001 000 000 001 002 001 000 001 000 001 015.
001 000 001 001 000 001 000 001 000 000 011 030
024 009 000 002 000 001 000 001 000 001 000 001 085.
001 000 002 001 000 001 000 000 001 001 006 001
001 000 001 000 001 008 021 023 029 015 018 015 146.
010 006 005 004 004 002 002 007 005 003 004 003
002 002 001 000 001 003 001 001 000 002 002 000 070.
001 000 001 000 001 000 001 001 000 001 000 000
001 001 001 001 001 002 002 002 004 001 001 002 025.
000 001 000 001 001 001 001 001 000 001 001 000
001 000 001 000 003 001 002 003 002 002 002 000 025.
001 002 001 001 001 000 001 001 001 000 001 001
001 000 001 002 001 002 003 003 003 002 002 001 032.
001 001 002 001 001 002 000 001 001 001 001 000
002 002 000 001 002 002 003 004 001 004 001 002 036.
001 001 000 001 001 001 001 001 001 000 000 002
000 002 000 001 001 001 000 001 000 001 000 002 019.
001 000 001 000 001 000 001 001 000 001 000 000
001 001 000 001 000 002 001 001 002 001 001 001 018.
000 001 001 001 000 000 001 001 000 000 001 000
007 000 002 001 002 002 000 002 000 001 001 001 025.
000 000 001 000 000 001 001 001 000 001 000 000
000 001 000 000 000 001 000 001 000 000 001 000 009.
001 000 001 000 001 000 002 000 001 002 000 000
001 000 000 001 000 000 001 001 001 003 001 001 018.
000 000 001 000 001 000 001 001 001 001 000 001
001 001 000 001 000 001 001 001 000 001 001 000 015.
001 000 001 000 001 000 000 001 000 000 000 001
001 000 001 000 002 001 002 002 002 002 001 002 021=
Z=
G=
FN
223006 077007 073006 085013 004005 058005
089016 133006 074008 073009 076011 127013
138009 166016 192011 332017 343011 358010
300006 PPC001 290006 345007 277007 244008.
269006 181007 221007 171011 105017 118011
164005 178013 130015 182010 142003 112008
205007 PPC002 197005 198007 062007 254018
218025 308006 222008 211009 290007 PPC002.
222008 309005 191005 281011 048008 304009
304009 335006 343011 004006 356010 347008
292010 296010 243013 320007 220017 237017
162029 146028 162027 138020 121013 149016.
129004 310011 326015 303005 219009 342008
244005 226008 245010 PPC000 334004 248009
201008 094006 145017 144027 099031 131022
120028 117020 135024 100030 094022 068019.
068018 078006 217009 259007 321009 228008
220008 PPC001 008005 269007 PPC001 238009
166015 134009 007007 114014 129012 166021
086026 152023 173023 131027 115021 126013.
091014 076012 079010 071008 246008 330010
341009 251009 PPC002 035007 333007 348011
190012 090013 205013 122018 091020 188017
089020 175019 179027 191013 167015 166012.
132014 097011 360005 001007 204010 006008
001005 337008 350008 010010 358006 PPC001
109010 128021 075017 063020 171020 207027
180026 187024 123019 076016 111019 005003.
031007 214011 167019 165015 236010 276006
247009 326006 326005 344005 PPC000 PPC001
PPC002 PPC001 138010 114018 107027 130024
139026 131021 106017 105015 140015 134014.
151024 172020 182006 176011 184011 190007
155007 148009 043008 140010 165012 198013
101020 132015 083018 049010 212011 069010
213006 140011 317006 280005 235009 257004.
232012 280009 177013 149010 144023 177017
164016 132010 312003 321013 240009 193017
166009 110012 353006 355010 352007 270009
330006 282007 288009 330007 235006 PPC001.
269010 270012 275008 231009 247010 268009
317006 262008 345005 240006 171004 PPC001
275004 PPC002 114007 200012 130012 209008
098007 089007 344013 042006 PPC000 239007.
270005 PPC002 PPC000 221006 256005 258007
282006 275007 233007 284006 PPC000 166004
257007 101019 131022 130033 155024 151024
167023 191010 184014 192007 206010 124013.
109019 132019 144016 129022 125018 126015
131011 091013 134008 116015 122022 155016
092017 135019 137005 143009 163013 125014
168014 116010 148011 156010 179008 PPC000.
203009 220007 146010 110009 006007 274013
228009 285007 190003 PPC000 182010 148011
146008 177008 089012 126011 135014 177019
149020 195017 151015 137012 117012 126010.
092006 020006 077006 188008 187015 173013
156012 163007 181006 123007 PPC000 150008
137013 100009 147014 137014 180016 143018
127026 131031 130020 137018 137011 170017.
157012 152013 156013 123007 PPC000 196004
161008 099011 089014 126010 133010 087009
125016 145015 133020 118017 084010 129013
158018 157021 133019 106007 148013 139016.
128018 124015 091013 158012 004005 123004
115010 126010 116019 155020 101015 112016
104016 117015 119008 190004 157005 192014
173015 143024 135016 160032 158029 163017.
158018 133018 122025 158018 091013 135018
154009 104008 136003 155016 125013 PPC000
268008 317011 212011 226005 256005 272011
163010 147013 167007 241011 163008 203004.
198005 155007 253006 207004 189006 096004
072011 186008 262009 PPC000 129006 PPC001
124010 198010 229013 176018 051008 165028
179020 130027 086013 118017 105014 154015.
144013 127018 066008 093011 106006 001009
340008 073003 348004 PPC001 350003 356009
350007 289008 117014 138028 082023 131028
132020 123018 159027 133022 121017 112014.
068010 347013 331011 319011 311007 PPC000
236006 310006 327007 022007 323019 318006
189008 166008 044010 178010 185012 153028
185027 148022 120016 152015 115003 317012.
225008 318011 327009 PPC000 265008 208007
087006 PPC002 340007 238006 293005 332009
265011 214014 239017 054010 199019 140026
138016 092014 120024 083025 116016 PPC002.
330008 007006 320009 340011 325019 293007
268009 340004 265009 286005 274007 271009
275012 281009 332009 039016 220016 217014
185024 142024 189022 117026 143015 155017.
187008 025006 085005 339013 PPC002 318010
355005 331020 018005 291007 282006 159005
256006 269006 266012 288011 327006 349011
025012 343005 PPC000 PPC001 PPC002 032009.
325007 207007 356008 356007 338009 240007
253004 343009 018006 352006 039005 357007
346003 222007 358010 145012 034018 040009
081020 200018 159031 160017 141018 138017.
077010 086007 161006 092005 144006 273008
328009 260006 307003 217005 005008 309004
233010 283010 085013 102009 121014 064013
212007 354009 PPC001 228008 310006 323009.
320012 327013 245009 340004 023005 322012
336007 333006 321007 PPC001 251008 290004
311006 258006 317006 328008 318004 313006
273014 301008 268011 256008 193009 PPC000.
288006 088005 324009 354004 341006 151009
PPC000 030007 PPC002 322005 148009 335006
098010 125011 124006 140008 130017 099014
109011 169012 171012 106013 183014 122008.
158012 089011 125015 107006 103011 105014
160019 151026 153015 139017 163011 156009
170010 162011 187010 159017 216010 256011
301012 244013 311008 251012 271013 PPC002.
359008 045005 359005 342011 311009 224006
321005 289007 PPC000 PPC000 326003 169005
230007 182008 266009 268014 169015 132010
092029 132020 068022 097032 099016 133016=
199006 030003 PPC002 098009 PPC002 100007
095013 142007 072009 065009 088011 132013
140010 142015 166011 335018 351012 356011
310006 PPC002 274006 331008 253008 244010.
235008 170006 192009 168007 124015 121010
166007 172010 140007 158012 211007 134007
196007 159009 223007 199009 152012 255018
243017 289009 273007 211009 275008 210005.
220007 278009 222006 272011 038007 322010
318009 340007 360007 018009 009009 349008
283011 285011 244016 010008 230015 246019
164025 143028 166027 140017 125014 146011.
125005 336008 328014 312007 199007 305008
238008 233007 238010 057003 352006 309009
243008 123010 122014 160020 121027 171028
127031 125026 133026 099025 101022 073017.
078019 085008 229008 238008 345006 242009
218009 PPC001 357005 243007 325004 248010
157017 132017 086016 092019 105019 175024
133022 142028 147021 134026 128018 121015.
114010 072012 083010 058008 218007 322010
328011 244008 302005 019003 343010 352009
135009 121013 158014 128023 134021 168017
104023 168020 160022 175014 173017 155017.
135013 087009 024004 023010 227004 341010
011006 337006 345008 026010 333007 298004
098008 103018 116018 087019 169013 193022
184024 188027 148017 092016 110016 038009.
014009 232008 177018 151015 278007 270006
217008 306006 305006 337004 PPC000 214007
282005 185004 118012 111020 103024 106023
131025 139020 108022 103025 133016 125014.
151019 169020 193007 174011 169009 214006
163007 142011 073007 127010 159012 172011
104017 120013 176010 027008 195013 103010
164007 108008 342005 301005 251011 285007.
242012 266007 183011 167010 150018 172012
168016 133008 274005 330011 238008 185015
140013 119011 010006 351010 334008 264009
318005 255006 266007 318008 242006 PPC001.
274011 256010 283011 256008 262010 261009
300007 258005 342005 242006 186004 207004
306004 181005 163010 202011 137009 209007
108006 056004 348007 016006 PPC000 256006.
249007 311008 314005 186006 308005 230008
285004 277007 264010 315007 PPC000 177004
249006 111016 141023 147036 158031 157027
178025 185014 170015 201007 193007 134014.
131018 139019 140018 133022 127015 123017
119012 094011 116011 110017 130022 156010
092015 129015 152008 151009 095009 132012
137014 130009 158009 137007 181006 293004.
215007 226008 154012 098008 358005 273011
251009 271011 205003 PPC000 164010 154011
134010 122011 084012 126011 139015 184019
148022 178017 165012 118012 118011 088009.
052005 034007 099004 190009 171012 173014
150011 150009 170006 155008 PPC000 157011
146013 117009 173013 145011 143013 156019
130024 124023 127025 135014 154016 176020.
171013 154013 152014 142008 146006 212005
160009 098010 097017 130014 136012 093010
126013 141014 104021 135021 025009 036011
168022 149022 105016 098008 160011 142016.
125020 137017 090017 151012 154005 PPC002
128011 131013 117018 152020 120014 132016
107017 115013 121006 144003 131005 186014
148013 157028 137020 155040 156030 156028.
155022 141021 133022 145018 105016 124016
139012 138012 154004 155016 124012 346003
281007 325010 208010 229007 218009 268009
153008 154012 192006 250007 183010 177006.
263005 184008 232006 043005 196008 091007
081010 161007 260009 358003 106007 220003
155008 260005 167010 177015 095013 164022
183020 126022 126014 113016 121012 150014.
137014 127014 062009 084014 102006 009010
305005 017003 002007 353004 003006 358007
340008 304008 108010 156020 128022 124028
134026 115023 156027 148022 120015 121012.
070010 351009 332012 336011 336008 304005
224007 290007 320003 031007 327017 292005
281008 163010 336012 142011 140012 169026
169024 150022 139019 155015 141003 302009.
247008 337012 306008 PPC002 265010 227008
055006 006007 318007 234007 282007 313007
234008 197010 204016 062012 182022 167021
124025 163012 126022 105024 126016 066006.
338011 003010 308009 314007 320017 306008
282007 272006 276009 282005 273008 268009
276015 255010 002013 032015 249011 189014
192023 147022 173023 120022 130020 151014.
186009 009008 046007 348011 018005 315009
029008 342020 356007 296007 277007 177007
266006 274006 280009 304011 307010 346012
006012 342006 PPC000 PPC002 049003 017009.
279005 209007 353005 004007 330009 249006
265006 334009 012007 359005 PPC002 304008
349007 320009 011010 105011 074014 032009
119016 187020 165024 145016 148022 122012.
074012 086008 132009 063004 147008 282007
298006 262006 293003 245009 017008 332007
280007 265012 106013 111009 148010 076011
228006 352008 232003 217007 259006 330010.
321010 330015 261011 335008 025005 322017
351008 329004 299004 PPC002 223006 260004
327003 261005 312006 272005 276006 268008
277010 285011 275010 264010 192007 341003.
235006 032005 305006 097003 019007 179008
036004 009007 286003 280005 165007 328005
105013 119012 078007 106009 126012 128016
115017 136016 130011 131013 174014 081007.
165011 104012 137013 057005 094012 112012
151015 149021 156019 135018 162011 157010
169011 220010 226008 165014 216007 260010
277015 270017 279011 230011 278007 285005.
015010 034005 035005 333013 324011 229003
299003 290008 291004 PPC001 356004 PPC002
213006 196008 207007 260014 165016 141018
113024 138019 103019 109021 091016 139014=
022342 1150 033343 1150
023274 1343 036286 1336
036146 1519 050130 1517
038165 1419 053173 1415
034153 1609 054079 1502
028096 1327 044113 1345
028186 1558 038190 1608
030134 1536 042128 1535
024270 1930 034153 2102
023152 0113 034136 0105
017138 1130 025142 1128
045160 1316 068139 1331
026118 0645 039128 0639
022148 1453 030150 1454
027124 1656 039122 1559
024142 1138 033122 1131
040155 1756 056153 1751
029144 2025 042187 2240
027175 1346 036196 1401
031163 1335 046150 1518
030176 1518 041173 1516
028150 1522 045096 1808
028233 1444 043159 1756
020151 2018 028142 2021
030163 1705 044184 1737
014118 2008 025088 1347
018325 0158 028326 2141
022130 1454 032130 1438
026151 0406 039139 0510
026135 1339 043091 1758=
DB
0234 0233 0233 0232 0232 0232 0231 0231 0229 0228 0227 0232
0236 0238 0244 0240 0234 0240 0239 0240 0241 0240 0240 0239 0248 1114 0227 0538.
0239 0239 0240 0240 0240 0240 0240 0240 0239 0238 0237 0237
0237 0238 0240 0241 0242 0241 0239 0239 0240 0240 0241 0240 0242 1250 0237 0655.
0239 0238 0238 0237 0235 0235 0234 0233 0231 0230 0229 0228
0228 0301 0386 0425 0431 0437 0397 0368 0317 0270 0250 0240 0444 1352 0228 0712.
0234 0229 0224 0221 0217 0215 0211 0206 0204 0200 0204 0247
0312 0376 0410 0448 0450 0443 0397 0390 0339 0277 0239 0226 0481 1355 0199 0603.
0224 0217 0211 0207 0203 0200 0197 0193 0190 0187 0197 0248
0315 0391 0450 0477 0497 0500 0484 0403 0364 0290 0254 0240 0508 1330 0187 0549.
0233 0228 0235 0221 0220 0215 0209 0204 0201 0197 0210 0258
0346 0383 0429 0474 0494 0511 0482 0426 0359 0298 0268 0257 0518 1404 0197 0559.
0255 0251 0253 0248 0247 0244 0243 0241 0231 0225 0234 0282
0361 0429 0479 0512 0477 0538 0474 0417 0352 0324 0299 0291 0548 1336 0224 0608.
0277 0276 0272 0264 0258 0258 0258 0256 0254 0249 0253 0263
0295 0307 0302 0334 0358 0402 0365 0363 0317 0287 0270 0266 0412 1353 0248 0637.
0260 0256 0256 0255 0254 0253 0254 0252 0251 0250 0251 0271
0304 0314 0321 0295 0317 0341 0322 0305 0287 0279 0269 0262 0358 1348 0249 0603.
0260 0258 0255 0255 0251 0247 0244 0245 0239 0237 0240 0240
0238 0239 0246 0259 0253 0251 0273 0260 0259 0252 0246 0244 0274 1456 0236 0835.
0241 0240 0239 0239 0239 0238 0238 0237 0238 0238 0239 0242
0247 0265 0257 0258 0255 0255 0259 0254 0251 0248 0246 0245 0274 1120 0237 0145.
0244 0244 0244 0244 0243 0243 0243 0242 0242 0242 0243 0244
0250 0255 0250 0246 0248 0231 0223 0225 0221 0220 0218 0215 0260 1006 0215 1957.
0211 0207 0204 0201 0201 0199 0200 0200 0199 0197 0195 0200
0216 0229 0232 0239 0235 0250 0241 0229 0223 0217 0212 0211 0256 1326 0194 0637.
0208 0207 0204 0205 0204 0202 0202 0201 0202 0202 0204 0209
0236 0259 0271 0300 0316 0345 0366 0314 0267 0249 0237 0234 0395 1443 0201 0203.
0230 0225 0223 0221 0219 0217 0216 0215 0215 0215 0217 0222
0239 0266 0287 0302 0339 0300 0290 0261 0241 0233 0223 0218 0340 1254 0214 0457.
0216 0214 0213 0213 0212 0213 0212 0211 0207 0206 0209 0219
0236 0255 0262 0280 0316 0317 0298 0270 0262 0243 0230 0223 0334 1323 0205 0551.
0218 0216 0214 0213 0211 0213 0211 0209 0205 0203 0202 0202
0205 0211 0229 0243 0264 0263 0260 0246 0234 0212 0205 0203 0282 1332 0198 0636.
0199 0198 0195 0195 0195 0194 0194 0193 0194 0189 0191 0199
0206 0224 0239 0252 0225 0219 0218 0208 0209 0201 0197 0195 0255 1154 0189 0549.
0195 0193 0194 0192 0191 0189 0189 0191 0189 0189 0194 0215
0237 0271 0330 0415 0376 0352 0321 0300 0272 0246 0234 0228 0426 1323 0189 0132.
0223 0220 0215 0209 0202 0194 0186 0181 0180 0180 0193 0233
0324 0380 0423 0437 0431 0416 0382 0344 0306 0259 0235 0225 0445 1153 0177 0617.
0217 0211 0205 0200 0195 0190 0184 0182 0177 0176 0188 0224
0319 0390 0411 0453 0456 0436 0402 0355 0315 0262 0233 0221 0459 1255 0175 0532.
0213 0207 0201 0204 0197 0191 0183 0180 0174 0170 0182 0243
0345 0410 0434 0470 0479 0463 0422 0375 0314 0260 0227 0212 0488 1309 0169 0610.
0200 0192 0186 0179 0176 0171 0165 0161 0158 0154 0165 0245
0337 0415 0455 0480 0487 0477 0427 0363 0325 0266 0237 0222 0495 1246 0154 0559.
0215 0213 0216 0212 0206 0206 0205 0198 0200 0199 0208 0246
0300 0304 0335 0354 0335 0316 0328 0291 0260 0243 0231 0223 0438 1125 0197 0406.
0220 0218 0215 0210 0208 0205 0206 0204 0202 0202 0209 0247
0268 0316 0339 0338 0470 0358 0335 0307 0271 0244 0237 0230 0475 1259 0200 0549.
0226 0221 0219 0216 0214 0214 0213 0213 0213 0206 0215 0248
0303 0347 0352 0331 0376 0371 0310 0286 0253 0255 0241 0236 0406 1313 0200 0632.
0233 0223 0223 0224 0223 0221 0223 0224 0223 0224 0225 0230
0240 0246 0251 0256 0240 0238 0239 0245 0230 0227 0226 0226 0260 1153 0219 0156.
0225 0223 0222 0223 0220 0220 0221 0220 0220 0221 0221 0224
0227 0238 0240 0253 0248 0244 0239 0224 0218 0211 0213 0213 0255 1214 0210 1753.
0212 0213 0209 0210 0210 0207 0207 0203 0201 0200 0201 0209
0217 0244 0249 0238 0260 0295 0319 0305 0262 0231 0215 0214 0334 1457 0199 0522.
0208 0198 0203 0203 0201 0204 0205 0202 0199 0203 0205 0222
0249 0298 0317 0365 0296 0314 0287 0294 0264 0231 0219 0218 0421 1221 0198 2158=
0247 0246 0244 0244 0243 0242 0242 0241 0240 0239 0238 0238
0239 0240 0241 0243 0242 0242 0243 0243 0243 0243 0243 0243.
0243 0243 0243 0243 0243 0242 0242 0242 0242 0241 0240 0240
0239 0239 0239 0240 0241 0242 0242 0241 0241 0242 0242 0242.
0242 0241 0241 0240 0239 0239 0238 0237 0236 0235 0234 0233
0232 0233 0267 0296 0315 0326 0327 0322 0308 0291 0277 0266.
0259 0253 0248 0243 0239 0236 0233 0230 0227 0224 0221 0225
0242 0264 0288 0306 0316 0321 0319 0315 0306 0292 0277 0263.
0254 0249 0243 0237 0233 0229 0226 0222 0219 0216 0214 0220
0238 0260 0284 0306 0322 0333 0339 0335 0323 0307 0289 0275.
0266 0259 0254 0250 0245 0242 0238 0234 0230 0227 0225 0231
0249 0272 0292 0303 0310 0328 0339 0335 0324 0309 0294 0283.
0275 0270 0266 0263 0261 0259 0256 0255 0252 0248 0245 0249
0263 0283 0305 0327 0343 0353 0358 0353 0336 0324 0312 0302.
0296 0290 0286 0281 0275 0269 0269 0267 0266 0264 0262 0264
0267 0275 0283 0288 0301 0314 0318 0318 0312 0301 0290 0282.
0277 0273 0269 0267 0266 0264 0263 0262 0261 0260 0259 0260
0266 0276 0279 0284 0282 0292 0297 0293 0288 0284 0279 0274.
0271 0268 0267 0265 0263 0260 0258 0257 0254 0249 0248 0249
0244 0244 0245 0248 0253 0253 0256 0259 0258 0257 0254 0252.
0250 0249 0248 0247 0246 0245 0245 0244 0244 0244 0244 0245
0246 0249 0254 0257 0256 0255 0255 0256 0256 0254 0252 0251.
0250 0249 0249 0248 0248 0248 0248 0247 0247 0247 0247 0247
0248 0251 0253 0252 0251 0247 0242 0239 0237 0235 0233 0232.
0229 0226 0223 0221 0219 0218 0217 0216 0215 0214 0212 0212
0213 0218 0223 0229 0231 0235 0236 0235 0232 0229 0226 0224.
0222 0220 0219 0217 0217 0216 0214 0214 0213 0213 0213 0214
0220 0227 0244 0249 0255 0263 0280 0284 0274 0263 0254 0248.
0244 0241 0238 0235 0233 0231 0230 0228 0227 0226 0226 0226
0230 0238 0246 0251 0263 0268 0268 0263 0256 0248 0241 0237.
0233 0230 0228 0227 0225 0225 0224 0223 0222 0220 0219 0220
0225 0231 0236 0241 0253 0263 0266 0262 0257 0252 0246 0240.
0236 0232 0230 0227 0226 0225 0224 0223 0221 0219 0216 0214
0215 0216 0221 0227 0235 0243 0244 0244 0239 0234 0228 0223.
0219 0216 0213 0212 0210 0210 0209 0208 0207 0206 0204 0205
0208 0212 0219 0225 0227 0227 0224 0222 0218 0216 0213 0210.
0208 0207 0206 0205 0204 0203 0202 0201 0201 0201 0201 0204
0212 0223 0238 0267 0289 0299 0291 0282 0272 0262 0252 0246.
0240 0236 0233 0229 0224 0219 0214 0210 0206 0204 0201 0207
0224 0249 0274 0295 0309 0316 0314 0306 0295 0281 0267 0256.
0247 0240 0234 0229 0224 0219 0215 0211 0208 0204 0202 0208
0223 0247 0273 0294 0310 0319 0319 0309 0299 0285 0270 0257.
0247 0240 0234 0229 0225 0221 0216 0212 0208 0204 0201 0207
0227 0252 0277 0298 0316 0327 0328 0317 0304 0287 0269 0256.
0245 0235 0228 0221 0216 0211 0206 0201 0197 0194 0191 0197
0217 0245 0274 0299 0319 0328 0330 0320 0308 0292 0273 0260.
0250 0243 0240 0236 0233 0229 0228 0225 0222 0220 0219 0223
0235 0246 0256 0274 0279 0280 0279 0275 0266 0259 0252 0246.
0241 0238 0235 0232 0229 0226 0224 0223 0221 0220 0219 0222
0230 0241 0260 0264 0283 0292 0288 0283 0276 0265 0256 0249.
0245 0241 0238 0235 0233 0231 0230 0229 0228 0226 0223 0225
0235 0252 0264 0268 0275 0288 0285 0276 0268 0264 0258 0253.
0248 0245 0242 0239 0238 0237 0235 0235 0234 0234 0233 0234
0235 0237 0240 0242 0241 0241 0240 0240 0239 0237 0235 0234.
0233 0233 0232 0232 0231 0230 0230 0229 0229 0229 0228 0229
0230 0232 0234 0236 0239 0239 0239 0237 0233 0228 0225 0225.
0224 0223 0222 0221 0221 0220 0219 0218 0216 0214 0214 0214
0215 0220 0228 0231 0232 0239 0251 0257 0253 0245 0238 0232.
0227 0223 0220 0219 0218 0216 0216 0215 0214 0213 0213 0215
0222 0232 0248 0262 0276 0274 0271 0266 0264 0254 0244 0237=
0253 0252 0250 0249 0248 0247 0247 0246 0245 0245 0244 0243
0243 0243 0243 0244 0245 0244 0244 0245 0245 0245 0245 0245.
0245 0245 0245 0245 0245 0244 0244 0244 0244 0243 0243 0242
0241 0241 0241 0241 0241 0242 0242 0242 0242 0242 0243 0243.
0243 0242 0242 0242 0241 0241 0240 0240 0239 0238 0238 0237
0236 0235 0241 0256 0271 0282 0291 0295 0294 0289 0281 0274.
0268 0262 0258 0254 0251 0247 0244 0242 0239 0236 0234 0232
0236 0245 0257 0270 0281 0289 0294 0295 0294 0290 0283 0275.
0267 0262 0257 0252 0248 0244 0241 0238 0235 0232 0229 0228
0233 0242 0254 0268 0281 0292 0301 0306 0305 0301 0293 0284.
0277 0271 0266 0262 0258 0254 0251 0248 0244 0241 0239 0238
0242 0251 0262 0273 0282 0291 0301 0307 0306 0302 0296 0288.
0282 0277 0273 0270 0267 0265 0263 0261 0260 0257 0254 0253
0256 0263 0274 0288 0301 0310 0319 0323 0321 0316 0310 0303.
0298 0294 0290 0286 0283 0277 0275 0273 0272 0270 0268 0267
0267 0270 0274 0277 0283 0289 0297 0300 0301 0298 0293 0288.
0284 0280 0276 0274 0272 0270 0269 0268 0266 0265 0264 0263
0264 0268 0272 0275 0276 0279 0283 0285 0285 0283 0281 0278.
0275 0273 0271 0269 0268 0266 0264 0263 0261 0258 0255 0254
0251 0249 0248 0249 0250 0252 0253 0255 0256 0257 0256 0255.
0254 0253 0252 0251 0250 0249 0249 0248 0248 0248 0248 0247
0248 0248 0251 0253 0254 0254 0254 0255 0255 0255 0254 0253.
0253 0252 0252 0251 0251 0250 0250 0250 0250 0249 0249 0249
0249 0250 0251 0252 0252 0251 0249 0246 0244 0242 0241 0240.
0238 0236 0234 0232 0231 0229 0228 0226 0225 0224 0223 0222
0222 0223 0225 0228 0230 0232 0234 0235 0235 0234 0232 0231.
0229 0228 0227 0225 0224 0224 0223 0222 0221 0221 0220 0220
0221 0224 0230 0236 0242 0247 0254 0262 0264 0261 0257 0253.
0249 0247 0244 0242 0240 0238 0237 0235 0234 0233 0232 0232
0232 0234 0238 0242 0247 0254 0257 0257 0256 0252 0248 0245.
0242 0239 0237 0235 0234 0232 0231 0231 0230 0229 0227 0227
0227 0230 0233 0235 0240 0246 0252 0254 0253 0252 0249 0246.
0243 0240 0238 0236 0234 0233 0231 0230 0229 0228 0226 0224
0223 0222 0223 0226 0229 0234 0237 0239 0239 0238 0235 0232.
0229 0226 0224 0222 0220 0219 0218 0217 0216 0215 0214 0213
0214 0215 0217 0221 0224 0225 0226 0225 0223 0222 0220 0218.
0216 0215 0214 0213 0212 0211 0210 0209 0209 0208 0208 0208
0210 0214 0221 0232 0248 0260 0266 0266 0264 0261 0256 0251.
0247 0243 0240 0237 0234 0231 0227 0224 0220 0217 0215 0214
0218 0227 0240 0255 0267 0278 0284 0286 0284 0279 0273 0265.
0259 0253 0248 0243 0239 0235 0231 0228 0224 0221 0218 0217
0220 0228 0241 0255 0268 0279 0287 0289 0287 0283 0276 0268.
0261 0254 0249 0244 0240 0236 0233 0229 0226 0222 0219 0217
0221 0231 0244 0258 0271 0283 0291 0294 0292 0286 0278 0269.
0261 0253 0247 0241 0235 0231 0227 0222 0219 0215 0212 0210
0214 0224 0238 0254 0270 0283 0291 0294 0293 0288 0279 0270.
0263 0256 0251 0248 0244 0241 0239 0236 0234 0232 0230 0229
0232 0237 0243 0251 0259 0263 0265 0266 0264 0260 0256 0252.
0249 0246 0243 0241 0238 0236 0234 0232 0231 0229 0228 0227
0230 0233 0241 0248 0255 0266 0270 0270 0269 0265 0260 0256.
0252 0248 0245 0243 0241 0239 0237 0236 0235 0234 0232 0231
0232 0238 0246 0252 0257 0264 0269 0268 0265 0262 0260 0256.
0253 0251 0248 0246 0244 0242 0241 0240 0239 0238 0238 0237
0237 0238 0239 0240 0241 0241 0241 0241 0241 0240 0239 0238.
0237 0237 0236 0235 0235 0234 0234 0233 0233 0232 0232 0232
0232 0233 0233 0235 0236 0237 0238 0238 0236 0235 0232 0231.
0230 0229 0228 0227 0226 0226 0225 0224 0223 0222 0221 0220
0220 0221 0224 0227 0229 0231 0237 0243 0246 0245 0242 0238.
0235 0232 0229 0227 0225 0224 0223 0222 0221 0220 0220 0219
0221 0225 0232 0240 0250 0254 0257 0257 0257 0255 0250 0245=
0257 0256 0255 0254 0253 0252 0252 0251 0250 0250 0249 0248
0248 0248 0247 0248 0248 0248 0248 0248 0248 0248 0248 0248.
0248 0248 0247 0247 0247 0247 0247 0247 0246 0246 0245 0245
0244 0244 0243 0243 0244 0244 0244 0244 0244 0244 0245 0245.
0245 0245 0244 0244 0244 0244 0243 0243 0242 0242 0241 0240
0240 0239 0240 0245 0253 0262 0269 0275 0279 0280 0277 0274.
0270 0267 0263 0260 0258 0255 0253 0250 0248 0246 0244 0242
0241 0243 0248 0255 0263 0270 0276 0280 0282 0282 0280 0277.
0272 0268 0264 0261 0258 0254 0252 0249 0246 0244 0241 0239
0239 0241 0246 0254 0262 0271 0279 0284 0288 0289 0288 0284.
0280 0276 0272 0268 0265 0262 0260 0257 0254 0252 0249 0247
0247 0249 0254 0261 0267 0273 0280 0287 0290 0291 0290 0287.
0283 0280 0277 0274 0272 0270 0268 0266 0265 0263 0261 0259
0259 0261 0265 0272 0280 0288 0295 0301 0304 0304 0302 0299.
0297 0293 0291 0288 0286 0282 0280 0278 0276 0274 0273 0271
0271 0271 0272 0274 0276 0280 0284 0288 0291 0292 0291 0288.
0285 0283 0281 0278 0277 0275 0273 0272 0271 0270 0269 0268
0267 0268 0270 0272 0273 0275 0277 0279 0280 0280 0280 0279.
0277 0275 0274 0273 0272 0270 0269 0268 0266 0264 0262 0260
0257 0255 0253 0252 0253 0254 0254 0255 0256 0257 0257 0257.
0257 0256 0256 0255 0254 0254 0253 0253 0252 0252 0252 0251
0251 0251 0252 0253 0254 0255 0255 0256 0256 0256 0256 0256.
0255 0255 0255 0254 0254 0254 0253 0253 0253 0253 0252 0252
0252 0252 0253 0253 0253 0253 0253 0251 0250 0249 0247 0246.
0245 0244 0242 0241 0239 0238 0237 0236 0234 0233 0232 0231
0230 0230 0231 0232 0233 0234 0236 0237 0237 0237 0237 0236.
0235 0234 0233 0233 0232 0231 0230 0229 0229 0228 0227 0227
0227 0228 0230 0233 0237 0240 0244 0249 0254 0255 0255 0253.
0252 0250 0248 0246 0245 0244 0242 0241 0240 0239 0238 0237
0237 0237 0239 0241 0243 0247 0250 0252 0253 0252 0251 0249.
0247 0245 0243 0242 0240 0239 0238 0237 0236 0235 0234 0233
0233 0233 0234 0236 0238 0241 0245 0248 0249 0250 0249 0248.
0247 0245 0243 0242 0240 0239 0238 0237 0236 0235 0234 0232
0230 0229 0229 0229 0231 0233 0235 0237 0239 0239 0238 0237.
0235 0233 0232 0230 0228 0227 0226 0225 0224 0223 0222 0221
0221 0221 0222 0223 0225 0226 0227 0228 0227 0226 0225 0224.
0223 0222 0221 0220 0219 0218 0218 0217 0216 0215 0215 0214
0215 0216 0219 0224 0231 0240 0248 0252 0254 0254 0253 0251.
0248 0246 0244 0242 0240 0238 0235 0233 0230 0228 0226 0224
0223 0226 0231 0239 0247 0256 0263 0268 0270 0271 0269 0266.
0262 0258 0254 0251 0248 0244 0241 0238 0236 0233 0230 0228
0227 0229 0234 0241 0250 0258 0266 0271 0273 0274 0272 0269.
0265 0261 0257 0253 0249 0246 0243 0240 0237 0235 0232 0229
0229 0231 0236 0244 0252 0261 0269 0274 0277 0277 0275 0271.
0266 0261 0257 0252 0248 0244 0240 0237 0233 0230 0227 0224
0224 0226 0231 0239 0249 0259 0267 0273 0276 0277 0275 0271.
0267 0262 0259 0255 0252 0250 0247 0245 0243 0241 0239 0238
0237 0238 0241 0244 0249 0253 0256 0258 0259 0259 0257 0255.
0253 0251 0249 0247 0245 0243 0241 0240 0238 0237 0236 0235
0234 0235 0238 0242 0246 0252 0257 0260 0261 0261 0260 0258.
0255 0253 0251 0249 0247 0245 0244 0242 0241 0240 0239 0238
0237 0238 0242 0246 0249 0253 0257 0260 0261 0260 0259 0257.
0255 0254 0252 0250 0249 0247 0246 0245 0244 0243 0242 0242
0241 0241 0241 0242 0243 0243 0243 0243 0243 0243 0242 0241.
0241 0240 0240 0239 0239 0238 0238 0237 0237 0237 0236 0236
0236 0236 0236 0237 0237 0238 0239 0239 0239 0238 0237 0236.
0235 0234 0233 0232 0232 0231 0230 0230 0229 0228 0227 0227
0226 0226 0227 0228 0230 0231 0233 0237 0240 0242 0242 0240.
0239 0237 0235 0233 0232 0230 0229 0228 0228 0227 0226 0225
0225 0226 0229 0233 0238 0243 0247 0250 0250 0251 0250 0248=
0256 0256 0255 0255 0254 0253 0253 0252 0251 0251 0250 0250
0249 0249 0248 0248 0248 0248 0248 0248 0248 0248 0248 0248.
0248 0247 0247 0247 0247 0247 0247 0247 0246 0246 0245 0245
0244 0244 0243 0243 0243 0243 0243 0243 0243 0243 0244 0244.
0244 0244 0244 0244 0243 0243 0243 0243 0242 0242 0241 0241
0240 0240 0239 0240 0243 0248 0253 0258 0262 0265 0266 0266.
0265 0263 0262 0260 0258 0256 0254 0253 0251 0249 0247 0246
0244 0244 0245 0248 0252 0256 0261 0265 0268 0270 0270 0270.
0269 0267 0264 0262 0260 0257 0255 0253 0251 0249 0247 0245
0244 0243 0244 0247 0251 0256 0261 0266 0271 0274 0275 0275.
0274 0272 0270 0268 0266 0264 0262 0260 0258 0256 0254 0252
0250 0250 0251 0254 0257 0261 0265 0270 0274 0277 0278 0278.
0277 0275 0274 0272 0270 0269 0267 0266 0265 0263 0262 0261
0260 0259 0260 0263 0267 0271 0276 0281 0285 0288 0289 0289.
0288 0287 0285 0284 0282 0280 0279 0277 0275 0274 0273 0271
0270 0269 0269 0270 0271 0272 0274 0277 0279 0281 0282 0282.
0281 0280 0278 0277 0276 0274 0273 0272 0271 0270 0269 0268
0267 0267 0267 0268 0269 0270 0271 0272 0273 0274 0274 0274.
0274 0273 0272 0271 0271 0270 0269 0268 0267 0265 0263 0262
0259 0257 0255 0254 0253 0253 0254 0254 0254 0255 0256 0256.
0256 0256 0255 0255 0255 0254 0254 0253 0253 0253 0252 0252
0252 0252 0252 0252 0252 0253 0253 0254 0254 0254 0254 0254.
0254 0254 0254 0253 0253 0253 0253 0253 0252 0252 0252 0252
0252 0251 0252 0252 0252 0252 0252 0252 0251 0250 0249 0248.
0247 0246 0245 0244 0243 0242 0241 0240 0239 0238 0237 0236
0235 0235 0234 0234 0235 0235 0236 0237 0237 0238 0238 0237.
0237 0236 0236 0235 0235 0234 0233 0233 0232 0231 0231 0230
0230 0230 0230 0231 0233 0235 0238 0241 0244 0247 0248 0248.
0248 0247 0247 0246 0245 0244 0243 0242 0241 0241 0240 0239
0238 0238 0238 0239 0240 0242 0244 0246 0247 0248 0248 0247.
0246 0245 0244 0243 0242 0241 0240 0239 0239 0238 0237 0236
0236 0235 0235 0236 0236 0238 0240 0242 0243 0245 0245 0245.
0245 0244 0243 0242 0241 0240 0240 0239 0238 0237 0236 0235
0234 0233 0232 0232 0232 0232 0233 0235 0236 0237 0237 0237.
0236 0235 0234 0233 0232 0231 0230 0229 0228 0227 0226 0226
0225 0224 0224 0225 0225 0226 0227 0227 0227 0227 0227 0226.
0225 0225 0224 0223 0222 0222 0221 0220 0220 0219 0218 0218
0218 0218 0219 0220 0223 0228 0233 0238 0241 0243 0244 0244.
0244 0243 0242 0241 0240 0238 0237 0235 0234 0232 0230 0229
0227 0227 0228 0231 0235 0241 0246 0251 0254 0257 0258 0258.
0257 0255 0253 0251 0249 0247 0244 0242 0240 0238 0236 0234
0232 0232 0233 0235 0239 0244 0249 0254 0258 0260 0261 0261.
0260 0258 0256 0254 0251 0249 0247 0245 0242 0240 0238 0236
0234 0233 0234 0237 0241 0246 0252 0257 0261 0263 0264 0264.
0262 0260 0257 0254 0251 0249 0246 0243 0240 0238 0235 0233
0231 0230 0231 0234 0238 0244 0250 0255 0259 0262 0264 0263.
0262 0260 0258 0255 0253 0251 0249 0247 0246 0244 0243 0241
0240 0239 0240 0241 0243 0246 0248 0250 0252 0252 0252 0252.
0251 0250 0249 0247 0246 0245 0243 0242 0241 0240 0239 0238
0237 0236 0237 0238 0240 0243 0246 0249 0252 0253 0253 0253.
0252 0251 0250 0248 0247 0246 0245 0244 0243 0242 0241 0240
0239 0238 0239 0241 0243 0245 0248 0250 0252 0253 0253 0253.
0252 0251 0250 0249 0248 0247 0246 0245 0245 0244 0243 0242
0242 0242 0241 0241 0241 0242 0242 0242 0242 0242 0241 0241.
0241 0240 0240 0239 0239 0239 0238 0238 0238 0237 0237 0236
0236 0236 0236 0236 0236 0237 0237 0237 0238 0237 0237 0236.
0236 0235 0234 0234 0233 0233 0232 0232 0231 0230 0230 0229
0229 0228 0228 0228 0229 0230 0230 0232 0234 0236 0237 0237.
0237 0236 0235 0234 0233 0232 0231 0231 0230 0229 0228 0228
0227 0227 0228 0229 0232 0235 0238 0240 0242 0243 0244 0244=
0252 0252 0251 0251 0251 0251 0251 0251 0251 0251 0251 0251
0251 0250 0250 0250 0250 0250 0250 0250 0250 0250 0249 0249.
0249 0249 0249 0249 0249 0249 0248 0248 0248 0248 0247 0247
0247 0246 0246 0246 0246 0246 0245 0245 0245 0245 0245 0245.
0245 0245 0245 0245 0245 0245 0244 0244 0244 0244 0244 0244
0243 0243 0243 0243 0243 0243 0242 0243 0243 0243 0243 0243.
0244 0244 0244 0244 0244 0244 0244 0244 0244 0244 0244 0244
0244 0244 0243 0243 0243 0243 0244 0244 0245 0245 0246 0247.
0247 0248 0248 0249 0249 0249 0249 0249 0248 0248 0248 0248
0247 0247 0246 0246 0246 0246 0246 0247 0247 0248 0249 0250.
0251 0251 0252 0252 0252 0253 0253 0253 0252 0252 0252 0252
0252 0251 0251 0251 0251 0251 0251 0251 0252 0252 0253 0254.
0254 0255 0255 0256 0256 0256 0256 0256 0256 0256 0256 0256
0256 0256 0256 0255 0255 0256 0256 0256 0257 0258 0259 0259.
0260 0261 0262 0262 0262 0263 0263 0263 0263 0263 0263 0263
0263 0263 0262 0262 0262 0262 0262 0263 0263 0263 0264 0264.
0264 0265 0265 0265 0265 0265 0265 0265 0265 0265 0264 0264
0264 0264 0264 0264 0263 0263 0263 0264 0264 0264 0264 0264.
0264 0264 0264 0264 0264 0264 0264 0264 0264 0264 0264 0264
0262 0261 0261 0260 0260 0260 0259 0259 0259 0259 0259 0259.
0259 0259 0259 0259 0258 0258 0258 0258 0258 0258 0257 0257
0257 0257 0256 0256 0256 0256 0256 0256 0256 0256 0256 0256.
0256 0256 0256 0256 0256 0255 0255 0255 0255 0255 0255 0255
0255 0255 0255 0255 0255 0254 0254 0254 0254 0254 0254 0254.
0253 0253 0253 0253 0252 0252 0252 0251 0251 0250 0250 0250
0249 0249 0248 0248 0248 0247 0247 0247 0247 0246 0246 0246.
0246 0246 0246 0245 0245 0245 0245 0245 0244 0244 0244 0244
0243 0243 0243 0243 0242 0242 0242 0243 0243 0243 0244 0244.
0244 0245 0245 0245 0246 0246 0246 0246 0246 0246 0245 0245
0245 0245 0245 0245 0245 0245 0245 0245 0245 0245 0246 0246.
0246 0246 0246 0246 0246 0246 0246 0246 0246 0245 0245 0245
0245 0244 0244 0244 0244 0244 0244 0244 0244 0244 0244 0244.
0244 0245 0245 0245 0245 0245 0245 0245 0244 0244 0244 0244
0243 0243 0243 0242 0242 0242 0242 0242 0241 0242 0241 0241.
0241 0241 0241 0241 0241 0241 0241 0240 0240 0240 0240 0239
0239 0239 0238 0238 0238 0237 0237 0237 0237 0237 0236 0236.
0236 0236 0236 0236 0235 0235 0235 0235 0234 0234 0234 0233
0233 0233 0233 0233 0232 0233 0233 0233 0234 0234 0235 0236.
0236 0237 0237 0238 0238 0238 0238 0238 0238 0238 0238 0238
0238 0237 0237 0237 0237 0237 0237 0238 0238 0239 0240 0241.
0241 0242 0242 0243 0243 0243 0243 0243 0243 0243 0243 0242
0242 0241 0241 0241 0241 0241 0241 0241 0242 0242 0243 0244.
0244 0245 0245 0245 0246 0246 0246 0245 0245 0245 0245 0244
0244 0243 0243 0243 0242 0242 0242 0243 0243 0244 0244 0245.
0245 0246 0246 0246 0246 0246 0246 0246 0245 0245 0245 0244
0243 0243 0242 0242 0242 0241 0241 0242 0242 0242 0243 0243.
0244 0244 0244 0245 0245 0245 0245 0245 0244 0244 0244 0244
0244 0243 0243 0243 0243 0243 0243 0243 0243 0243 0243 0243.
0244 0244 0244 0244 0244 0244 0244 0243 0243 0243 0243 0243
0242 0242 0242 0242 0242 0242 0242 0242 0242 0242 0243 0243.
0243 0243 0243 0243 0244 0244 0243 0243 0243 0243 0243 0243
0242 0243 0242 0242 0242 0242 0242 0242 0243 0243 0243 0243.
0243 0244 0244 0244 0244 0244 0244 0244 0244 0244 0244 0243
0243 0243 0243 0243 0243 0243 0243 0243 0243 0243 0243 0243.
0242 0243 0242 0242 0242 0242 0242 0242 0242 0242 0241 0241
0241 0241 0241 0241 0241 0241 0241 0241 0241 0241 0241 0240.
0240 0240 0240 0240 0240 0240 0240 0240 0239 0239 0239 0239
0239 0238 0238 0238 0238 0238 0238 0238 0238 0238 0238 0238.
0238 0238 0238 0238 0238 0238 0238 0238 0238 0237 0237 0237
0237 0237 0237 0237 0236 0236 0236 0237 0237 0237 0238 0238=
KB
0249 0249 0249 0249 0249 0249 0249 0249 0249 0249 0249 0249
0249 0249 0249 0249 0249 0249 0249 0249 0249 0249 0249 0248.
0248 0248 0248 0248 0248 0248 0248 0248 0248 0248 0248 0248
0248 0248 0248 0248 0248 0248 0248 0248 0248 0248 0248 0247.
0247 0247 0247 0247 0247 0247 0247 0247 0247 0247 0247 0247
0247 0247 0247 0247 0246 0246 0246 0246 0246 0246 0246 0246.
0246 0246 0246 0246 0245 0245 0245 0245 0245 0245 0245 0245
0245 0245 0245 0245 0245 0245 0245 0245 0245 0245 0245 0245.
0245 0245 0245 0245 0245 0245 0245 0245 0245 0245 0245 0245
0245 0245 0245 0245 0245 0245 0245 0245 0245 0245 0245 0245.
0245 0245 0245 0245 0245 0245 0245 0245 0245 0246 0246 0246
0246 0246 0246 0246 0246 0246 0246 0246 0246 0246 0246 0246.
0246 0247 0246 0247 0247 0247 0247 0247 0247 0247 0247 0247
0247 0248 0248 0248 0248 0248 0248 0248 0248 0248 0248 0248.
0248 0248 0248 0249 0249 0249 0249 0249 0249 0249 0250 0250
0250 0250 0250 0251 0251 0251 0251 0251 0251 0251 0251 0251.
0251 0252 0252 0252 0252 0252 0252 0252 0252 0252 0253 0253
0253 0253 0253 0253 0253 0253 0253 0253 0254 0253 0253 0254.
0253 0254 0254 0254 0254 0254 0254 0254 0254 0254 0255 0255
0256 0257 0256 0256 0256 0256 0256 0256 0256 0256 0256 0256.
0256 0256 0256 0256 0256 0256 0256 0256 0256 0255 0255 0255
0255 0255 0255 0255 0255 0255 0255 0255 0255 0255 0255 0254.
0254 0254 0254 0254 0254 0254 0254 0254 0254 0254 0254 0254
0254 0254 0254 0253 0254 0253 0253 0253 0253 0253 0253 0253.
0253 0253 0253 0253 0253 0253 0253 0253 0253 0252 0252 0252
0252 0252 0252 0252 0252 0252 0252 0252 0251 0251 0251 0251.
0251 0251 0251 0250 0250 0250 0250 0250 0250 0250 0250 0250
0249 0249 0249 0249 0249 0249 0249 0249 0248 0248 0248 0248.
0248 0248 0248 0248 0247 0247 0247 0247 0247 0247 0247 0247
0247 0247 0247 0247 0247 0247 0247 0247 0247 0247 0247 0247.
0247 0247 0247 0247 0247 0247 0247 0247 0246 0246 0247 0246
0246 0246 0246 0246 0246 0246 0246 0246 0246 0246 0246 0246.
0246 0246 0246 0246 0246 0246 0246 0246 0246 0246 0246 0246
0246 0246 0246 0245 0245 0245 0245 0245 0245 0245 0245 0245.
0245 0245 0245 0245 0245 0245 0244 0244 0244 0244 0244 0244
0244 0244 0244 0244 0244 0244 0243 0243 0243 0243 0243 0243.
0243 0243 0242 0242 0242 0242 0242 0242 0242 0242 0242 0242
0241 0241 0241 0241 0241 0241 0241 0241 0241 0240 0240 0240.
0240 0240 0240 0240 0240 0240 0240 0240 0240 0240 0240 0240
0240 0240 0240 0240 0240 0240 0240 0240 0240 0240 0240 0240.
0240 0240 0240 0240 0240 0240 0240 0240 0240 0240 0240 0240
0241 0241 0241 0241 0241 0241 0241 0241 0241 0241 0241 0241.
0241 0241 0241 0241 0241 0241 0241 0241 0241 0241 0242 0242
0242 0242 0242 0242 0242 0242 0242 0242 0242 0242 0242 0242.
0242 0242 0242 0242 0242 0242 0242 0242 0242 0242 0242 0242
0243 0243 0243 0243 0243 0243 0243 0243 0243 0243 0243 0243.
0243 0242 0242 0242 0243 0242 0243 0243 0243 0242 0243 0243
0243 0243 0243 0243 0243 0243 0243 0243 0243 0243 0243 0243.
0243 0243 0243 0243 0243 0243 0243 0243 0243 0243 0243 0243
0243 0243 0243 0243 0243 0243 0243 0243 0243 0243 0243 0243.
0242 0242 0242 0242 0242 0242 0242 0242 0243 0243 0243 0243
0242 0243 0243 0243 0243 0243 0243 0243 0243 0243 0242 0242.
0242 0242 0242 0242 0242 0242 0242 0243 0243 0243 0243 0243
0243 0243 0243 0243 0243 0243 0243 0243 0243 0243 0243 0243.
0243 0243 0243 0243 0243 0243 0242 0242 0242 0242 0242 0242
0242 0242 0242 0242 0242 0242 0242 0242 0242 0242 0242 0242.
0242 0242 0242 0242 0242 0242 0242 0242 0242 0242 0242 0242
0241 0241 0241 0241 0241 0241 0241 0241 0241 0241 0241 0241.
0241 0241 0241 0241 0240 0240 0240 0240 0240 0240 0240 0240
0240 0240 0240 0240 0240 0240 0240 0240 0240 0240 0240 0240=
0239 0239 0239 0239 0239 0239 0239 0239 0239 0239 0239 0240
0239 0239 0239 0239 0239 0239 0239 0239 0239 0239 0239 0239.
0239 0239 0239 0239 0239 0239 0239 0239 0239 0239 0240 0240
0239 0239 0239 0239 0239 0239 0239 0239 0239 0239 0239 0239.
0239 0239 0239 0239 0239 0239 0239 0239 0239 0239 0239 0239
0239 0239 0239 0239 0239 0239 0239 0239 0239 0239 0239 0239.
0239 0239 0239 0239 0239 0239 0239 0239 0239 0239 0239 0239
0239 0239 0239 0239 0239 0239 0239 0239 0239 0239 0239 0239.
0239 0239 0239 0239 0239 0239 0239 0239 0239 0239 0239 0239
0239 0239 0239 0239 0239 0239 0239 0239 0239 0239 0239 0239.
0239 0239 0239 0239 0239 0239 0239 0238 0238 0238 0238 0238
0238 0239 0238 0238 0238 0238 0238 0238 0238 0238 0238 0238.
0238 0238 0238 0238 0238 0238 0238 0238 0238 0238 0238 0238
0238 0238 0238 0238 0238 0238 0238 0238 0238 0238 0238 0238.
0238 0238 0238 0238 0238 0238 0238 0238 0238 0238 0238 0238
0238 0238 0238 0238 0238 0238 0238 0238 0238 0238 0238 0238.
0238 0238 0238 0238 0238 0238 0238 0238 0238 0238 0238 0238
0238 0238 0238 0238 0238 0238 0238 0238 0238 0238 0238 0238.
0238 0238 0238 0238 0238 0238 0238 0238 0238 0238 0238 0238
0240 0239 0239 0239 0239 0239 0239 0239 0239 0239 0239 0239.
0239 0239 0239 0240 0240 0240 0240 0240 0240 0240 0240 0240
0240 0240 0240 0240 0240 0240 0240 0240 0240 0240 0240 0240.
0240 0240 0240 0240 0240 0240 0240 0240 0240 0240 0240 0240
0241 0241 0240 0241 0241 0241 0240 0241 0240 0240 0241 0241.
0241 0241 0241 0241 0241 0241 0241 0241 0241 0241 0241 0241
0241 0241 0241 0241 0241 0241 0241 0241 0241 0241 0241 0241.
0241 0241 0241 0241 0241 0241 0241 0241 0241 0241 0241 0241
0241 0241 0241 0241 0241 0241 0241 0241 0241 0241 0241 0241.
0241 0241 0241 0241 0241 0241 0241 0241 0241 0241 0241 0241
0241 0241 0241 0241 0241 0241 0241 0241 0241 0241 0241 0241.
0241 0241 0241 0241 0241 0241 0241 0241 0241 0241 0241 0241
0241 0241 0241 0241 0241 0241 0241 0241 0241 0240 0241 0241.
0241 0241 0241 0240 0241 0241 0241 0241 0240 0241 0241 0240
0240 0240 0240 0240 0240 0240 0240 0240 0240 0240 0240 0240.
0240 0240 0240 0240 0240 0240 0240 0240 0240 0240 0240 0240
0240 0240 0240 0240 0240 0240 0240 0240 0240 0240 0240 0240.
0240 0240 0240 0240 0240 0240 0240 0240 0240 0240 0240 0240
0240 0240 0240 0240 0240 0240 0240 0240 0240 0240 0240 0240.
0240 0240 0240 0240 0240 0240 0240 0240 0240 0240 0240 0240
0240 0240 0240 0240 0240 0240 0240 0240 0240 0240 0239 0239.
0239 0239 0239 0239 0239 0239 0239 0239 0239 0239 0239 0239
0239 0239 0239 0239 0239 0239 0239 0239 0239 0239 0239 0239.
0239 0239 0239 0239 0239 0239 0239 0239 0239 0239 0239 0239
0239 0239 0239 0239 0239 0239 0239 0239 0239 0238 0239 0238.
0238 0238 0238 0238 0238 0238 0238 0238 0238 0238 0238 0238
0238 0238 0238 0238 0238 0238 0238 0238 0238 0238 0238 0238.
0238 0238 0238 0238 0238 0238 0238 0238 0238 0238 0238 0238
0238 0238 0238 0238 0238 0238 0238 0238 0238 0238 0238 0238.
0238 0238 0238 0238 0238 0238 0238 0238 0238 0238 0238 0238
0238 0238 0238 0238 0238 0238 0238 0238 0238 0238 0238 0238.
0238 0238 0238 0238 0238 0238 0238 0238 0238 0238 0238 0238
0237 0238 0238 0238 0238 0238 0238 0238 0238 0238 0238 0238.
0237 0237 0238 0237 0238 0238 0238 0237 0238 0238 0237 0237
0238 0237 0237 0237 0238 0237 0237 0238 0237 0237 0237 0237.
0237 0237 0238 0237 0237 0237 0237 0237 0237 0237 0237 0237
0237 0237 0237 0237 0237 0237 0237 0237 0237 0237 0237 0237.
0237 0237 0237 0237 0237 0237 0237 0237 0237 0237 0237 0237
0237 0237 0237 0237 0237 0237 0237 0237 0237 0237 0237 0237.
0237 0237 0237 0237 0237 0237 0237 0237 0237 0237 0237 0237
0237 0237 0237 0237 0237 0237 0237 0237 0237 0237 0237 0237=
0211 0211 0211 0211 0212 0212 0212 0212 0212 0212 0211 0212
0212 0212 0212 0212 0212 0212 0212 0212 0212 0212 0212 0211.
0212 0212 0212 0212 0212 0212 0212 0212 0212 0212 0212 0212
0212 0212 0212 0212 0212 0212 0212 0212 0212 0212 0212 0212.
0212 0212 0212 0212 0212 0212 0212 0212 0212 0212 0212 0212
0212 0212 0212 0212 0212 0212 0212 0212 0212 0212 0212 0212.
0212 0212 0212 0212 0212 0212 0212 0212 0212 0212 0212 0212
0212 0212 0212 0212 0212 0212 0212 0212 0212 0212 0212 0212.
0212 0212 0212 0212 0212 0212 0212 0212 0212 0212 0212 0212
0212 0213 0213 0213 0213 0213 0213 0213 0213 0213 0213 0213.
0213 0213 0213 0213 0213 0213 0213 0213 0213 0213 0213 0213
0213 0213 0213 0213 0213 0213 0213 0213 0213 0213 0213 0213.
0213 0213 0213 0213 0213 0213 0213 0213 0213 0213 0213 0213
0213 0213 0213 0213 0213 0213 0213 0213 0213 0213 0213 0213.
0213 0213 0213 0213 0213 0213 0213 0213 0213 0213 0213 0213
0213 0213 0213 0213 0213 0213 0213 0213 0213 0213 0213 0213.
0213 0213 0213 0213 0213 0213 0213 0213 0213 0213 0213 0213
0213 0213 0213 0213 0213 0213 0213 0213 0213 0213 0213 0213.
0213 0213 0213 0213 0213 0213 0213 0213 0213 0213 0213 0213
0213 0213 0213 0214 0214 0214 0214 0214 0214 0214 0214 0214.
0214 0214 0215 0215 0215 0215 0215 0215 0215 0215 0215 0215
0215 0215 0215 0215 0215 0215 0215 0215 0215 0215 0215 0216.
0216 0216 0216 0216 0216 0216 0216 0216 0216 0216 0216 0216
0216 0216 0216 0216 0216 0216 0216 0216 0216 0216 0216 0216.
0216 0216 0216 0216 0216 0216 0216 0216 0216 0216 0216 0216
0216 0216 0216 0216 0216 0216 0216 0216 0216 0216 0216 0216.
0216 0216 0216 0216 0216 0216 0216 0216 0216 0216 0216 0216
0216 0216 0216 0216 0216 0216 0216 0216 0216 0216 0216 0216.
0216 0216 0216 0216 0216 0216 0216 0216 0216 0216 0216 0216
0216 0216 0216 0216 0216 0216 0216 0216 0216 0216 0216 0216.
0216 0216 0216 0216 0216 0216 0216 0216 0216 0216 0216 0216
0216 0216 0216 0216 0216 0216 0216 0216 0216 0216 0216 0216.
0216 0216 0216 0216 0217 0216 0216 0217 0216 0216 0216 0216
0216 0216 0216 0217 0217 0217 0217 0217 0217 0217 0216 0216.
0216 0216 0216 0216 0216 0216 0217 0217 0216 0216 0216 0216
0216 0217 0216 0217 0217 0217 0216 0217 0217 0217 0217 0217.
0217 0217 0217 0217 0217 0217 0217 0217 0217 0217 0217 0217
0217 0217 0217 0217 0217 0217 0217 0217 0217 0217 0217 0217.
0217 0217 0217 0217 0217 0217 0217 0217 0217 0217 0217 0217
0217 0217 0217 0217 0217 0217 0217 0217 0217 0217 0217 0217.
0217 0217 0217 0217 0217 0217 0217 0217 0217 0217 0217 0217
0217 0217 0217 0218 0217 0218 0217 0217 0217 0217 0217 0217.
0217 0217 0217 0217 0217 0217 0217 0217 0217 0217 0217 0217
0218 0218 0218 0218 0218 0218 0218 0218 0218 0218 0218 0218.
0218 0218 0218 0218 0217 0217 0218 0218 0218 0217 0218 0218
0218 0218 0218 0218 0218 0218 0218 0218 0218 0218 0218 0218.
0218 0218 0218 0218 0218 0218 0218 0218 0218 0218 0218 0218
0218 0218 0218 0218 0218 0218 0218 0218 0218 0218 0218 0218.
0218 0218 0218 0218 0218 0218 0218 0218 0218 0218 0218 0218
0218 0218 0218 0218 0218 0218 0218 0218 0218 0218 0218 0218.
0218 0218 0218 0218 0218 0218 0218 0218 0218 0218 0218 0218
0218 0218 0218 0218 0218 0218 0218 0218 0218 0218 0218 0218.
0218 0218 0218 0218 0218 0218 0218 0218 0218 0218 0218 0218
0218 0218 0218 0218 0218 0218 0218 0218 0218 0218 0218 0218.
0218 0218 0218 0218 0218 0218 0218 0218 0218 0218 0218 0218
0218 0218 0218 0218 0218 0218 0218 0218 0218 0218 0218 0218.
0218 0218 0218 0218 0218 0218 0218 0218 0218 0218 0218 0218
0218 0218 0218 0218 0218 0218 0218 0218 0218 0218 0218 0218.
0218 0218 0218 0218 0218 0218 0218 0218 0218 0218 0218 0218
0218 0218 0218 0218 0218 0218 0218 0218 0218 0218 0218 0218=
A=
SA=
BA
0225 0225 0226 0227 0227 0227 0226 0225 0225 0222 0223 0231
0233 0238 0239 0231 0222 0228 0232 0237 0230 0215 0213 0213 0245 1115 0211 1854.
0212 0212 0212 0213 0213 0211 0211 0208 0209 0205 0208 0218
0221 0239 0271 0253 0235 0239 0232 0230 0233 0218 0210 0204 0289 1024 0204 0524.
0201 0196 0196 0196 0193 0189 0176 0173 0163 0159 0177 0226
0318 0383 0441 0472 0458 0465 0414 0369 0323 0277 0246 0237 0484 1408 0158 0543.
0210 0206 0212 0200 0192 0193 0190 0182 0186 0174 0190 0275
0346 0390 0399 0404 0420 0401 0370 0403 0348 0279 0234 0219 0430 1352 0174 0550.
0221 0197 0180 0184 0177 0175 0176 0166 0164 0168 0186 0275
0324 0370 0416 0428 0434 0411 0437 0388 0358 0283 0248 0236 0444 1501 0162 0523.
0216 0214 0227 0200 0202 0199 0195 0185 0179 0176 0202 0280
0349 0360 0377 0400 0430 0427 0419 0389 0333 0283 0262 0256 0440 1404 0175 0529.
0255 0248 0245 0245 0241 0238 0237 0234 0220 0216 0233 0296
0354 0395 0424 0436 0407 0438 0398 0369 0335 0315 0295 0288 0464 1328 0211 0531.
0260 0262 0272 0251 0249 0247 0248 0247 0244 0237 0246 0260
0309 0313 0307 0337 0359 0411 0355 0365 0317 0287 0269 0266 0425 1355 0234 0636.
0262 0259 0256 0255 0253 0245 0249 0250 0247 0246 0251 0279
0308 0317 0327 0297 0321 0343 0323 0311 0290 0278 0267 0251 0366 1416 0244 0148.
0249 0248 0246 0246 0245 0236 0233 0235 0231 0232 0235 0234
0234 0234 0238 0248 0240 0240 0255 0247 0246 0239 0235 0236 0261 1446 0231 0426.
0234 0234 0234 0233 0233 0232 0233 0232 0233 0233 0234 0237
0243 0255 0244 0245 0245 0243 0247 0243 0242 0241 0240 0240 0263 1120 0231 0154.
0239 0238 0239 0239 0239 0239 0239 0239 0238 0238 0241 0242
0247 0247 0236 0226 0221 0207 0203 0204 0201 0203 0203 0197 0251 1007 0197 2000.
0194 0190 0189 0184 0183 0183 0187 0188 0188 0186 0186 0192
0212 0228 0230 0236 0226 0241 0234 0223 0214 0207 0201 0201 0258 1327 0182 0017.
0199 0198 0191 0193 0193 0189 0188 0190 0193 0193 0195 0198
0217 0259 0264 0295 0306 0328 0352 0298 0253 0237 0226 0223 0389 1445 0188 0236.
0220 0209 0209 0206 0206 0203 0204 0203 0203 0205 0210 0213
0228 0243 0257 0280 0335 0286 0276 0252 0235 0228 0218 0216 0339 1256 0202 0318.
0213 0211 0210 0207 0206 0206 0205 0202 0200 0199 0205 0224
0237 0251 0261 0268 0311 0306 0281 0256 0256 0236 0223 0218 0331 1319 0199 0521.
0216 0213 0210 0208 0199 0205 0204 0203 0192 0193 0194 0195
0194 0199 0215 0240 0257 0251 0247 0232 0223 0197 0188 0193 0276 1304 0188 1853.
0189 0190 0189 0189 0188 0188 0187 0185 0185 0177 0180 0190
0195 0204 0215 0220 0201 0197 0194 0189 0190 0184 0181 0181 0226 1150 0177 0517.
0183 0180 0183 0181 0179 0179 0180 0182 0179 0180 0187 0217
0237 0269 0322 0387 0345 0318 0296 0286 0263 0237 0225 0221 0399 1157 0178 0142.
0219 0216 0203 0194 0180 0174 0160 0156 0160 0161 0191 0219
0331 0368 0398 0412 0379 0390 0383 0359 0316 0254 0216 0202 0425 1152 0154 0618.
0185 0184 0179 0175 0169 0166 0158 0160 0153 0156 0183 0212
0304 0366 0402 0411 0411 0384 0382 0368 0331 0249 0196 0185 0427 1252 0152 0510.
0179 0180 0176 0181 0172 0166 0155 0155 0148 0144 0168 0224
0323 0370 0382 0417 0410 0382 0392 0385 0322 0249 0207 0173 0431 1204 0143 0548.
0163 0162 0155 0145 0154 0141 0134 0132 0127 0127 0144 0208
0325 0379 0400 0415 0410 0401 0370 0366 0323 0255 0224 0209 0433 1241 0125 0606.
0198 0189 0200 0199 0188 0191 0191 0192 0187 0185 0200 0243
0282 0292 0316 0325 0312 0294 0305 0276 0247 0224 0212 0210 0393 1124 0180 2126.
0204 0203 0200 0198 0195 0190 0193 0191 0191 0191 0202 0253
0266 0304 0319 0314 0428 0331 0310 0287 0261 0238 0235 0223 0435 1258 0188 0605.
0215 0209 0211 0203 0202 0204 0204 0204 0204 0195 0209 0243
0297 0331 0327 0308 0346 0350 0295 0273 0242 0245 0227 0221 0379 1313 0188 0623.
0224 0212 0213 0215 0214 0214 0215 0217 0215 0218 0219 0228
0238 0245 0250 0255 0237 0235 0237 0244 0227 0223 0222 0221 0256 1153 0212 2159.
0222 0218 0217 0217 0215 0216 0216 0214 0216 0217 0217 0221
0220 0226 0233 0250 0244 0241 0235 0219 0210 0205 0206 0204 0252 1214 0204 1755.
0204 0206 0202 0202 0204 0199 0200 0198 0195 0194 0194 0205
0216 0244 0245 0233 0259 0302 0326 0323 0260 0219 0193 0195 0336 1458 0192 0619.
0193 0174 0189 0191 0189 0195 0196 0193 0188 0195 0199 0218
0254 0307 0325 0365 0288 0310 0286 0293 0262 0225 0211 0212 0424 1221 0174 2200=
=
??????
******
YF
19011










=
JY
8888=
GK
01/
05/=
BZ
10/03/08;14;20

10/24/24
11/=
######
