57461 3042N 11118E 001331 001343 105 000 S14 11111999919199111991 0 2015 03
PC
0150 0150 0155 0147 0149 0140 0142 0136 0134 0134 0134 0142
0148 0141 0147 0137 0121 0104 0091 0090 0086 0082 0086 0086 0156 2253 0080 1803.
0083 0084 0084 0072 0066 0060 0050 0038 0029 0023 0027 0024
0023 0018 0016 0000 9988 9974 9959 9956 9956 9961 9972 9989 0089 2217 9955 1644.
9991 0002 0007 0020 0021 0017 0027 0034 0016 0029 0036 0046
0056 0058 0055 0047 0041 0030 0024 0024 0027 0033 0041 0051 0059 0934 9989 2001.
0058 0056 0062 0065 0068 0066 0067 0068 0074 0080 0085 0093
0099 0101 0101 0098 0088 0075 0068 0062 0064 0068 0074 0083 0103 0941 0050 2003.
0085 0092 0090 0088 0086 0086 0088 0085 0081 0085 0088 0096
0103 0112 0113 0106 0096 0088 0082 0077 0079 0082 0088 0096 0113 1058 0077 1600.
0102 0107 0110 0106 0101 0099 0095 0091 0089 0093 0094 0099
0108 0102 0095 0083 0067 0051 0042 0039 0035 0039 0046 0060 0110 2259 0035 1630.
0068 0074 0076 0073 0070 0063 0056 0051 0051 0057 0058 0059
0067 0063 0058 0049 0034 0020 0010 0007 0010 0015 0020 0029 0076 2252 0007 1533.
0041 0043 0044 0041 0035 0031 0029 0026 0027 0030 0034 0042
0048 0049 0041 0039 0030 0024 0017 0018 0027 0039 0050 0058 0058 2000 0016 1454.
0072 0078 0083 0086 0088 0089 0083 0077 0081 0088 0095 0102
0109 0113 0106 0104 0095 0089 0087 0090 0094 0100 0113 0125 0125 1958 0058 2001.
0134 0146 0152 0155 0155 0158 0152 0149 0146 0148 0154 0160
0166 0166 0162 0154 0140 0130 0122 0116 0119 0124 0130 0138 0167 0857 0114 1607.
0142 0141 0142 0136 0125 0122 0122 0118 0118 0117 0117 0124
0125 0125 0125 0117 0106 0096 0088 0085 0084 0085 0093 0096 0143 2251 0082 1714.
0106 0108 0104 0093 0087 0084 0077 0069 0062 0063 0062 0067
0069 0063 0059 0046 0028 0010 9996 9992 9989 9993 0000 0005 0110 2216 9988 1647.
0006 0009 0011 0005 0003 9998 9996 9994 0000 0006 0006 0010
0017 0023 0022 0015 0013 0004 9997 9992 9998 0007 0013 0026 0026 1024 9990 1533.
0033 0044 0045 0047 0048 0046 0039 0030 0035 0040 0036 0044
0053 0058 0056 0050 0040 0025 0016 0012 0011 0013 0017 0025 0060 1019 0010 1618.
0028 0029 0033 0033 0027 0025 0024 0016 0007 0011 0022 0031
0037 0035 0035 0030 0023 0014 0003 0003 9999 0006 0013 0021 0041 1019 9998 1518.
0026 0028 0030 0030 0023 0014 0007 0002 0006 0012 0008 0011
0014 0013 0011 0002 9988 9975 9962 9954 9950 9950 9950 9955 0032 2341 9948 1732.
9962 9964 9963 9960 9953 9950 9946 9939 9929 9935 9935 9937
9942 9945 9941 9937 9932 9925 9917 9919 9919 9924 9931 9942 9965 2157 9917 1500.
9950 9959 9961 9959 9956 9948 9944 9942 9943 9948 9956 9965
9975 9980 9980 9980 9977 9973 9970 9969 9972 9982 9990 0004 0004 1958 9939 0409.
0013 0018 0022 0019 0028 0020 0012 0011 0012 0013 0021 0021
0027 0032 0028 0021 0011 0001 9995 9991 9995 0003 0014 0028 0032 0958 9990 1545.
0040 0051 0057 0055 0052 0049 0048 0052 0047 0050 0055 0060
0067 0068 0068 0067 0059 0051 0047 0045 0047 0049 0058 0066 0070 1006 0028 2001.
0079 0082 0083 0082 0079 0079 0078 0072 0064 0070 0072 0075
0077 0075 0078 0070 0058 0045 0038 0032 0029 0031 0034 0043 0084 2310 0029 1629.
0053 0057 0060 0060 0057 0056 0050 0047 0046 0050 0050 0061
0064 0063 0057 0047 0035 0025 0021 0019 0019 0027 0032 0044 0067 0930 0016 1627.
0051 0057 0059 0060 0057 0063 0060 0065 0066 0070 0076 0082
0087 0095 0099 0100 0097 0088 0089 0089 0086 0088 0095 0107 0107 1958 0044 2021.
0117 0123 0133 0133 0131 0131 0128 0125 0127 0132 0136 0142
0147 0148 0148 0137 0126 0115 0109 0104 0103 0105 0112 0117 0151 1010 0101 1717.
0121 0125 0123 0119 0120 0117 0114 0108 0105 0106 0108 0115
0122 0122 0120 0112 0100 0087 0078 0074 0074 0075 0082 0087 0126 2149 0072 1617.
0093 0097 0099 0099 0093 0087 0087 0085 0086 0089 0096 0101
0113 0119 0123 0122 0121 0118 0115 0114 0116 0120 0125 0129 0129 1948 0082 0437.
0136 0142 0143 0141 0135 0131 0125 0122 0122 0124 0129 0135
0134 0131 0124 0113 0097 0081 0068 0058 0055 0056 0060 0069 0144 2222 0054 1710.
0072 0072 0068 0063 0057 0048 0041 0031 0027 0030 0033 0041
0046 0044 0039 0030 0018 0008 9997 9989 9988 9990 9997 0003 0073 2108 9987 1705.
0010 0013 0008 0014 0009 9996 9993 9991 9990 9991 9996 0001
0007 0010 0008 0001 9992 9982 9977 9969 9966 9966 9965 9974 0015 0006 9963 1723.
9978 9977 9973 9969 9964 9957 9955 9948 9947 9948 9952 9958
9963 9967 9961 9952 9942 9928 9915 9906 9901 9901 9902 9907 9979 2102 9899 1727.
9907 9910 9913 9915 9908 9901 9896 9894 9896 9897 9902 9906
9910 9912 9907 9897 9884 9873 9861 9856 9854 9858 9870 9882 9915 2306 9853 1641=
0308 0310 0270 0252
0224 0189 0138 0154
0181 0211 0193 0215
0229 0258 0240 0249
0252 0263 0255 0264
0266 0267 0216 0227
0229 0226 0184 0195
0195 0207 0187 0222
0253 0267 0252 0290
0322 0325 0295 0304
0288 0290 0262 0262
0250 0233 0172 0168
0159 0172 0165 0188
0207 0205 0185 0186
0185 0192 0176 0183
0176 0173 0136 0116
0109 0096 0084 0102
0108 0126 0134 0166
0183 0184 0163 0191
0212 0223 0213 0228
0241 0238 0205 0205
0216 0223 0185 0205
0223 0243 0248 0269
0293 0305 0277 0280
0279 0278 0248 0249
0247 0263 0281 0292
0295 0299 0242 0231
0209 0202 0167 0163
0154 0160 0142 0134
0116 0118 0086 0065
0058 0063 0028 0037=
TB
0060 0058 0053 0050 0053 0052 0050 0047 0043 0041 0045 0050
0059 0071 0092 0101 0110 0120 0115 0112 0106 0100 0096 0089 0127 1340 0039 0545.
0082 0071 0073 0073 0072 0071 0067 0059 0053 0052 0058 0060
0065 0076 0084 0088 0095 0096 0096 0097 0097 0095 0092 0091 0099 1447 0050 0523.
0089 0085 0083 0082 0075 0076 0072 0071 0075 0080 0082 0087
0099 0117 0134 0159 0170 0163 0157 0150 0140 0129 0121 0117 0177 1318 0071 0334.
0115 0109 0102 0097 0092 0087 0084 0081 0081 0067 0064 0064
0068 0071 0075 0082 0086 0089 0094 0089 0087 0084 0082 0078 0117 2001 0063 0725.
0075 0075 0072 0071 0069 0067 0061 0052 0047 0047 0047 0048
0051 0052 0045 0056 0065 0063 0064 0066 0068 0065 0063 0061 0078 2001 0044 1101.
0057 0056 0054 0054 0053 0052 0052 0051 0049 0045 0044 0050
0061 0073 0093 0102 0113 0114 0117 0116 0111 0098 0082 0071 0122 1432 0043 0630.
0063 0055 0050 0044 0042 0036 0032 0027 0028 0030 0031 0039
0057 0078 0097 0118 0124 0139 0144 0132 0119 0109 0102 0097 0150 1421 0025 0414.
0095 0092 0090 0085 0078 0068 0061 0057 0063 0063 0065 0069
0076 0088 0103 0124 0132 0153 0163 0160 0160 0147 0136 0123 0165 1510 0056 0341.
0110 0098 0090 0086 0078 0076 0075 0072 0067 0070 0068 0079
0100 0131 0156 0172 0173 0173 0167 0161 0154 0148 0143 0140 0183 1238 0065 0629.
0135 0132 0127 0124 0115 0101 0096 0091 0083 0077 0075 0078
0083 0092 0098 0103 0105 0110 0110 0109 0107 0104 0099 0095 0140 2001 0074 0637.
0094 0091 0082 0079 0072 0070 0072 0073 0072 0069 0069 0070
0078 0089 0091 0093 0100 0105 0112 0119 0118 0115 0106 0098 0120 1602 0068 0124.
0087 0084 0074 0068 0062 0057 0055 0052 0048 0048 0045 0055
0070 0097 0124 0147 0174 0193 0188 0187 0186 0174 0159 0142 0200 1405 0044 0639.
0133 0122 0117 0110 0104 0099 0095 0093 0091 0089 0082 0090
0108 0133 0143 0154 0171 0183 0190 0191 0182 0173 0165 0161 0196 1541 0082 0652.
0158 0152 0151 0146 0143 0138 0136 0134 0134 0132 0132 0134
0137 0138 0142 0152 0165 0185 0188 0186 0188 0179 0168 0158 0193 1424 0131 0716.
0146 0138 0131 0132 0131 0129 0128 0126 0124 0123 0123 0125
0129 0125 0124 0132 0133 0136 0144 0144 0146 0145 0141 0138 0159 2001 0122 0706.
0135 0130 0124 0120 0114 0110 0103 0104 0107 0108 0104 0102
0115 0135 0143 0148 0151 0169 0177 0180 0180 0177 0172 0166 0184 1619 0100 0728.
0164 0162 0160 0159 0157 0153 0149 0146 0145 0144 0145 0145
0144 0141 0141 0139 0140 0140 0140 0142 0142 0142 0143 0142 0166 2001 0137 1123.
0142 0142 0143 0142 0141 0140 0138 0137 0134 0128 0123 0121
0119 0120 0120 0123 0123 0122 0120 0121 0119 0119 0118 0119 0143 2114 0118 1449.
0118 0115 0113 0112 0112 0110 0108 0107 0108 0106 0105 0105
0108 0111 0117 0123 0125 0130 0130 0128 0125 0114 0112 0112 0131 1401 0104 0731.
0112 0113 0112 0114 0111 0112 0112 0112 0113 0113 0111 0115
0121 0126 0137 0147 0159 0167 0172 0171 0170 0168 0155 0149 0175 1512 0111 2005.
0143 0132 0123 0114 0110 0106 0101 0100 0095 0098 0100 0103
0115 0152 0185 0207 0227 0233 0240 0233 0226 0214 0196 0177 0240 1423 0094 0505.
0163 0150 0133 0126 0120 0109 0107 0102 0103 0103 0103 0118
0134 0161 0177 0193 0211 0215 0218 0207 0200 0195 0188 0180 0222 1514 0100 0626.
0174 0167 0160 0149 0146 0149 0146 0149 0147 0145 0145 0146
0153 0161 0171 0184 0193 0204 0200 0208 0203 0193 0182 0168 0210 1526 0143 0724.
0159 0144 0135 0129 0126 0123 0117 0117 0117 0111 0114 0122
0133 0145 0162 0176 0190 0197 0200 0203 0194 0183 0168 0159 0205 1428 0111 0600.
0151 0141 0134 0121 0115 0112 0107 0103 0100 0098 0096 0106
0125 0149 0165 0173 0188 0200 0200 0202 0193 0187 0182 0176 0203 1601 0095 0655.
0171 0167 0164 0161 0156 0150 0144 0144 0142 0143 0141 0139
0137 0137 0137 0133 0129 0121 0123 0125 0128 0127 0127 0125 0176 2001 0120 1403.
0125 0126 0125 0126 0124 0122 0121 0120 0115 0109 0108 0109
0115 0131 0155 0170 0178 0189 0197 0201 0186 0177 0166 0158 0202 1601 0106 0736.
0148 0139 0134 0128 0126 0126 0126 0122 0121 0121 0123 0128
0129 0141 0168 0188 0208 0223 0232 0225 0217 0211 0202 0194 0236 1507 0120 0504.
0186 0181 0168 0162 0156 0149 0144 0146 0145 0147 0149 0148
0153 0149 0154 0156 0160 0160 0160 0162 0164 0165 0163 0161 0193 2001 0144 0259.
0159 0158 0156 0155 0154 0153 0152 0149 0149 0145 0145 0146
0150 0153 0162 0169 0185 0203 0209 0218 0214 0201 0196 0195 0220 1529 0144 0648.
0193 0191 0184 0176 0171 0166 0165 0162 0157 0153 0152 0161
0173 0194 0225 0249 0260 0275 0297 0301 0301 0285 0269 0254 0303 1537 0152 0621=
IB
=
0028 0028 0023 0020 0027 0034 0035 0035 0026 0025 0030 0040
0045 0042 0046 0032 0026 -042 -016 -009 -008 -005 0005 0013.
0004 0001 0014 0020 0025 0030 0030 0024 0027 0026 0028 0040
0040 0035 0030 0030 0024 0025 0022 0028 0030 0039 0034 0037.
0037 0039 0047 0051 0051 0052 0049 0052 0045 0038 0038 0047
0051 0037 0029 0005 -026 -054 -059 -071 -062 -077 -084 -057.
-055 -051 -035 -036 -040 -032 -041 -028 -034 -010 -003 0005
-009 0001 0000 0000 -024 -040 -042 -054 -045 -031 -033 -025.
-034 -034 -028 -032 -039 -035 -033 -022 -015 -011 -011 -002
-001 -004 0008 0011 0006 0002 0001 -004 -009 -009 -002 -046.
-044 -045 -050 -039 -048 -038 -041 -037 -036 -028 -029 -023
-023 -027 -020 -018 -011 -014 -011 -009 -010 -013 0000 -001.
0004 0003 0000 -006 0009 0006 0006 0008 0013 0015 0005 0013
0022 0008 0014 0020 0014 0025 0023 0036 0029 0032 0035 0034.
0037 0038 0034 0035 0040 0041 0039 0039 0045 0033 0040 0040
0046 0042 0044 0046 0033 0028 0016 0024 0031 0041 0031 0035.
0040 0046 0048 0046 0042 0051 0048 0049 0038 0041 0041 0055
0044 0050 0049 0038 0032 0036 0044 0060 0061 0069 0069 0071.
0054 0054 0034 0023 0035 0027 0027 0013 0015 0002 0007 -002
0005 0004 0004 -002 -012 -002 -008 -009 -001 0002 0008 0007.
0006 0010 0009 0019 0021 0021 0023 0020 0033 0035 0039 0048
0049 0049 0037 0035 0037 0033 0030 0039 0036 0035 0032 0040.
0035 0044 0040 0045 0044 0042 0035 0040 0031 0038 0030 0046
0052 0045 0056 0047 0050 0061 0049 0075 0071 0080 0082 0077.
0075 0073 0080 0080 0082 0075 0078 0073 0079 0077 0070 0079
0080 0084 0087 0089 0090 0088 0089 0087 0087 0095 0092 0095.
0101 0102 0105 0098 0103 0104 0104 0102 0104 0098 0106 0108
0103 0106 0108 0104 0099 0090 0085 0088 0085 0087 0085 0088.
0085 0090 0095 0087 0094 0095 0096 0096 0089 0097 0091 0093
0104 0107 0106 0107 0110 0113 0108 0116 0119 0117 0114 0117.
0112 0116 0108 0111 0105 0102 0091 0093 0101 0097 0098 0096
0109 0110 0105 0104 0107 0112 0113 0113 0116 0113 0110 0113.
0113 0114 0118 0119 0121 0115 0122 0125 0120 0121 0122 0129
0130 0131 0128 0131 0129 0129 0134 0136 0136 0136 0132 0131.
0136 0136 0137 0136 0136 0131 0133 0128 0129 0119 0117 0115
0113 0114 0109 0109 0104 0101 0094 0093 0084 0082 0081 0080.
0077 0084 0080 0082 0082 0082 0086 0083 0086 0092 0094 0094
0091 0099 0096 0102 0097 0096 0093 0091 0086 0098 0098 0103.
0104 0105 0104 0106 0099 0106 0101 0101 0107 0107 0100 0110
0116 0115 0118 0120 0109 0101 0094 0098 0108 0111 0107 0115.
0118 0111 0102 0100 0094 0097 0089 0092 0084 0089 0086 0089
0087 0087 0090 0077 0043 0027 -025 0016 0042 0026 0045 0069.
0080 0080 0071 0071 0073 0072 0078 0073 0077 0074 0066 0085
0074 0081 0091 0100 0087 0081 0080 0084 0093 0097 0096 0101.
0105 0110 0112 0119 0121 0113 0100 0082 0073 0061 0066 0064
0071 0071 0075 0069 0061 0056 0056 0040 0031 0039 0037 0045.
0052 0063 0064 0067 0071 0068 0068 0068 0076 0074 0071 0075
0071 0061 0063 0055 0051 0038 0041 0039 0051 0055 0069 0079.
0072 0076 0080 0080 0082 0082 0079 0075 0081 0074 0075 0085
0088 0084 0080 0082 0085 0080 0077 0095 0092 0095 0090 0098.
0105 0103 0105 0108 0112 0112 0108 0106 0110 0111 0113 0119
0123 0124 0112 0112 0103 0098 0097 0099 0093 0097 0104 0100.
0102 0103 0097 0092 0105 0090 0093 0107 0099 0100 0100 0100
0094 0103 0094 0079 0067 0070 0078 0081 0077 0083 0093 0101.
0102 0103 0104 0103 0103 0098 0101 0103 0103 0110 0112 0112
0106 0114 0111 0109 0117 0117 0116 0125 0123 0125 0122 0131.
0135 0138 0137 0137 0131 0128 0130 0131 0129 0129 0131 0130
0138 0131 0136 0143 0147 0147 0147 0146 0144 0147 0141 0146.
0148 0142 0141 0140 0141 0145 0141 0143 0143 0137 0130 0135
0132 0138 0139 0140 0146 0151 0145 0144 0148 0147 0153 0154.
0152 0154 0153 0152 0156 0150 0155 0154 0149 0142 0146 0150
0160 0164 0172 0171 0174 0185 0200 0195 0189 0200 0203 0202=
EA
075 075 072 071 074 078 078 079 074 073 076 081
084 083 085 077 073 045 054 057 057 059 063 067.
063 061 067 071 073 076 076 072 074 073 075 081
081 078 076 076 072 073 072 075 076 081 078 080.
080 081 085 088 088 089 086 089 084 080 080 085
088 080 075 063 050 041 039 036 038 034 032 040.
041 042 047 047 045 048 045 050 047 057 060 063
057 061 061 061 051 046 045 041 044 048 048 051.
048 048 050 048 046 047 048 052 055 056 056 060
061 059 065 066 064 062 061 059 057 057 060 043.
044 044 042 046 043 046 045 047 047 050 049 051
052 050 053 053 056 055 056 057 057 056 061 060.
063 062 061 059 065 064 064 065 067 068 063 067
071 065 067 071 068 073 072 079 075 077 078 078.
080 080 078 079 081 082 081 081 084 077 081 082
084 083 084 085 077 075 069 073 076 082 076 079.
081 085 086 085 082 088 086 086 080 082 082 091
083 087 087 080 077 079 084 093 094 099 099 101.
090 089 078 072 079 074 074 067 068 062 064 060
063 063 063 060 056 060 058 057 060 062 065 064.
064 066 065 070 071 071 072 071 077 079 081 086
087 087 080 078 080 077 076 081 079 079 077 081.
079 084 081 084 083 082 079 081 077 080 076 085
088 084 091 085 087 094 087 103 101 107 108 105.
104 102 107 108 108 104 106 102 106 105 100 107
107 110 112 114 115 114 114 113 113 118 116 119.
124 124 127 121 125 126 126 124 126 121 127 129
125 128 129 126 122 115 111 114 111 113 111 113.
111 115 119 112 118 119 120 120 114 120 116 117
126 129 128 129 131 134 130 136 140 137 135 137.
133 136 130 132 127 125 115 117 123 120 121 119
130 131 127 126 129 133 134 134 136 134 131 134.
134 134 138 139 141 136 142 144 140 141 142 149
149 151 148 151 149 149 153 155 155 155 151 151.
155 155 156 155 156 150 153 147 149 139 137 135
134 135 130 130 126 124 118 117 110 109 108 107.
105 110 107 109 109 109 111 109 111 116 118 118
115 121 120 124 120 120 117 115 112 121 121 125.
126 127 126 128 121 128 124 124 128 128 123 132
137 136 138 140 130 124 118 121 130 132 128 135.
138 132 124 123 118 120 114 117 110 114 112 114
113 112 115 105 083 074 051 069 082 074 084 099.
107 107 101 101 102 102 105 102 105 103 098 111
103 108 115 123 113 108 107 110 117 120 119 124.
127 131 133 139 141 134 123 108 102 094 097 096
101 101 103 099 094 091 091 081 076 081 079 084.
088 095 096 098 101 099 099 099 104 103 101 104
101 094 096 091 088 080 082 081 088 090 099 107.
101 105 108 107 108 109 107 104 108 103 104 111
113 110 107 109 111 108 105 118 116 119 115 121.
127 125 127 130 133 133 130 128 131 132 133 140
143 144 133 133 125 121 120 122 117 120 126 123.
125 125 120 117 127 115 117 129 122 122 123 122
118 125 118 107 098 100 106 108 105 109 117 124.
124 125 126 126 125 121 124 125 126 131 133 133
128 135 132 130 138 137 136 144 143 145 142 151.
154 158 157 156 151 147 149 151 149 149 151 150
158 151 156 163 167 167 167 166 164 167 161 166.
168 161 161 160 161 165 161 163 163 157 150 154
152 158 158 160 166 171 166 164 168 167 173 174.
172 175 173 173 177 170 176 175 169 162 166 170
182 187 196 195 198 213 234 226 218 233 237 237=
UB
80 81 81 81 83 88 90 92 89 89 90 93
91 82 73 62 56 32 40 43 45 48 53 59 29 1408.
58 61 66 69 72 75 77 78 83 83 81 87
84 75 69 67 61 61 60 62 63 68 67 69 56 2054.
70 73 78 81 85 85 85 88 81 75 74 76
72 58 49 35 26 22 22 21 24 23 23 29 20 1445.
30 32 38 39 39 43 41 46 44 58 62 66
58 61 59 56 46 40 38 36 39 44 44 48 29 2003.
46 46 49 48 46 48 51 59 64 66 66 70
69 67 77 73 66 65 64 61 58 59 63 46 43 2236.
48 48 47 51 48 52 51 53 54 59 59 59
55 49 45 43 42 41 41 42 43 46 56 60 39 1338.
66 69 70 70 79 81 83 87 90 90 83 83
78 61 56 51 47 46 44 52 54 59 63 65 43 1444.
67 69 68 71 77 83 86 88 88 81 84 82
81 73 67 59 51 43 37 40 42 49 49 55 37 1500.
62 70 75 76 78 84 83 85 82 82 83 85
68 58 49 41 39 40 44 51 54 59 61 63 36 1240.
58 59 53 50 58 60 62 58 62 59 62 57
58 54 52 48 44 46 44 44 47 49 53 54 44 1255.
54 57 60 66 70 71 71 69 76 79 81 86
82 76 69 67 65 61 57 58 57 58 60 67 53 2012.
70 76 79 85 88 90 87 92 89 93 90 94
88 70 63 51 44 42 40 48 47 54 60 65 36 1454.
68 72 78 82 86 85 89 87 92 92 92 93
83 72 69 65 59 54 52 51 54 60 62 65 49 1427.
69 72 74 73 77 80 81 81 82 80 84 84
80 81 80 73 65 54 51 53 51 55 58 63 50 1505.
67 73 79 74 78 80 81 82 79 84 81 81
85 89 89 85 86 86 79 83 84 83 84 87 61 2001.
86 91 90 94 94 95 92 93 96 93 96 96
96 85 78 75 75 69 66 65 66 66 67 71 61 1622.
72 73 76 77 79 78 84 87 85 86 86 90
91 94 92 95 93 93 96 96 96 96 93 93 71 2003.
96 96 96 96 97 94 97 94 97 94 96 96
96 96 93 91 88 87 84 83 79 78 78 77 76 1928.
76 81 80 82 82 83 86 85 86 91 93 93
89 92 87 87 83 80 78 78 77 90 91 94 74 1507.
95 95 95 95 92 96 93 93 96 96 93 97
97 93 88 84 72 65 60 62 67 69 73 80 59 1501.
85 87 87 91 90 94 92 95 93 94 91 91
83 65 54 43 30 26 17 24 30 29 37 49 16 1346.
58 63 66 69 73 78 82 82 84 82 78 80
67 59 57 55 45 42 41 45 50 53 55 60 39 1420.
64 69 73 82 85 79 74 64 61 57 59 58
58 55 53 47 42 38 39 33 32 36 38 44 30 1648.
49 58 62 66 69 69 72 72 76 78 75 73
66 57 52 45 40 35 35 34 39 43 52 59 32 1509.
59 65 70 76 80 82 83 83 88 85 87 87
78 65 57 55 51 46 45 50 52 55 55 60 44 1451.
65 66 68 71 75 78 79 78 81 81 83 88
91 92 85 87 84 86 84 84 79 82 86 85 61 2002.
86 86 83 80 88 81 83 92 90 94 95 94
87 83 67 55 48 46 46 46 49 54 62 69 43 1522.
74 79 82 85 86 83 85 88 89 93 93 90
86 84 69 60 56 51 48 53 55 58 60 67 45 1513.
72 76 82 85 85 87 91 91 90 89 89 89
91 89 89 92 92 92 92 90 88 89 87 91 65 2001.
93 90 91 91 92 95 93 96 96 95 91 93
89 91 86 83 78 72 67 63 66 71 76 77 62 1532.
77 79 82 86 91 90 94 95 95 93 96 93
92 83 72 62 59 58 56 53 51 60 67 73 50 1602=
N=
H=
C=
V=
R6
0000 0000 0000
0000 0000 0000
0000 0000 0000
0000 0000 0000
0000 0001 0001
0000 0000 0000
0000 0000 0000
0000 0000 0000
0000 0000 0000
0000 0000 0000
0001 0001 0002
0000 0000 0000
0000 0000 0000
0000 0000 0000
0000 0010 0010
0000 0000 0000
0000 0230 0230
0144 0028 0172
0008 0054 0062
0051 0000 0051
0000 0000 0000
0000 0000 0000
0000 0000 0000
0000 0000 0000
0000 0000 0000
0000 0013 0013
0000 0000 0000
0000 0000 0000
0000 0027 0027
0000 0000 0000
0000 0000 0000=
0000 0000 0000 0000 0000 0000 0000 0000 0000 0000 0000 0000
0000 0000 0000 0000 0000 0000 0000 0000 0000 0000 0000 0000.
0000 0000 0000 0000 0000 0000 0000 0000 0000 0000 0000 0000
0000 0000 0000 0000 0000 0000 0000 0000 0000 0000 0000 0000.
0000 0000 0000 0000 0000 0000 0000 0000 0000 0000 0000 0000
0000 0000 0000 0000 0000 0000 0000 0000 0000 0000 0000 0000.
0000 0000 0000 0000 0000 0000 0000 0000 0000 0000 0000 0000
0000 0000 0000 0000 0000 0000 0000 0000 0000 0000 0000 0000.
0000 0000 0000 0000 0000 0000 0000 0000 0000 0000 0000 0000
0000 0000 0001 0000 0000 0000 0000 0000 0000 0000 0000 0000.
0000 0000 0000 0000 0000 0000 0000 0000 0000 0000 0000 0000
0000 0000 0000 0000 0000 0000 0000 0000 0000 0000 0000 0000.
0000 0000 0000 0000 0000 0000 0000 0000 0000 0000 0000 0000
0000 0000 0000 0000 0000 0000 0000 0000 0000 0000 0000 0000.
0000 0000 0000 0000 0000 0000 0000 0000 0000 0000 0000 0000
0000 0000 0000 0000 0000 0000 0000 0000 0000 0000 0000 0000.
0000 0000 0000 0000 0000 0000 0000 0000 0000 0000 0000 0000
0000 0000 0000 0000 0000 0000 0000 0000 0000 0000 0000 0000.
0000 0000 0000 0000 0000 0000 0000 0000 0000 0000 0000 0000
0000 0000 0000 0000 0000 0000 0000 0000 0000 0000 0000 0000.
0000 0000 0000 0000 0000 0000 0000 0000 0000 0000 0001 0000
0001 0000 0000 0000 0000 0000 0000 0000 0000 0000 0000 0000.
0000 0000 0000 0000 0000 0000 0000 0000 0000 0000 0000 0000
0000 0000 0000 0000 0000 0000 0000 0000 0000 0000 0000 0000.
0000 0000 0000 0000 0000 0000 0000 0000 0000 0000 0000 0000
0000 0000 0000 0000 0000 0000 0000 0000 0000 0000 0000 0000.
0000 0000 0000 0000 0000 0000 0000 0000 0000 0000 0000 0000
0000 0000 0000 0000 0000 0000 0000 0000 0000 0000 0000 0000.
0000 0000 0000 0000 0000 0000 0000 0000 0000 0000 0000 0000
0000 0002 0006 0002 0000 0000 0000 0000 0000 0000 0000 0000.
0000 0000 0000 0000 0000 0000 0000 0000 0000 0000 0000 0000
0000 0000 0000 0000 0000 0000 0000 0000 0000 0000 0000 0000.
0000 0000 0000 0000 0000 0000 0000 0000 0000 0000 0000 0000
0001 0006 0056 0019 0023 0062 0047 0011 0004 0000 0000 0001.
0000 0001 0000 0000 0000 0000 0000 0004 0030 0031 0037 0041
0012 0012 0004 0000 0000 0000 0000 0000 0000 0000 0000 0000.
0000 0000 0000 0000 0000 0000 0000 0000 0001 0001 0005 0001
0001 0000 0000 0000 0000 0000 0000 0000 0000 0000 0033 0020.
0009 0000 0000 0000 0000 0000 0024 0016 0000 0001 0001 0000
0000 0000 0000 0000 0000 0000 0000 0000 0000 0000 0000 0000.
0000 0000 0000 0000 0000 0000 0000 0000 0000 0000 0000 0000
0000 0000 0000 0000 0000 0000 0000 0000 0000 0000 0000 0000.
0000 0000 0000 0000 0000 0000 0000 0000 0000 0000 0000 0000
0000 0000 0000 0000 0000 0000 0000 0000 0000 0000 0000 0000.
0000 0000 0000 0000 0000 0000 0000 0000 0000 0000 0000 0000
0000 0000 0000 0000 0000 0000 0000 0000 0000 0000 0000 0000.
0000 0000 0000 0000 0000 0000 0000 0000 0000 0000 0000 0000
0000 0000 0000 0000 0000 0000 0000 0000 0000 0000 0000 0000.
0000 0000 0000 0000 0000 0000 0000 0000 0000 0000 0000 0000
0000 0000 0000 0000 0000 0000 0000 0000 0000 0000 0000 0000.
0000 0000 0000 0000 0000 0000 0000 0000 0000 0000 0000 0000
0005 0007 0000 0000 0000 0001 0000 0000 0000 0000 0000 0000.
0000 0000 0000 0000 0000 0000 0000 0000 0000 0000 0000 0000
0000 0000 0000 0000 0000 0000 0000 0000 0000 0000 0000 0000.
0000 0000 0000 0000 0000 0000 0000 0000 0000 0000 0000 0000
0000 0000 0000 0000 0000 0000 0000 0000 0000 0000 0000 0000.
0000 0000 0000 0000 0000 0000 0000 0000 0000 0000 0000 0000
0000 0014 0002 0007 0002 0002 0000 0000 0000 0000 0000 0000.
0000 0000 0000 0000 0000 0000 0000 0000 0000 0000 0000 0000
0000 0000 0000 0000 0000 0000 0000 0000 0000 0000 0000 0000.
0000 0000 0000 0000 0000 0000 0000 0000 0000 0000 0000 0000
0000 0000 0000 0000 0000 0000 0000 0000 0000 0000 0000 0000=
0000 ////////// 00000=
W=
LA
=
001 000 000 000 000 001 000 000 000 000 000 001
000 001 000 001 001 003 000 001 001 001 000 001 013.
001 000 000 000 001 000 000 001 000 000 001 000
001 001 000 000 001 001 000 000 001 000 000 001 010.
000 000 001 000 000 001 000 001 000 000 001 000
001 001 000 005 002 002 004 003 002 003 001 002 030.
000 001 001 000 001 001 000 000 001 002 000 000
001 001 001 001 001 000 001 001 001 001 000 002 018.
000 001 001 000 002 000 001 000 001 000 001 001
000 001 000 000 000 002 000 001 000 001 000 001 014.
002 000 001 000 002 000 000 000 002 000 001 000
001 001 001 002 001 002 003 002 002 001 001 000 025.
001 002 000 000 001 000 001 000 000 000 001 000
001 000 002 001 001 002 003 003 001 000 001 000 021.
001 001 002 000 002 000 000 001 000 000 000 001
000 001 001 000 003 002 001 002 002 001 001 000 022.
000 001 001 000 000 001 000 000 001 000 001 000
000 001 001 003 001 001 002 001 001 001 001 001 019.
001 000 001 001 000 000 001 001 002 000 001 000
002 000 001 001 001 001 003 000 001 001 001 001 021.
000 001 001 000 001 000 001 000 000 001 000 000
000 000 001 000 001 001 001 000 003 000 000 000 012.
002 000 000 001 000 001 000 001 000 001 000 000
000 001 000 002 001 002 004 001 003 000 001 001 022.
000 000 001 000 000 001 000 000 000 000 001 000
001 000 001 000 003 000 002 001 002 001 001 000 015.
000 001 000 001 001 000 002 000 000 000 000 001
000 000 001 000 001 001 000 001 001 000 001 001 013.
001 000 001 000 000 000 000 001 000 001 000 001
000 000 000 000 000 001 000 001 000 000 002 000 009.
000 002 000 000 000 000 000 000 000 002 000 000
001 000 001 001 000 002 002 002 001 001 001 000 016.
001 000 000 001 000 001 000 000 002 000 000 000
000 002 001 000 002 002 002 000 000 000 000 001 015.
000 001 000 000 000 000 000 000 000 001 001 001
000 000 000 000 000 000 001 001 000 001 000 001 008.
001 001 000 000 001 000 000 001 000 001 000 001
001 000 001 000 001 001 000 000 000 000 002 000 012.
002 000 001 000 000 000 002 003 000 001 000 001
000 000 000 000 001 000 000 001 001 000 000 001 014.
000 000 002 000 000 000 000 001 000 000 000 000
001 000 001 002 002 002 002 005 002 003 001 001 025.
002 000 001 000 001 000 001 000 001 000 001 000
001 001 001 002 000 002 002 002 002 001 001 000 022.
001 001 000 000 000 001 001 001 000 001 001 001
001 001 000 001 001 001 001 001 002 001 002 000 020.
001 001 000 000 001 001 000 000 001 001 000 000
003 000 001 001 002 005 002 004 002 003 001 001 031.
002 000 001 000 001 000 001 000 001 001 000 001
001 000 001 002 001 001 002 002 003 001 001 001 024.
001 000 001 000 001 000 001 000 001 000 000 000
000 002 000 001 000 000 001 000 000 000 000 001 010.
000 001 000 000 001 000 002 000 000 000 001 000
000 000 001 002 001 001 002 002 002 002 001 001 020.
001 001 001 000 002 000 000 000 000 001 000 000
000 001 000 002 000 001 003 001 002 002 000 001 019.
001 001 000 001 001 000 000 001 000 000 000 000
000 000 001 000 000 000 001 000 000 001 000 000 008.
000 000 001 000 000 000 001 000 000 000 001 000
001 000 000 000 001 000 001 001 001 001 000 000 009.
001 001 000 000 000 001 000 000 000 000 001 000
000 001 001 000 001 001 001 001 001 002 001 002 016=
Z=
G=
FN
099004 154009 109006 042004 201003 122009
196009 114005 156009 PPC000 PPC000 126006
247008 084010 311014 203009 113017 117031
133028 140021 139028 134023 117013 085016.
069015 019011 270007 331010 007005 258008
254006 195005 004007 033007 335006 016006
PPC000 108005 164007 117011 132003 085013
140014 094016 105008 104008 089014 115012.
139010 152005 093005 264007 PPC000 351006
287010 330018 358009 325004 354009 021005
337007 355011 128016 126024 173024 127043
149043 139042 159049 136044 138032 160027.
125011 157010 075010 130008 134013 087015
171005 173009 077021 016023 346016 345021
275019 354007 096014 331005 081010 142015
092014 123024 111027 072013 140016 133016.
126008 157010 036007 057006 123003 121009
192009 137012 172015 145010 170006 140011
137011 085014 131017 226013 158018 092020
146011 162014 227010 265011 145011 138025.
146016 166014 151013 166008 160016 191007
209009 184013 168019 073009 112011 091013
098011 129014 292009 163020 107022 180035
161023 135033 160023 145028 119028 110012.
081019 064016 077008 339006 252004 257007
321008 271004 054005 208004 335009 178005
058006 171010 098012 145016 129016 110026
144033 166034 125031 123036 113022 111014.
117014 101012 082004 034007 226007 347006
347009 329004 355009 319008 PPC000 012004
004005 331004 075015 098012 192013 102020
130018 126025 140020 163027 158016 053006.
337012 359010 330020 283005 335009 359012
334017 278011 269007 247009 308008 009007
349008 255006 157016 153026 119027 134035
154031 185025 140027 148016 147015 137010.
151022 093009 051017 084010 141017 154035
156018 126021 152022 136022 156020 239007
335008 222007 240018 148013 196019 154015
183031 171030 154025 168025 151022 162016.
116007 199008 266005 223009 343004 327006
PPC000 PPC002 330003 283004 178008 241006
226005 134011 098009 172010 064011 117020
095015 090017 089012 103011 068010 091017.
087008 055006 043004 001008 331012 340006
256009 246008 231005 013006 280004 185005
017008 190004 136014 137023 130022 134018
140028 132041 155032 103027 103030 082017.
080019 036010 353009 347010 298004 350011
PPC000 168006 337008 256007 183005 356009
251008 105012 109017 108021 123013 116020
113029 128022 158022 117015 101009 133013.
097010 PPC002 120010 330007 328009 314007
331006 354007 254008 248006 355014 076007
334006 333006 234006 244008 213010 186016
219019 155017 150012 127020 132014 137010.
105006 064005 009012 322005 063008 307006
015005 342004 343005 243007 348010 005006
254009 263009 281009 195007 206007 240006
253005 176014 118019 096011 156009 PPC001.
190008 243005 PPC001 PPC001 314007 268008
348011 143009 PPC002 280007 002007 001006
193008 311005 137028 091035 117025 098021
127016 114022 214016 129026 099018 086020.
064010 023007 347005 345003 PPC002 284006
PPC002 274004 159007 238006 266007 345009
252007 310008 229010 254005 310007 269008
259010 229010 270009 243008 173007 075008.
020004 084007 061007 084010 099007 173006
252008 165006 170013 145018 167019 125021
185018 076011 139009 157023 163017 158027
142020 146019 147020 171014 158021 140010.
185016 156008 130011 090011 164012 069009
138013 226007 163008 PPC000 128007 108010
164008 099008 PPC001 068007 139015 097011
138014 099019 097019 156007 154006 225006.
169003 225010 007008 108013 207004 326004
205007 PPC002 150005 260008 011008 PPC001
339009 153005 238007 139012 146011 109009
241009 257007 340010 328006 PPC002 297008.
248009 253005 PPC000 296003 053006 296006
072009 335011 PPC000 268011 034003 293008
PPC002 356013 199014 213015 148012 122015
094016 139033 130026 141020 120015 085012.
047009 PPC001 335017 308007 011008 356009
273011 238008 311004 336015 025006 254007
318016 093012 124015 159014 114022 205022
185026 108029 137019 186013 PPC002 319005.
030010 027011 309010 272019 267024 253020
273023 277022 313012 287015 264027 278024
291016 290018 300016 278020 291013 102015
210008 085015 032014 044012 125014 118014.
140012 342011 294006 267007 264009 212006
PPC002 171011 170009 175008 154004 069010
169022 156016 127019 161018 207012 070021
110025 143033 127031 161025 138022 127017.
156012 071011 328006 330009 335012 257008
323009 359006 351010 038007 276005 PPC000
258007 069015 115013 147020 157009 171023
167023 178017 153030 131024 094015 067014.
100014 086007 PPC001 250006 227007 330006
335006 326012 275008 240006 318012 170007
PPC002 169016 184020 158021 157021 162026
160026 159019 145008 228010 257006 270007.
PPC002 247006 170003 PPC002 032006 155006
259004 006005 252007 219005 237010 266009
314009 025008 273014 177012 130019 183012
030010 222008 150031 144034 116017 112013.
063011 039010 007007 333011 266011 286005
015009 PPC002 272004 076004 068006 352008
217003 220009 233015 173012 122023 094016
095027 143018 133029 133020 135014 111012.
116017 085012 079009 270007 004007 006008
332005 055006 349010 003006 206007 351005
233008 212007 298007 199008 276003 306003
284005 053007 290005 246007 171007 PPC002.
PPC002 PPC000 352003 201007 343007 178010
338012 356007 220009 244009 159010 244007
330007 197009 121004 326011 169009 223018
305015 275018 279014 261017 263013 331004.
303004 219004 275008 276011 164003 326007
344011 305006 036006 313007 324010 237011
193006 209003 289016 193011 142017 084031
105013 115022 104017 112033 100030 066022=
092009 180008 133005 050007 208004 148007
181008 161007 151006 102005 PPC001 186003
214008 089009 298010 182009 119018 122024
144028 148025 137028 129020 114012 083013.
070014 043009 323007 339007 360004 250007
257007 152005 358009 051007 326007 319008
355003 214005 175007 124013 129007 112011
135016 107015 106012 099011 095013 119012.
124009 179004 077004 221008 PPC002 300009
297009 334012 079009 315005 346012 350009
334009 335011 126017 127023 175027 142042
139046 131047 145034 133045 134027 162021.
125014 145008 094010 136011 139014 075009
182006 140007 085023 020029 004018 345025
283016 034006 058012 351008 059007 145007
076008 119025 113019 087021 119016 123017.
103010 157009 063008 045008 087006 114010
175010 123011 160018 164010 162008 132012
112013 104014 111013 201013 171018 134016
141012 165016 238010 237013 103006 126022.
143017 154017 154010 179012 178011 193008
185012 161012 165019 082008 120012 092014
103012 028012 213010 192014 121015 181026
134023 135029 148024 149031 111029 115017.
077015 073011 084009 317006 246007 263009
309006 256005 047006 243005 004004 190008
016005 127014 104014 124016 134025 140024
143028 159035 135031 131028 109022 099014.
108014 107013 047006 033006 211006 337005
346008 337004 353007 339009 342004 002003
329003 309005 100013 104013 172017 130019
136024 139025 142020 159026 153015 068005.
328012 346013 337012 293007 324007 001012
322011 275010 323008 261009 320007 047006
345006 294007 189010 155025 129021 161032
145034 146023 146030 156020 149017 145011.
149022 119015 058013 064011 129016 150027
159018 135023 148021 142023 156019 207007
330008 213010 237016 159017 173019 171020
175028 157023 156020 162024 161024 172013.
142009 187008 287007 224009 281006 305006
333004 PPC001 032007 PPC002 182008 274006
243005 140013 112012 146012 070011 099015
100016 121017 104013 103015 063009 085015.
074006 045006 023004 003006 338013 344005
261007 247007 226006 028006 PPC001 191006
342011 014009 153012 136018 133025 133024
136041 124040 146030 102027 097028 078016.
081016 038010 010009 327010 309007 340012
PPC002 176003 312008 252008 174003 355007
252008 019012 126016 132021 125014 099021
129027 129027 153028 114014 100012 111011.
111009 PPC001 106009 324007 308007 293007
317004 340007 260007 250006 357010 083008
PPC002 343010 229007 262007 215009 225014
208016 167016 151016 138014 123019 146012.
102008 058007 012011 314005 053006 296007
356004 346009 004006 328005 308010 027007
289007 235007 303009 249008 260008 248006
240005 164014 131021 087012 165009 113005.
189008 231006 297005 PPC002 313006 292008
309008 144009 013005 271006 014011 349004
215008 202007 135024 110028 108026 112024
124025 111019 213015 117021 101015 095016.
065010 023005 023008 PPC002 294004 299008
227004 269006 173008 225004 322005 351006
247006 335007 220008 269008 316008 253008
258010 247008 259007 254008 159007 119007.
PPC002 022003 106004 073004 114006 149005
289005 204010 150010 139017 162018 136018
177017 128017 155016 152022 171020 157024
137020 148021 135025 146018 159021 155016.
176015 151011 123012 102011 169015 064009
118012 205010 198008 PPC000 091007 125007
163009 108007 312005 PPC002 128012 087013
137013 104017 102015 147007 196008 201006.
193005 231009 358007 112011 117003 315004
204007 286008 163006 282003 350008 PPC001
348007 200007 231006 163010 183008 157009
285008 286004 303009 290003 222003 274008.
236009 233006 PPC000 313006 051006 292008
038008 342016 043003 268011 097003 317011
354004 015011 202013 251013 111015 109021
103023 141031 138023 147021 120016 087012.
062010 318004 329016 308007 003008 356010
273007 274007 333004 347013 033006 281008
311012 073011 162014 147018 109024 198022
178027 115023 116020 168010 187010 309005.
009009 333012 306012 265018 276026 271018
268020 278026 286020 285014 270023 278022
281018 281019 279016 277020 270013 137010
226011 044015 042015 034013 124014 123015.
124012 344009 300007 277006 260010 222009
340005 173008 181009 213008 176006 163004
168020 181018 126021 160022 147014 124027
111029 140030 130028 134022 134024 139018.
163010 067009 334006 329011 339012 267007
302009 359004 353009 053007 294008 PPC000
279010 080010 099013 163023 093014 111017
156030 184026 159029 120022 109014 085011.
091010 107008 348004 245005 204007 350007
331007 311009 295008 253007 335011 159007
228004 179013 166016 172024 156023 154022
156022 178015 145012 220012 259007 246009.
280004 243008 215003 137004 013007 155009
PPC002 005006 242009 248007 250005 258011
286009 327010 245011 213016 151014 175012
050014 163014 135030 135031 139016 112014.
077013 030009 024007 338009 285008 283005
353007 328006 215004 PPC002 068005 334009
239006 259006 215014 148015 107020 108019
120022 138024 131028 145022 130015 099015.
115015 098015 073008 295007 358007 355007
348007 068006 357010 349008 238007 346006
225005 228005 288006 237009 345005 215004
277006 003007 306005 248007 192008 185003.
066003 184003 346007 189008 339008 182007
308009 337007 262008 260010 178008 209008
310006 180011 091012 332010 182009 162013
265017 284016 270013 272020 243011 299007.
PPC001 291005 281008 278005 211004 340007
325009 317008 031006 324010 338011 247008
188005 242008 287014 145009 167016 091026
328011 075013 118016 098036 101028 071020=
032144 1520 042116 1449
018142 1457 030099 1525
050121 1554 064133 1558
036032 0554 049060 0549
024182 0420 039159 0412
035133 1715 051164 1804
037147 1551 058125 1530
031153 1724 044150 1719
036166 1319 055150 1413
034161 0541 042156 0203
020151 1548 029173 1547
047153 1445 061170 1440
035148 1651 050145 1524
021115 1857 027096 1835
022139 1657 028113 1654
035101 1217 049091 1434
017090 2002 021082 2001
033156 1439 044159 1438
027154 2127 036145 2120
015154 0248 026113 0316
033134 1629 044125 1627
033180 1428 042179 1421
028279 0332 046244 0330
035154 1809 055153 1608
035181 1531 052196 1523
030161 1250 040179 1241
035129 1709 050147 1707
030131 1704 042133 1648
022104 2047 029096 2035
021328 1433 031343 1428
036098 1800 055079 1835=
DB
0059 0056 0050 0049 0052 0048 0044 0038 0033 0041 0045 0059
0098 0115 0154 0174 0194 0186 0142 0129 0103 0091 0085 0079 0226 1345 0032 0538.
0068 0054 0066 0069 0067 0067 0062 0045 0034 0046 0055 0063
0076 0104 0116 0126 0136 0132 0132 0122 0112 0097 0086 0083 0140 1231 0034 0452.
0081 0079 0077 0073 0061 0062 0065 0065 0066 0065 0063 0078
0105 0157 0198 0239 0270 0254 0249 0210 0156 0115 0096 0086 0305 1321 0059 0220.
0089 0081 0070 0073 0072 0071 0070 0068 0063 0056 0056 0057
0066 0088 0108 0119 0128 0131 0149 0115 0098 0081 0069 0066 0151 1454 0055 0605.
0063 0062 0061 0060 0058 0055 0050 0046 0043 0044 0044 0048
0059 0068 0073 0121 0168 0120 0111 0109 0096 0074 0066 0054 0193 1252 0042 0413.
0052 0050 0048 0047 0046 0046 0043 0043 0041 0034 0028 0059
0115 0175 0229 0272 0301 0296 0289 0243 0187 0111 0075 0060 0318 1341 0026 0653.
0050 0040 0031 0021 0015 0011 0008 0003 0003 0013 0022 0041
0109 0174 0226 0279 0314 0326 0302 0195 0163 0129 0108 0101 0331 1318 0001 0442.
0097 0093 0091 0077 0053 0044 0038 0053 0061 0063 0067 0076
0094 0138 0173 0267 0259 0344 0339 0289 0225 0151 0107 0085 0355 1338 0035 0329.
0074 0066 0059 0051 0049 0047 0041 0039 0040 0040 0038 0083
0136 0202 0279 0316 0276 0265 0243 0209 0175 0151 0132 0125 0344 1223 0032 0636.
0119 0112 0108 0106 0101 0094 0089 0084 0077 0072 0069 0083
0101 0154 0177 0195 0192 0192 0178 0164 0130 0109 0095 0084 0204 1438 0069 0641.
0084 0079 0052 0051 0052 0059 0066 0070 0067 0068 0066 0078
0101 0160 0127 0130 0153 0179 0197 0203 0145 0124 0094 0069 0204 1554 0046 2336.
0057 0049 0043 0038 0034 0029 0023 0019 0015 0012 0012 0059
0116 0179 0263 0318 0354 0368 0330 0285 0243 0177 0137 0115 0374 1404 0010 0627.
0102 0093 0085 0074 0072 0072 0066 0064 0061 0060 0054 0093
0158 0220 0239 0272 0296 0363 0334 0288 0234 0182 0158 0152 0382 1416 0054 0655.
0147 0143 0140 0136 0133 0128 0129 0127 0127 0125 0125 0129
0137 0140 0158 0184 0229 0315 0286 0250 0228 0173 0141 0124 0325 1351 0124 1959.
0109 0102 0110 0118 0120 0117 0118 0118 0114 0112 0112 0119
0128 0131 0130 0155 0145 0154 0167 0169 0175 0146 0135 0123 0191 1638 0100 2214.
0117 0100 0092 0091 0090 0086 0078 0097 0106 0109 0107 0118
0167 0209 0254 0289 0321 0342 0324 0291 0237 0191 0171 0162 0342 1400 0076 0236.
0162 0159 0156 0155 0152 0149 0144 0143 0142 0141 0142 0143
0143 0143 0142 0147 0143 0143 0148 0146 0146 0143 0140 0139 0163 2030 0138 1959.
0137 0136 0137 0137 0137 0137 0135 0136 0133 0129 0125 0124
0127 0133 0141 0152 0148 0144 0144 0146 0130 0123 0117 0115 0167 1137 0115 1929.
0114 0112 0110 0111 0111 0110 0109 0109 0109 0110 0109 0114
0122 0124 0135 0145 0156 0156 0150 0135 0128 0123 0119 0116 0166 1322 0108 0301.
0117 0115 0114 0113 0113 0114 0113 0113 0114 0115 0113 0122
0140 0157 0173 0193 0207 0222 0210 0187 0178 0169 0148 0129 0223 1355 0112 0344.
0130 0112 0100 0092 0086 0081 0078 0092 0084 0083 0091 0108
0133 0220 0271 0297 0320 0334 0342 0308 0263 0192 0148 0133 0346 1502 0076 0308.
0122 0112 0105 0096 0091 0085 0080 0081 0086 0081 0080 0142
0190 0239 0291 0303 0357 0361 0350 0225 0206 0187 0167 0162 0379 1318 0074 0625.
0157 0152 0147 0141 0137 0134 0129 0124 0121 0120 0119 0125
0141 0164 0208 0232 0265 0284 0274 0259 0235 0186 0133 0121 0286 1355 0118 0611.
0114 0109 0105 0104 0098 0102 0096 0095 0096 0096 0098 0134
0185 0260 0316 0354 0379 0367 0337 0305 0249 0182 0142 0129 0384 1303 0093 0434.
0117 0112 0101 0094 0088 0083 0080 0075 0076 0070 0079 0131
0194 0277 0323 0333 0383 0373 0341 0298 0228 0191 0172 0165 0392 1311 0070 0557.
0159 0155 0150 0148 0143 0125 0132 0134 0135 0136 0136 0141
0141 0149 0152 0152 0137 0133 0134 0143 0133 0133 0130 0127 0166 2002 0121 0226.
0127 0126 0126 0124 0123 0121 0122 0122 0116 0111 0117 0129
0160 0236 0335 0353 0340 0362 0321 0301 0221 0176 0148 0134 0365 1354 0105 0424.
0126 0121 0112 0108 0113 0121 0124 0124 0118 0112 0123 0146
0145 0183 0360 0383 0381 0396 0373 0296 0243 0215 0190 0180 0400 1323 0108 2349.
0170 0167 0140 0135 0131 0127 0124 0135 0140 0144 0147 0155
0162 0167 0173 0182 0186 0185 0174 0175 0186 0179 0166 0161 0197 1722 0124 0212.
0159 0155 0154 0154 0150 0150 0151 0150 0150 0148 0149 0155
0166 0177 0213 0244 0282 0333 0345 0314 0264 0213 0197 0192 0357 1352 0138 0123.
0189 0187 0171 0154 0148 0144 0140 0134 0129 0126 0140 0212
0222 0298 0414 0440 0438 0416 0414 0372 0336 0287 0240 0224 0448 1252 0125 0611=
0080 0078 0075 0071 0070 0069 0067 0065 0062 0059 0060 0061
0068 0081 0099 0114 0130 0144 0137 0129 0121 0111 0104 0099.
0095 0088 0085 0084 0083 0083 0081 0078 0072 0068 0069 0070
0074 0081 0090 0096 0104 0109 0112 0111 0110 0106 0101 0097.
0094 0092 0091 0089 0086 0083 0080 0080 0079 0079 0078 0078
0084 0094 0113 0136 0158 0171 0170 0166 0150 0136 0122 0112.
0107 0104 0099 0095 0092 0090 0088 0087 0085 0081 0078 0076
0077 0079 0086 0092 0098 0102 0106 0108 0103 0097 0091 0086.
0083 0081 0080 0078 0077 0075 0073 0071 0069 0067 0066 0066
0066 0069 0074 0083 0102 0107 0104 0101 0098 0094 0089 0083.
0077 0074 0071 0069 0068 0066 0065 0064 0063 0061 0058 0058
0066 0085 0110 0136 0157 0171 0176 0173 0161 0143 0125 0110.
0100 0091 0084 0077 0071 0066 0061 0057 0053 0051 0052 0054
0063 0085 0112 0140 0164 0180 0187 0176 0163 0149 0136 0126.
0119 0114 0111 0107 0101 0093 0086 0081 0082 0082 0083 0084
0087 0095 0109 0130 0161 0181 0194 0194 0184 0168 0151 0136.
0125 0115 0108 0101 0095 0091 0087 0083 0081 0078 0075 0078
0089 0110 0134 0162 0184 0182 0182 0177 0167 0157 0148 0140.
0135 0130 0125 0122 0119 0115 0111 0108 0104 0100 0096 0095
0098 0105 0117 0130 0136 0139 0144 0141 0137 0129 0121 0113.
0109 0106 0100 0093 0090 0087 0088 0088 0088 0088 0088 0088
0092 0105 0117 0115 0118 0126 0134 0140 0139 0131 0121 0112.
0103 0096 0090 0084 0080 0076 0072 0068 0065 0061 0058 0060
0073 0095 0124 0155 0182 0200 0206 0204 0195 0181 0164 0151.
0140 0131 0124 0117 0112 0108 0104 0101 0097 0095 0092 0092
0104 0122 0142 0155 0177 0191 0209 0209 0199 0185 0173 0164.
0157 0153 0149 0146 0143 0140 0138 0136 0135 0134 0133 0132
0132 0134 0136 0142 0155 0176 0193 0193 0190 0180 0166 0155.
0146 0139 0134 0133 0132 0131 0130 0129 0128 0127 0125 0125
0127 0129 0130 0133 0137 0141 0146 0150 0153 0151 0146 0141.
0137 0131 0125 0120 0118 0115 0110 0110 0112 0114 0115 0116
0124 0139 0160 0182 0198 0211 0216 0214 0206 0195 0183 0174.
0168 0164 0161 0159 0157 0155 0153 0151 0150 0148 0147 0147
0147 0147 0146 0146 0147 0145 0146 0146 0147 0146 0145 0144.
0143 0142 0141 0141 0141 0140 0140 0139 0138 0137 0135 0133
0132 0132 0135 0143 0144 0144 0144 0145 0143 0138 0134 0131.
0129 0127 0125 0124 0124 0123 0122 0121 0120 0120 0119 0119
0121 0123 0128 0133 0136 0142 0143 0142 0138 0134 0131 0129.
0127 0126 0125 0124 0123 0122 0121 0121 0120 0121 0120 0121
0125 0132 0142 0151 0164 0173 0180 0178 0174 0170 0163 0155.
0148 0142 0134 0127 0121 0116 0111 0109 0109 0107 0106 0108
0116 0136 0168 0198 0221 0234 0237 0232 0219 0204 0186 0172.
0161 0152 0145 0138 0131 0126 0121 0117 0115 0113 0109 0112
0127 0148 0171 0193 0206 0223 0224 0219 0202 0191 0182 0175.
0170 0166 0162 0159 0156 0152 0149 0146 0142 0140 0138 0136
0138 0144 0151 0166 0176 0187 0194 0197 0193 0183 0171 0159.
0150 0144 0139 0134 0131 0128 0125 0123 0121 0120 0119 0120
0131 0146 0168 0193 0214 0227 0232 0229 0219 0203 0186 0172.
0163 0155 0148 0142 0136 0131 0126 0122 0118 0115 0112 0115
0129 0149 0173 0195 0206 0226 0231 0229 0219 0203 0192 0183.
0177 0172 0168 0165 0162 0158 0153 0151 0151 0150 0149 0149
0149 0150 0153 0154 0153 0150 0149 0149 0149 0147 0145 0143.
0141 0140 0139 0137 0137 0135 0135 0134 0132 0130 0129 0131
0135 0147 0174 0201 0214 0225 0231 0229 0217 0200 0185 0174.
0165 0158 0152 0147 0143 0142 0142 0141 0140 0138 0136 0139
0143 0148 0170 0202 0228 0243 0251 0245 0231 0218 0206 0197.
0190 0184 0178 0170 0165 0160 0156 0153 0154 0154 0155 0156
0158 0161 0165 0168 0173 0174 0175 0173 0174 0177 0174 0170.
0167 0165 0163 0161 0160 0157 0157 0156 0156 0155 0155 0155
0157 0161 0168 0178 0192 0208 0222 0231 0227 0218 0207 0199.
0194 0191 0187 0180 0174 0168 0164 0160 0156 0152 0150 0156
0170 0186 0215 0245 0264 0277 0282 0283 0276 0263 0249 0237=
0088 0085 0084 0081 0079 0078 0077 0075 0074 0071 0070 0070
0071 0075 0082 0092 0102 0112 0119 0119 0117 0113 0109 0105.
0102 0098 0095 0093 0091 0090 0089 0087 0084 0081 0079 0079
0079 0081 0085 0089 0094 0098 0101 0104 0105 0104 0103 0101.
0099 0097 0096 0094 0093 0091 0089 0087 0086 0086 0085 0084
0085 0088 0095 0106 0120 0132 0140 0144 0142 0136 0129 0122.
0117 0113 0109 0106 0103 0101 0098 0096 0095 0093 0090 0088
0087 0086 0088 0091 0094 0097 0100 0103 0103 0101 0099 0096.
0093 0091 0089 0088 0086 0085 0084 0082 0080 0079 0077 0076
0076 0076 0077 0080 0086 0094 0098 0098 0098 0097 0094 0092.
0088 0085 0083 0081 0079 0078 0076 0075 0074 0073 0071 0069
0070 0075 0086 0100 0114 0128 0138 0143 0144 0140 0132 0123.
0115 0108 0102 0097 0091 0087 0082 0078 0074 0071 0069 0068
0069 0075 0087 0102 0118 0133 0144 0149 0148 0143 0137 0131.
0126 0121 0118 0115 0111 0107 0102 0098 0095 0093 0092 0092
0092 0094 0099 0106 0120 0135 0149 0158 0161 0158 0152 0144.
0136 0129 0123 0117 0112 0108 0104 0100 0097 0094 0092 0090
0091 0097 0108 0123 0139 0149 0153 0156 0155 0151 0147 0142.
0138 0134 0131 0128 0125 0123 0120 0117 0114 0111 0108 0106
0105 0106 0110 0116 0122 0127 0130 0133 0133 0130 0126 0122.
0118 0115 0112 0108 0104 0101 0099 0098 0098 0097 0096 0096
0096 0099 0106 0110 0111 0115 0119 0124 0128 0127 0124 0120.
0115 0110 0105 0101 0097 0093 0090 0086 0083 0080 0078 0075
0077 0084 0096 0113 0131 0147 0160 0167 0169 0167 0161 0153.
0146 0140 0134 0129 0124 0120 0117 0113 0110 0108 0105 0103
0104 0110 0120 0130 0140 0152 0165 0173 0175 0173 0168 0162.
0157 0153 0150 0148 0145 0143 0141 0139 0138 0136 0135 0134
0134 0134 0134 0136 0140 0147 0160 0167 0170 0169 0165 0159.
0153 0147 0143 0140 0138 0137 0135 0134 0133 0132 0130 0129
0129 0130 0130 0131 0133 0135 0137 0140 0143 0145 0144 0142.
0140 0137 0133 0130 0127 0124 0122 0119 0119 0119 0119 0120
0121 0126 0135 0147 0160 0171 0180 0184 0185 0183 0178 0173.
0168 0165 0162 0159 0158 0156 0154 0153 0151 0150 0149 0148
0147 0147 0147 0146 0146 0146 0145 0146 0145 0145 0145 0144.
0144 0143 0142 0142 0142 0141 0141 0140 0140 0139 0138 0137
0135 0135 0135 0137 0140 0141 0142 0142 0142 0141 0139 0137.
0135 0133 0131 0130 0129 0128 0127 0126 0126 0125 0124 0124
0124 0124 0126 0128 0131 0134 0136 0138 0137 0136 0134 0132.
0131 0130 0129 0128 0127 0126 0125 0125 0124 0124 0124 0123
0124 0126 0131 0136 0143 0150 0157 0161 0162 0161 0159 0156.
0152 0148 0143 0139 0134 0130 0126 0122 0120 0118 0117 0116
0117 0122 0135 0152 0170 0184 0194 0199 0199 0195 0187 0179.
0171 0164 0158 0152 0147 0142 0137 0133 0130 0127 0125 0122
0125 0133 0144 0156 0168 0180 0189 0194 0191 0186 0181 0176.
0172 0169 0166 0163 0160 0158 0155 0153 0150 0148 0145 0144
0143 0143 0146 0151 0158 0165 0171 0177 0178 0177 0173 0167.
0161 0155 0151 0147 0143 0140 0138 0135 0133 0131 0130 0128
0130 0135 0144 0157 0171 0184 0194 0199 0200 0196 0189 0181.
0174 0167 0162 0157 0152 0147 0143 0139 0135 0132 0129 0127
0129 0135 0146 0160 0171 0183 0193 0199 0200 0196 0190 0185.
0180 0176 0172 0169 0167 0164 0161 0158 0157 0155 0154 0153
0152 0152 0153 0154 0154 0153 0152 0151 0151 0150 0149 0148.
0146 0145 0144 0143 0142 0141 0140 0140 0139 0137 0136 0135
0136 0139 0148 0162 0175 0186 0194 0199 0200 0195 0188 0181.
0174 0169 0164 0159 0155 0152 0150 0149 0148 0146 0144 0143
0145 0146 0151 0164 0181 0195 0207 0213 0212 0208 0203 0197.
0192 0187 0183 0178 0174 0170 0166 0163 0161 0160 0159 0159
0159 0160 0161 0163 0165 0168 0169 0169 0169 0170 0171 0169.
0168 0166 0165 0164 0163 0161 0160 0159 0158 0158 0157 0157
0157 0158 0160 0165 0171 0179 0189 0198 0203 0203 0200 0196.
0192 0189 0187 0184 0180 0175 0172 0169 0165 0162 0160 0158
0162 0169 0179 0196 0212 0226 0236 0243 0245 0243 0238 0232=
0092 0091 0090 0089 0087 0086 0085 0084 0083 0081 0080 0079
0079 0079 0082 0086 0091 0098 0104 0108 0110 0110 0109 0107.
0105 0103 0101 0099 0098 0097 0095 0094 0093 0091 0089 0088
0087 0087 0088 0090 0092 0095 0098 0100 0102 0103 0103 0102.
0102 0101 0100 0099 0098 0097 0096 0094 0093 0092 0092 0091
0090 0091 0093 0097 0104 0112 0120 0125 0129 0129 0127 0124.
0121 0118 0115 0113 0111 0108 0106 0105 0103 0101 0100 0098
0096 0095 0095 0095 0096 0098 0100 0101 0103 0103 0103 0101.
0100 0098 0097 0096 0094 0093 0092 0091 0090 0089 0087 0086
0085 0085 0084 0085 0087 0090 0094 0096 0097 0098 0097 0097.
0095 0093 0091 0090 0088 0087 0086 0085 0084 0082 0081 0080
0079 0080 0083 0089 0097 0106 0114 0121 0126 0128 0127 0124.
0120 0116 0112 0108 0104 0100 0097 0093 0090 0087 0084 0082
0081 0082 0085 0091 0100 0109 0119 0126 0131 0132 0131 0129.
0126 0124 0121 0119 0117 0114 0111 0108 0105 0103 0101 0100
0100 0099 0100 0103 0108 0116 0125 0134 0139 0143 0143 0141.
0137 0133 0129 0125 0122 0118 0115 0112 0109 0106 0104 0102
0100 0101 0104 0110 0119 0127 0134 0138 0141 0142 0141 0139.
0138 0135 0133 0131 0129 0127 0125 0123 0121 0119 0117 0115
0113 0112 0113 0115 0118 0121 0124 0126 0128 0128 0127 0126.
0123 0121 0119 0117 0114 0112 0110 0108 0107 0106 0105 0104
0103 0104 0106 0108 0110 0112 0114 0117 0120 0122 0123 0122.
0120 0117 0114 0111 0108 0106 0103 0100 0098 0095 0093 0090
0089 0090 0093 0100 0110 0120 0131 0140 0145 0148 0149 0147.
0144 0141 0138 0134 0131 0128 0125 0122 0120 0117 0115 0113
0111 0112 0115 0120 0126 0133 0140 0148 0154 0157 0157 0155.
0153 0151 0149 0148 0146 0144 0143 0141 0140 0139 0138 0137
0136 0135 0135 0135 0136 0139 0144 0150 0155 0157 0158 0156.
0153 0150 0147 0145 0142 0141 0139 0138 0137 0136 0135 0134
0133 0133 0133 0133 0133 0134 0135 0137 0139 0140 0141 0141.
0140 0139 0138 0135 0133 0131 0130 0127 0126 0125 0125 0124
0124 0125 0129 0134 0141 0149 0156 0162 0166 0168 0168 0167.
0164 0162 0160 0159 0157 0156 0155 0154 0152 0151 0150 0149
0149 0148 0148 0147 0147 0147 0147 0146 0146 0146 0146 0146.
0145 0145 0144 0144 0143 0143 0143 0142 0142 0141 0141 0140
0139 0138 0138 0138 0139 0140 0141 0141 0142 0142 0141 0140.
0139 0138 0136 0135 0134 0133 0133 0132 0131 0130 0130 0129
0128 0128 0129 0129 0131 0132 0134 0136 0136 0136 0136 0135.
0134 0133 0132 0132 0131 0130 0130 0129 0128 0128 0128 0127
0127 0128 0129 0132 0135 0139 0144 0148 0151 0152 0153 0152.
0151 0149 0147 0144 0141 0139 0136 0133 0130 0128 0126 0125
0124 0125 0128 0135 0145 0156 0165 0173 0177 0179 0178 0175.
0171 0167 0163 0159 0155 0151 0148 0144 0141 0138 0136 0134
0132 0133 0137 0143 0151 0158 0166 0172 0175 0176 0174 0173.
0170 0168 0166 0164 0163 0161 0159 0157 0155 0153 0151 0150
0148 0147 0148 0149 0152 0155 0160 0164 0167 0169 0169 0167.
0164 0161 0158 0155 0152 0149 0147 0144 0142 0140 0139 0137
0136 0137 0140 0145 0153 0161 0170 0176 0181 0183 0182 0179.
0175 0171 0168 0164 0160 0157 0153 0150 0147 0144 0141 0139
0137 0138 0142 0147 0155 0162 0170 0176 0181 0183 0182 0180.
0178 0175 0173 0171 0169 0167 0165 0163 0161 0160 0158 0157
0156 0156 0155 0155 0155 0155 0155 0154 0154 0153 0152 0152.
0151 0150 0149 0148 0147 0146 0146 0145 0144 0143 0142 0141
0141 0141 0143 0149 0156 0164 0171 0177 0182 0183 0182 0179.
0176 0172 0169 0166 0162 0160 0157 0156 0154 0153 0151 0150
0149 0149 0150 0154 0161 0170 0179 0187 0192 0193 0193 0191.
0188 0186 0183 0181 0178 0175 0172 0169 0167 0165 0164 0163
0162 0162 0162 0163 0164 0165 0166 0167 0167 0168 0168 0168.
0168 0167 0166 0165 0165 0164 0163 0162 0161 0161 0160 0160
0159 0159 0160 0161 0164 0168 0173 0179 0184 0188 0189 0189.
0187 0186 0184 0183 0181 0178 0176 0174 0171 0169 0166 0165
0164 0166 0169 0176 0185 0195 0204 0212 0217 0221 0221 0220=
0092 0092 0092 0091 0090 0089 0089 0088 0087 0086 0085 0084
0083 0083 0083 0085 0087 0090 0094 0098 0101 0103 0104 0104.
0103 0102 0101 0100 0099 0098 0097 0097 0096 0094 0093 0092
0091 0090 0090 0090 0091 0093 0094 0096 0098 0099 0100 0100.
0100 0100 0100 0099 0099 0098 0097 0096 0096 0095 0094 0094
0093 0093 0093 0094 0097 0101 0106 0111 0115 0117 0119 0118.
0117 0116 0114 0113 0111 0110 0108 0107 0106 0104 0103 0102
0101 0099 0098 0098 0098 0098 0099 0100 0101 0102 0102 0102.
0101 0100 0099 0098 0098 0097 0096 0095 0094 0093 0092 0091
0090 0089 0089 0089 0089 0090 0092 0094 0095 0096 0096 0096.
0096 0095 0094 0093 0092 0091 0090 0089 0088 0087 0086 0085
0084 0084 0084 0086 0090 0095 0100 0105 0110 0114 0116 0116.
0116 0114 0112 0110 0107 0105 0102 0100 0097 0095 0092 0090
0089 0088 0088 0089 0093 0098 0104 0110 0115 0118 0120 0121.
0120 0119 0118 0117 0116 0114 0113 0111 0109 0107 0105 0104
0103 0102 0102 0102 0104 0107 0112 0117 0123 0127 0130 0131.
0130 0129 0127 0125 0123 0120 0118 0116 0113 0111 0109 0107
0106 0104 0105 0107 0110 0115 0120 0124 0127 0130 0131 0131.
0131 0131 0130 0129 0127 0126 0125 0124 0122 0121 0119 0118
0116 0115 0114 0114 0115 0117 0118 0120 0122 0123 0123 0123.
0122 0121 0120 0119 0117 0115 0114 0112 0111 0110 0108 0108
0107 0106 0106 0107 0109 0110 0111 0112 0114 0116 0118 0118.
0118 0117 0116 0114 0112 0110 0108 0106 0104 0102 0100 0098
0097 0095 0096 0098 0102 0107 0114 0120 0126 0131 0134 0135.
0135 0134 0133 0131 0130 0128 0126 0124 0122 0120 0118 0117
0115 0114 0114 0116 0119 0122 0126 0131 0136 0140 0143 0144.
0144 0143 0143 0142 0141 0140 0139 0138 0137 0136 0136 0135
0134 0134 0133 0133 0133 0134 0135 0139 0142 0145 0147 0147.
0147 0146 0145 0143 0141 0140 0139 0138 0137 0136 0135 0134
0133 0133 0132 0132 0132 0132 0132 0133 0134 0135 0136 0137.
0137 0136 0136 0135 0134 0132 0131 0130 0128 0127 0126 0126
0125 0125 0126 0128 0131 0135 0140 0145 0149 0152 0154 0155.
0155 0154 0154 0153 0152 0151 0151 0150 0149 0148 0148 0147
0146 0146 0145 0145 0144 0144 0144 0144 0143 0143 0143 0143.
0143 0142 0142 0142 0142 0141 0141 0141 0140 0140 0140 0139
0139 0138 0137 0137 0137 0138 0138 0139 0139 0139 0139 0139.
0138 0137 0137 0136 0135 0134 0133 0133 0132 0131 0131 0130
0130 0129 0129 0129 0129 0130 0131 0132 0133 0133 0134 0133.
0133 0133 0132 0132 0131 0131 0130 0129 0129 0128 0128 0128
0127 0127 0128 0128 0130 0132 0135 0138 0140 0143 0144 0145.
0145 0145 0144 0143 0141 0140 0138 0136 0134 0132 0130 0129
0128 0127 0127 0129 0133 0139 0146 0152 0157 0161 0163 0164.
0163 0161 0159 0157 0155 0152 0150 0147 0145 0142 0140 0138
0136 0135 0136 0138 0141 0145 0150 0155 0159 0162 0163 0163.
0163 0162 0161 0160 0159 0158 0157 0156 0154 0153 0151 0150
0149 0148 0147 0147 0148 0149 0151 0154 0156 0159 0160 0160.
0160 0158 0157 0155 0153 0151 0149 0147 0146 0144 0142 0141
0140 0139 0139 0141 0144 0148 0154 0159 0163 0167 0169 0169.
0168 0167 0165 0163 0160 0158 0156 0153 0151 0149 0146 0144
0142 0141 0141 0143 0146 0150 0155 0160 0164 0168 0169 0170.
0170 0169 0168 0167 0166 0164 0163 0162 0160 0159 0158 0157
0156 0155 0155 0154 0154 0154 0154 0153 0153 0152 0152 0151.
0151 0150 0149 0149 0148 0147 0147 0146 0145 0144 0144 0143
0142 0142 0142 0144 0147 0151 0156 0161 0165 0168 0170 0170.
0169 0168 0166 0164 0162 0160 0158 0157 0155 0154 0153 0152
0150 0150 0150 0150 0153 0157 0162 0168 0173 0176 0178 0179.
0179 0178 0177 0176 0174 0173 0171 0169 0167 0165 0164 0163
0162 0161 0161 0161 0161 0161 0162 0163 0163 0163 0164 0164.
0164 0164 0164 0163 0163 0162 0161 0161 0160 0160 0159 0159
0158 0158 0158 0158 0159 0161 0163 0166 0170 0174 0176 0177.
0178 0178 0177 0177 0176 0175 0173 0172 0170 0169 0167 0165
0164 0164 0164 0167 0171 0177 0183 0189 0194 0198 0201 0203=
0103 0103 0103 0103 0103 0102 0102 0102 0102 0102 0102 0102
0101 0101 0101 0101 0101 0101 0101 0101 0101 0101 0101 0101.
0102 0102 0102 0102 0102 0103 0103 0103 0102 0102 0103 0102
0102 0102 0102 0102 0102 0102 0102 0102 0102 0102 0102 0102.
0102 0102 0103 0103 0103 0103 0103 0103 0103 0103 0103 0103
0103 0103 0103 0103 0103 0103 0103 0103 0104 0104 0104 0105.
0105 0106 0106 0106 0106 0107 0107 0107 0107 0107 0107 0107
0107 0106 0106 0106 0106 0106 0106 0106 0106 0106 0106 0106.
0106 0106 0106 0106 0106 0106 0106 0106 0105 0105 0105 0105
0105 0105 0105 0104 0104 0104 0104 0104 0104 0104 0104 0104.
0104 0104 0104 0103 0103 0103 0103 0103 0103 0103 0103 0102
0102 0102 0102 0102 0102 0102 0102 0102 0102 0102 0102 0103.
0103 0103 0104 0104 0104 0104 0104 0104 0104 0104 0104 0103
0103 0103 0102 0102 0102 0102 0102 0102 0102 0102 0102 0103.
0103 0104 0104 0104 0104 0105 0105 0105 0105 0105 0105 0105
0105 0105 0105 0105 0104 0104 0105 0105 0105 0105 0106 0106.
0106 0107 0107 0107 0108 0108 0108 0108 0108 0108 0108 0107
0107 0107 0107 0107 0107 0107 0107 0107 0107 0108 0108 0108.
0109 0109 0109 0109 0110 0110 0110 0111 0111 0111 0111 0111
0111 0111 0111 0111 0111 0111 0111 0111 0111 0111 0111 0111.
0111 0112 0111 0112 0112 0111 0111 0111 0111 0111 0111 0111
0111 0111 0110 0110 0110 0110 0110 0110 0110 0110 0110 0110.
0110 0110 0110 0110 0110 0110 0110 0110 0110 0110 0110 0109
0109 0109 0108 0108 0108 0108 0108 0108 0108 0108 0109 0109.
0110 0110 0111 0111 0111 0111 0112 0112 0112 0112 0112 0112
0112 0112 0112 0112 0112 0112 0112 0112 0112 0113 0113 0113.
0114 0114 0115 0115 0116 0116 0116 0117 0117 0117 0117 0117
0117 0118 0118 0118 0118 0118 0118 0118 0119 0119 0119 0120.
0120 0120 0121 0121 0121 0121 0121 0121 0121 0122 0122 0122
0122 0122 0122 0122 0122 0122 0122 0122 0122 0122 0122 0122.
0122 0122 0122 0123 0123 0123 0123 0123 0123 0123 0122 0122
0122 0122 0122 0122 0122 0122 0122 0123 0123 0123 0124 0124.
0124 0125 0125 0126 0126 0126 0127 0127 0127 0127 0127 0127
0128 0128 0128 0128 0128 0128 0128 0129 0129 0129 0129 0129.
0129 0129 0129 0129 0130 0130 0130 0130 0130 0130 0130 0130
0130 0130 0130 0130 0130 0130 0130 0130 0130 0130 0130 0130.
0130 0130 0130 0130 0130 0130 0130 0130 0130 0130 0130 0130
0130 0129 0129 0129 0129 0129 0129 0129 0129 0129 0129 0129.
0129 0129 0129 0129 0129 0129 0129 0129 0129 0129 0129 0129
0128 0129 0128 0128 0128 0128 0128 0129 0129 0129 0129 0129.
0129 0130 0130 0130 0130 0130 0130 0130 0130 0130 0130 0130
0130 0130 0129 0129 0129 0129 0129 0129 0130 0130 0130 0131.
0131 0132 0132 0133 0133 0133 0133 0133 0133 0133 0133 0133
0133 0133 0132 0132 0132 0132 0132 0132 0132 0133 0133 0133.
0134 0134 0135 0135 0135 0135 0136 0136 0136 0136 0136 0136
0136 0136 0136 0136 0136 0136 0136 0137 0137 0137 0137 0137.
0137 0138 0138 0138 0138 0138 0138 0138 0138 0138 0138 0137
0137 0137 0137 0137 0137 0137 0137 0137 0137 0137 0138 0138.
0138 0139 0139 0139 0139 0139 0139 0139 0139 0139 0139 0139
0139 0138 0138 0138 0138 0138 0138 0138 0138 0138 0138 0139.
0139 0139 0140 0140 0140 0140 0140 0141 0141 0141 0141 0141
0141 0141 0141 0141 0141 0141 0141 0141 0141 0141 0141 0141.
0141 0141 0140 0140 0140 0140 0140 0140 0140 0140 0140 0140
0140 0140 0140 0139 0139 0139 0139 0140 0140 0140 0140 0141.
0141 0141 0142 0142 0142 0142 0142 0142 0142 0142 0142 0142
0142 0142 0142 0142 0142 0142 0142 0142 0142 0142 0143 0143.
0144 0144 0145 0145 0145 0146 0146 0146 0146 0146 0146 0146
0146 0146 0146 0146 0146 0146 0146 0146 0146 0146 0146 0146.
0146 0147 0147 0147 0147 0147 0147 0147 0147 0147 0147 0147
0147 0147 0147 0147 0147 0147 0147 0147 0147 0148 0148 0148.
0149 0149 0149 0149 0150 0150 0150 0150 0150 0151 0151 0151
0151 0151 0151 0151 0151 0151 0151 0151 0152 0152 0153 0154=
KB
0115 0115 0115 0115 0115 0115 0115 0115 0115 0115 0115 0115
0114 0114 0114 0114 0114 0114 0114 0114 0114 0114 0114 0114.
0114 0114 0114 0113 0113 0113 0113 0113 0113 0113 0113 0113
0113 0113 0113 0113 0113 0113 0113 0113 0113 0113 0113 0113.
0113 0113 0113 0113 0113 0113 0113 0113 0113 0113 0113 0113
0113 0113 0113 0113 0113 0113 0113 0113 0113 0113 0113 0113.
0113 0113 0113 0113 0113 0113 0113 0113 0113 0113 0113 0113
0113 0113 0113 0113 0114 0114 0114 0114 0114 0114 0114 0114.
0114 0114 0114 0114 0114 0114 0114 0114 0114 0114 0114 0114
0114 0114 0114 0114 0114 0114 0114 0114 0114 0114 0114 0114.
0114 0114 0114 0114 0114 0114 0114 0114 0113 0114 0114 0113
0113 0114 0113 0114 0113 0113 0113 0113 0113 0113 0113 0113.
0113 0113 0113 0113 0113 0113 0113 0113 0113 0113 0113 0113
0113 0113 0113 0113 0113 0113 0113 0113 0113 0113 0113 0113.
0113 0113 0113 0113 0113 0113 0113 0113 0113 0113 0113 0113
0113 0113 0113 0113 0113 0113 0113 0113 0113 0113 0113 0113.
0113 0113 0113 0113 0113 0113 0113 0113 0113 0113 0113 0114
0114 0114 0114 0114 0114 0114 0114 0114 0114 0114 0114 0114.
0114 0114 0114 0114 0114 0114 0114 0114 0114 0114 0114 0114
0115 0114 0115 0115 0115 0115 0115 0115 0115 0115 0115 0115.
0115 0115 0115 0115 0115 0115 0115 0116 0116 0116 0116 0116
0116 0116 0116 0116 0116 0116 0116 0116 0116 0116 0116 0116.
0116 0116 0116 0116 0116 0116 0116 0116 0116 0116 0116 0116
0116 0116 0116 0116 0116 0116 0116 0116 0116 0116 0116 0116.
0116 0116 0116 0116 0116 0116 0116 0116 0116 0116 0116 0116
0116 0116 0116 0116 0116 0117 0117 0117 0117 0117 0117 0117.
0117 0117 0117 0117 0117 0117 0117 0117 0117 0117 0117 0117
0118 0118 0118 0118 0118 0118 0118 0118 0118 0119 0119 0119.
0119 0119 0119 0119 0119 0119 0119 0119 0120 0120 0120 0120
0120 0120 0120 0120 0120 0121 0121 0121 0121 0121 0121 0121.
0121 0121 0121 0121 0121 0122 0122 0122 0122 0122 0122 0122
0122 0122 0122 0122 0122 0122 0122 0122 0123 0123 0123 0123.
0123 0123 0123 0123 0123 0123 0123 0123 0123 0123 0124 0124
0124 0124 0124 0124 0124 0124 0124 0125 0125 0125 0125 0125.
0125 0125 0125 0126 0126 0126 0126 0126 0126 0126 0126 0126
0126 0126 0127 0127 0127 0127 0127 0127 0127 0127 0127 0127.
0127 0127 0127 0128 0128 0128 0128 0128 0128 0128 0128 0128
0128 0128 0128 0128 0128 0128 0128 0128 0128 0128 0128 0128.
0128 0129 0129 0129 0129 0129 0129 0129 0129 0129 0129 0129
0129 0129 0129 0129 0129 0129 0129 0129 0129 0129 0129 0129.
0129 0129 0129 0129 0129 0129 0129 0129 0129 0129 0129 0129
0129 0130 0130 0130 0130 0130 0130 0130 0130 0130 0130 0130.
0130 0130 0130 0130 0130 0130 0130 0130 0130 0130 0130 0130
0131 0131 0131 0131 0131 0131 0131 0131 0131 0131 0131 0131.
0131 0131 0131 0131 0131 0131 0132 0132 0132 0132 0132 0132
0132 0132 0132 0132 0132 0133 0133 0133 0133 0133 0133 0133.
0133 0133 0133 0133 0133 0133 0133 0133 0134 0134 0134 0134
0134 0134 0134 0134 0134 0134 0134 0134 0134 0134 0134 0134.
0134 0135 0135 0135 0135 0135 0135 0135 0135 0135 0135 0135
0135 0135 0135 0136 0136 0136 0136 0136 0136 0136 0136 0136.
0136 0136 0136 0136 0136 0136 0136 0136 0136 0136 0136 0136
0136 0136 0137 0137 0137 0137 0137 0137 0137 0137 0137 0137.
0137 0137 0137 0137 0137 0137 0137 0137 0138 0138 0138 0138
0138 0138 0138 0138 0138 0138 0138 0138 0138 0138 0138 0138.
0138 0138 0138 0138 0138 0138 0138 0138 0138 0138 0138 0138
0139 0139 0139 0139 0139 0139 0139 0139 0139 0139 0139 0139.
0139 0139 0139 0139 0139 0139 0139 0140 0140 0140 0140 0140
0140 0140 0140 0140 0141 0141 0141 0141 0141 0141 0141 0141.
0141 0141 0141 0141 0141 0141 0141 0141 0142 0142 0142 0142
0142 0142 0142 0142 0142 0142 0142 0142 0142 0142 0143 0143.
0143 0143 0143 0143 0143 0143 0143 0143 0143 0143 0143 0143
0144 0144 0144 0144 0144 0144 0144 0144 0144 0144 0144 0144=
0137 0137 0137 0137 0137 0137 0137 0137 0137 0137 0137 0137
0137 0137 0137 0137 0137 0137 0137 0137 0137 0137 0137 0137.
0137 0137 0137 0137 0137 0137 0137 0137 0137 0137 0137 0137
0137 0137 0137 0137 0137 0137 0137 0137 0137 0137 0137 0137.
0137 0137 0137 0137 0137 0137 0137 0137 0137 0137 0137 0137
0137 0137 0137 0137 0137 0137 0137 0137 0137 0137 0137 0137.
0137 0137 0137 0137 0137 0137 0137 0137 0137 0137 0137 0137
0137 0137 0137 0137 0137 0137 0136 0136 0137 0137 0136 0136.
0136 0136 0136 0136 0136 0136 0136 0136 0136 0136 0136 0136
0136 0136 0136 0136 0136 0136 0136 0136 0136 0136 0136 0136.
0136 0136 0136 0136 0136 0136 0136 0136 0136 0136 0136 0136
0136 0136 0136 0136 0136 0136 0136 0136 0136 0136 0136 0136.
0136 0136 0136 0136 0136 0136 0136 0136 0136 0136 0136 0136
0136 0136 0136 0136 0136 0136 0136 0136 0136 0136 0136 0136.
0136 0136 0136 0136 0136 0136 0136 0136 0136 0136 0136 0136
0136 0136 0136 0136 0136 0136 0136 0136 0136 0136 0136 0136.
0136 0136 0136 0136 0136 0136 0136 0136 0136 0136 0136 0136
0136 0136 0136 0136 0136 0136 0136 0136 0136 0136 0136 0136.
0136 0136 0136 0136 0136 0136 0136 0136 0136 0136 0136 0136
0136 0136 0136 0136 0136 0136 0136 0136 0136 0136 0136 0136.
0136 0136 0136 0136 0136 0136 0136 0136 0135 0136 0136 0136
0136 0136 0135 0136 0136 0136 0136 0136 0136 0135 0136 0136.
0135 0136 0136 0136 0136 0136 0136 0136 0136 0136 0136 0135
0136 0136 0136 0136 0136 0136 0136 0136 0136 0136 0136 0136.
0136 0136 0136 0136 0136 0136 0136 0136 0136 0135 0135 0136
0136 0136 0136 0136 0136 0136 0136 0136 0136 0136 0136 0136.
0136 0136 0136 0136 0136 0136 0136 0136 0136 0136 0136 0136
0136 0136 0136 0136 0136 0136 0136 0136 0136 0136 0136 0136.
0136 0136 0136 0136 0136 0136 0136 0136 0136 0136 0136 0136
0136 0136 0136 0136 0136 0136 0136 0136 0136 0136 0136 0136.
0136 0136 0136 0136 0136 0136 0136 0136 0136 0136 0136 0136
0136 0136 0136 0136 0136 0136 0136 0136 0136 0136 0136 0136.
0136 0136 0136 0136 0136 0136 0136 0136 0136 0136 0136 0136
0136 0136 0136 0136 0136 0136 0136 0136 0136 0136 0136 0136.
0136 0136 0136 0136 0136 0136 0136 0136 0136 0136 0136 0136
0136 0136 0136 0136 0136 0136 0136 0136 0136 0137 0136 0136.
0136 0137 0137 0136 0136 0136 0137 0137 0137 0136 0137 0136
0137 0137 0137 0137 0137 0137 0137 0137 0137 0137 0137 0137.
0137 0137 0137 0137 0137 0137 0137 0137 0137 0137 0137 0137
0137 0137 0137 0137 0137 0137 0137 0137 0137 0137 0137 0137.
0137 0137 0137 0137 0137 0137 0137 0137 0137 0137 0137 0138
0137 0138 0138 0138 0138 0138 0138 0138 0138 0138 0138 0138.
0138 0138 0138 0138 0138 0138 0138 0138 0138 0138 0138 0138
0138 0138 0138 0138 0138 0138 0138 0138 0138 0138 0138 0138.
0138 0138 0138 0138 0138 0138 0138 0138 0138 0138 0139 0139
0139 0139 0139 0139 0139 0139 0139 0139 0139 0139 0139 0139.
0139 0139 0139 0139 0139 0139 0139 0139 0139 0139 0139 0139
0139 0139 0139 0139 0139 0139 0139 0139 0139 0139 0139 0139.
0139 0139 0139 0139 0139 0139 0139 0139 0139 0139 0139 0140
0140 0140 0140 0140 0140 0140 0140 0140 0140 0140 0140 0140.
0140 0140 0140 0140 0140 0140 0140 0140 0140 0140 0140 0140
0140 0140 0140 0140 0140 0140 0140 0140 0140 0140 0140 0140.
0140 0140 0140 0141 0141 0141 0141 0141 0141 0141 0141 0141
0141 0141 0141 0141 0141 0141 0141 0141 0141 0141 0141 0141.
0141 0141 0141 0141 0141 0141 0141 0141 0141 0141 0141 0141
0141 0141 0141 0142 0142 0142 0142 0142 0142 0142 0142 0142.
0142 0142 0142 0142 0142 0142 0142 0142 0142 0142 0142 0142
0142 0142 0142 0142 0142 0142 0142 0142 0142 0142 0142 0142.
0142 0142 0142 0142 0142 0142 0142 0143 0143 0143 0143 0143
0143 0143 0143 0143 0143 0143 0143 0143 0143 0143 0143 0143.
0143 0143 0143 0143 0143 0143 0143 0143 0143 0143 0143 0143
0143 0143 0143 0143 0144 0144 0144 0144 0144 0144 0144 0144=
0170 0170 0170 0170 0170 0170 0170 0170 0170 0170 0170 0170
0170 0170 0170 0170 0170 0170 0170 0170 0170 0170 0170 0170.
0170 0170 0170 0170 0170 0170 0170 0170 0170 0170 0170 0170
0170 0170 0170 0170 0170 0170 0170 0170 0170 0170 0170 0170.
0170 0170 0170 0169 0170 0169 0169 0169 0169 0169 0169 0169
0169 0170 0170 0169 0170 0170 0169 0169 0169 0169 0169 0169.
0169 0169 0169 0169 0169 0169 0169 0169 0169 0169 0169 0169
0169 0169 0169 0169 0169 0169 0169 0169 0169 0169 0169 0169.
0169 0169 0169 0169 0169 0169 0169 0169 0169 0169 0169 0169
0169 0169 0169 0169 0169 0169 0169 0169 0169 0169 0169 0169.
0169 0169 0169 0169 0169 0169 0169 0169 0169 0169 0169 0169
0169 0169 0169 0169 0169 0169 0169 0169 0169 0169 0169 0168.
0168 0168 0168 0168 0168 0168 0168 0168 0168 0168 0168 0168
0168 0168 0168 0169 0168 0168 0168 0168 0168 0168 0168 0168.
0168 0168 0168 0168 0168 0168 0168 0168 0168 0168 0168 0168
0168 0168 0168 0168 0168 0168 0168 0168 0168 0168 0168 0168.
0168 0168 0168 0168 0168 0168 0168 0168 0168 0168 0168 0168
0168 0168 0168 0168 0168 0168 0168 0168 0168 0168 0168 0168.
0168 0168 0168 0168 0168 0168 0168 0168 0168 0168 0167 0167
0168 0168 0168 0168 0168 0167 0168 0167 0167 0167 0167 0167.
0167 0167 0167 0167 0167 0167 0167 0167 0167 0167 0167 0167
0167 0167 0167 0167 0167 0167 0167 0167 0167 0167 0167 0167.
0167 0167 0167 0167 0167 0167 0167 0167 0167 0167 0167 0167
0167 0167 0167 0167 0167 0167 0167 0167 0167 0167 0167 0167.
0167 0167 0167 0167 0167 0167 0167 0167 0167 0167 0167 0167
0167 0167 0167 0167 0167 0167 0167 0167 0167 0167 0167 0167.
0167 0167 0167 0167 0167 0167 0167 0167 0167 0167 0167 0167
0167 0166 0167 0167 0167 0167 0167 0167 0167 0166 0167 0167.
0166 0166 0166 0166 0166 0166 0166 0166 0166 0166 0166 0166
0166 0166 0166 0166 0166 0166 0166 0166 0166 0166 0166 0166.
0166 0166 0166 0166 0166 0166 0166 0166 0166 0166 0166 0166
0166 0166 0166 0166 0166 0166 0166 0166 0166 0166 0166 0166.
0166 0166 0166 0166 0166 0166 0166 0166 0166 0166 0166 0166
0166 0166 0166 0166 0166 0166 0166 0166 0166 0166 0166 0166.
0166 0166 0166 0166 0166 0166 0166 0166 0166 0166 0166 0166
0166 0166 0166 0165 0165 0165 0165 0165 0165 0165 0165 0165.
0165 0165 0165 0165 0165 0165 0165 0165 0165 0165 0165 0165
0165 0165 0165 0165 0165 0165 0165 0165 0165 0165 0165 0165.
0165 0165 0165 0165 0165 0165 0165 0165 0165 0165 0165 0165
0165 0165 0165 0165 0165 0165 0165 0165 0164 0165 0165 0165.
0164 0164 0164 0164 0164 0164 0164 0164 0164 0164 0164 0164
0164 0164 0164 0164 0164 0164 0164 0164 0164 0164 0164 0164.
0164 0164 0164 0164 0164 0164 0164 0164 0164 0164 0164 0164
0164 0164 0164 0164 0164 0164 0164 0164 0164 0164 0164 0164.
0164 0164 0164 0164 0164 0164 0164 0164 0164 0164 0164 0164
0164 0164 0164 0164 0164 0164 0164 0164 0164 0164 0164 0164.
0164 0164 0164 0164 0164 0164 0164 0163 0163 0163 0163 0164
0164 0164 0163 0164 0164 0164 0164 0164 0164 0164 0164 0163.
0163 0163 0163 0163 0163 0163 0163 0163 0163 0163 0163 0163
0163 0163 0163 0164 0164 0164 0164 0163 0163 0163 0163 0163.
0163 0163 0163 0163 0163 0163 0163 0163 0163 0163 0163 0163
0163 0163 0163 0163 0163 0163 0163 0163 0163 0163 0163 0163.
0163 0163 0163 0163 0163 0163 0163 0163 0163 0163 0163 0163
0163 0163 0163 0163 0163 0163 0163 0163 0163 0163 0163 0163.
0163 0163 0163 0163 0163 0163 0163 0163 0163 0163 0163 0163
0163 0163 0163 0163 0163 0163 0163 0163 0163 0163 0163 0163.
0163 0163 0163 0163 0163 0163 0163 0163 0163 0163 0163 0163
0163 0163 0163 0163 0163 0163 0163 0163 0163 0163 0163 0163.
0163 0163 0163 0163 0163 0163 0163 0163 0163 0163 0163 0163
0163 0163 0163 0163 0163 0163 0163 0163 0163 0163 0163 0163.
0163 0163 0163 0163 0163 0163 0163 0163 0163 0163 0163 0163
0163 0163 0163 0163 0163 0163 0163 0163 0163 0163 0163 0163=
A=
SA=
BA
0050 0045 0034 0040 0043 0037 0032 0021 0012 0034 0039 0057
0105 0126 0160 0187 0202 0187 0146 0133 0107 0094 0085 0080 0254 1309 0012 0458.
0065 0044 0055 0061 0062 0059 0054 0021 0019 0038 0052 0063
0079 0111 0120 0135 0137 0133 0136 0124 0114 0094 0086 0082 0153 1226 0011 0441.
0080 0071 0069 0068 0043 0055 0064 0065 0065 0066 0070 0093
0124 0189 0249 0267 0266 0235 0235 0195 0156 0124 0109 0101 0302 1310 0043 0058.
0100 0076 0072 0080 0080 0074 0066 0062 0072 0055 0058 0060
0070 0091 0104 0112 0119 0124 0138 0107 0094 0080 0072 0070 0142 1425 0055 0600.
0062 0059 0059 0062 0056 0053 0038 0035 0041 0039 0039 0046
0060 0067 0053 0103 0143 0095 0101 0100 0084 0064 0055 0055 0173 1251 0029 0318.
0051 0049 0046 0045 0046 0044 0042 0045 0044 0027 0028 0080
0130 0187 0206 0232 0247 0222 0226 0201 0159 0096 0066 0047 0256 1334 0016 0634.
0042 0028 0014 -008 -016 -007 -009 -023 -014 -003 0010 0037
0121 0174 0205 0232 0259 0262 0244 0163 0137 0112 0094 0089 0283 1318 -027 0441.
0088 0085 0083 0064 0023 0018 0019 0041 0052 0057 0060 0072
0093 0131 0163 0244 0205 0279 0275 0247 0200 0140 0096 0062 0320 1244 0011 0330.
0064 0058 0049 0032 0029 0040 0035 0034 0026 0027 0029 0082
0147 0203 0272 0274 0246 0233 0216 0188 0164 0143 0131 0124 0314 1223 0011 0636.
0124 0113 0115 0111 0103 0095 0089 0084 0076 0071 0067 0081
0097 0145 0158 0169 0156 0164 0147 0140 0114 0102 0092 0082 0177 1127 0067 0658.
0074 0073 0034 0037 0042 0053 0061 0061 0056 0057 0054 0068
0084 0165 0112 0123 0137 0168 0174 0178 0130 0117 0085 0066 0183 1556 0022 2345.
0037 0036 0022 0028 0031 0018 0005 -001 -006 -005 0002 0062
0111 0174 0248 0289 0313 0315 0290 0252 0224 0167 0138 0107 0323 1403 -008 0610.
0096 0093 0086 0063 0062 0069 0052 0047 0058 0050 0037 0091
0165 0228 0224 0282 0253 0314 0283 0258 0212 0171 0150 0147 0329 1412 0035 0657.
0141 0128 0131 0129 0127 0124 0124 0124 0122 0121 0123 0129
0140 0141 0163 0186 0216 0277 0247 0228 0212 0167 0140 0125 0296 1351 0113 0126.
0089 0083 0114 0109 0117 0114 0116 0117 0110 0106 0111 0121
0123 0122 0123 0139 0143 0151 0165 0164 0177 0144 0133 0114 0201 1637 0077 2220.
0103 0085 0078 0076 0076 0074 0079 0096 0106 0107 0103 0111
0166 0206 0245 0256 0274 0288 0280 0248 0211 0177 0162 0157 0289 1351 0063 0235.
0158 0154 0156 0148 0145 0144 0137 0135 0135 0134 0137 0141
0139 0139 0139 0141 0138 0139 0142 0142 0142 0139 0136 0137 0159 2047 0134 0440.
0135 0135 0137 0137 0137 0135 0133 0134 0131 0124 0120 0119
0120 0127 0132 0144 0131 0134 0139 0141 0124 0118 0114 0114 0158 1136 0114 1854.
0113 0111 0109 0109 0108 0108 0105 0104 0100 0101 0101 0109
0114 0117 0125 0133 0160 0156 0152 0132 0126 0109 0108 0107 0169 1314 0099 0452.
0109 0108 0107 0108 0106 0110 0109 0110 0110 0111 0109 0119
0139 0159 0174 0205 0210 0239 0214 0191 0180 0175 0131 0105 0242 1357 0103 1958.
0119 0082 0070 0062 0055 0058 0059 0091 0064 0073 0084 0104
0126 0256 0304 0330 0350 0338 0342 0303 0277 0205 0153 0112 0366 1349 0048 0243.
0095 0081 0103 0073 0077 0068 0053 0057 0065 0072 0064 0167
0212 0267 0300 0286 0344 0320 0301 0210 0203 0187 0164 0148 0357 1240 0051 0253.
0154 0153 0146 0133 0131 0128 0126 0125 0133 0131 0132 0140
0160 0177 0220 0233 0258 0276 0257 0255 0229 0188 0123 0118 0281 1354 0110 1937.
0102 0089 0085 0084 0074 0093 0076 0079 0086 0085 0094 0146
0181 0231 0280 0304 0317 0309 0306 0287 0245 0179 0146 0134 0325 1225 0074 0056.
0114 0086 0074 0084 0078 0063 0065 0057 0066 0050 0067 0116
0186 0238 0276 0272 0318 0304 0288 0263 0211 0184 0167 0163 0333 1304 0049 0352.
0155 0146 0136 0135 0129 0110 0124 0131 0133 0132 0133 0133
0133 0138 0140 0141 0125 0122 0119 0122 0125 0125 0120 0119 0163 2001 0104 0226.
0119 0118 0117 0116 0117 0115 0114 0116 0109 0103 0107 0122
0150 0203 0265 0281 0301 0300 0272 0270 0208 0174 0148 0125 0315 1403 0089 0427.
0120 0112 0093 0091 0102 0111 0115 0113 0105 0094 0116 0135
0131 0162 0289 0328 0341 0351 0349 0268 0227 0208 0186 0178 0353 1458 0088 2344.
0168 0166 0116 0120 0115 0108 0107 0128 0134 0137 0140 0149
0153 0154 0161 0165 0167 0167 0159 0168 0171 0162 0153 0152 0181 1723 0104 0203.
0150 0147 0148 0149 0144 0146 0148 0145 0145 0140 0142 0148
0158 0166 0214 0218 0255 0302 0312 0294 0250 0201 0189 0187 0342 1349 0119 0122.
0182 0181 0159 0130 0123 0128 0132 0117 0110 0113 0141 0190
0219 0279 0348 0373 0380 0388 0399 0367 0341 0290 0248 0229 0408 1503 0106 0446=
=
??????
******
YF
19011










20150409=
JY
8888=
GK
01/
05/=
BZ
10/03/08;14;20

10/24/24
11/=
######
