57461 3042N 11118E 001331 001343 105 000 S14 11111999919199111991 0 2016 11
PC
0165 0167 0168 0167 0164 0164 0162 0160 0160 0162 0164 0167
0171 0175 0172 0164 0156 0147 0144 0142 0142 0143 0150 0153 0176 0953 0141 1545.
0156 0157 0156 0153 0148 0146 0144 0146 0145 0147 0150 0153
0156 0158 0151 0142 0135 0125 0122 0121 0122 0127 0130 0134 0158 2229 0121 1540.
0135 0135 0131 0126 0120 0115 0110 0107 0111 0112 0115 0118
0121 0119 0111 0099 0085 0068 0059 0055 0052 0050 0054 0055 0135 2045 0050 1726.
0054 0052 0048 0044 0039 0035 0030 0024 0019 0017 0017 0018
0022 0015 0006 9994 9978 9966 9957 9954 9954 9958 9964 9967 0055 2001 9953 1545.
9971 9975 9973 9971 9967 9963 9957 9955 9957 9954 9964 9972
9974 9975 9967 9956 9942 9936 9933 9935 9942 9951 9958 9968 9976 2212 9931 1509.
9975 9979 9982 9986 9987 9990 9993 9993 9993 0001 0008 0020
0028 0035 0034 0027 0021 0014 0012 0010 0015 0020 0028 0035 0039 1019 9968 2001.
0040 0038 0041 0036 0031 0032 0030 0031 0036 0039 0056 0064
0074 0080 0087 0088 0083 0083 0089 0097 0106 0114 0126 0135 0135 1953 0030 0256.
0135 0140 0143 0148 0147 0151 0154 0161 0165 0172 0174 0184
0191 0195 0197 0191 0182 0178 0175 0171 0164 0174 0176 0178 0198 1045 0133 2010.
0187 0184 0180 0180 0177 0179 0179 0176 0176 0171 0177 0176
0179 0179 0176 0162 0149 0137 0136 0128 0129 0134 0140 0139 0187 2023 0128 1549.
0141 0141 0138 0133 0125 0118 0109 0107 0112 0117 0122 0123
0126 0123 0114 0099 0084 0072 0065 0059 0054 0058 0061 0064 0141 2056 0054 1659.
0066 0067 0065 0060 0053 0049 0044 0040 0037 0035 0038 0039
0042 0041 0023 0021 0010 9999 9988 9986 9990 9997 9998 0005 0068 2146 9985 1537.
0011 0016 0015 0015 0014 0015 0014 0010 0016 0012 0016 0028
0034 0038 0027 0024 0015 0004 0001 0001 0003 0007 0017 0025 0038 0936 9995 0418.
0030 0035 0039 0037 0029 0027 0024 0020 0020 0023 0028 0032
0041 0041 0035 0023 0010 9999 9994 9992 9993 9999 0007 0012 0042 0921 9991 1611.
0014 0015 0018 0013 0008 0005 0001 0002 0004 0006 0014 0019
0030 0038 0038 0033 0023 0018 0019 0022 0023 0032 0041 0046 0047 1945 0000 0318.
0054 0059 0062 0061 0059 0059 0057 0054 0055 0057 0062 0069
0073 0074 0068 0064 0053 0040 0034 0031 0032 0037 0040 0043 0074 0911 0031 1515.
0046 0049 0047 0044 0038 0037 0031 0027 0023 0025 0027 0031
0038 0040 0039 0032 0024 0018 0014 0014 0016 0021 0026 0032 0049 2147 0013 1610.
0038 0042 0042 0039 0038 0037 0035 0034 0034 0035 0039 0042
0047 0048 0043 0036 0026 0020 0018 0015 0015 0013 0018 0022 0049 0952 0012 1714.
0026 0026 0024 0022 0017 0012 0006 0001 9996 9999 0001 0003
0006 0006 0000 9992 9982 9973 9969 9967 9964 9968 9970 9975 0028 2128 9963 1701.
9980 9981 9981 9981 9982 9986 9987 9988 9988 9994 0001 0007
0015 0021 0016 0007 9999 9992 9992 9992 9997 0005 0015 0024 0024 1954 9975 2001.
0032 0035 0034 0037 0040 0042 0037 0037 0033 0033 0037 0045
0053 0052 0047 0029 0015 0004 0000 9998 9996 0001 0005 0011 0055 0942 9996 1646.
0012 0010 0009 0007 0003 0005 0002 9999 9998 0002 0006 0015
0020 0021 0020 0011 0003 9997 9999 0003 0010 0018 0032 0041 0041 2000 9996 1420.
0045 0055 0061 0065 0072 0073 0083 0089 0098 0108 0122 0138
0148 0158 0165 0161 0157 0152 0154 0165 0173 0178 0184 0190 0192 1943 0041 2001.
0199 0202 0200 0198 0197 0191 0189 0186 0189 0189 0197 0204
0216 0228 0224 0219 0205 0199 0192 0192 0195 0197 0203 0204 0228 1000 0183 0419.
0206 0208 0205 0202 0195 0188 0182 0178 0175 0171 0169 0169
0167 0167 0163 0151 0142 0127 0119 0113 0116 0119 0124 0129 0209 2217 0112 1603.
0134 0133 0134 0125 0119 0117 0116 0110 0110 0110 0110 0120
0123 0124 0117 0101 0091 0078 0078 0081 0089 0095 0104 0116 0135 2232 0078 1359.
0123 0126 0133 0131 0127 0135 0129 0125 0127 0127 0129 0133
0134 0134 0128 0116 0101 0087 0079 0075 0078 0079 0085 0089 0139 2316 0075 1558.
0093 0094 0095 0090 0088 0088 0086 0080 0077 0077 0084 0091
0099 0105 0104 0094 0086 0077 0076 0079 0085 0093 0104 0115 0115 2000 0075 1434.
0123 0132 0137 0139 0137 0135 0135 0134 0136 0141 0146 0154
0160 0162 0156 0147 0134 0124 0116 0113 0115 0116 0123 0128 0162 0920 0112 1601.
0134 0136 0138 0139 0139 0140 0135 0134 0135 0137 0150 0158
0168 0174 0172 0165 0156 0149 0147 0147 0149 0152 0161 0168 0174 0959 0128 2001.
0173 0167 0177 0174 0175 0171 0167 0159 0154 0162 0164 0164
0167 0168 0163 0154 0140 0128 0121 0120 0122 0124 0127 0132 0177 2300 0119 1540=
0328 0332 0311 0318
0310 0318 0289 0298
0279 0282 0230 0218
0197 0180 0126 0128
0122 0132 0094 0127
0147 0179 0173 0195
0192 0225 0245 0298
0315 0349 0344 0344
0346 0344 0303 0306
0284 0289 0235 0228
0212 0203 0161 0168
0177 0191 0164 0187
0186 0193 0158 0172
0164 0179 0177 0207
0219 0230 0199 0203
0196 0191 0179 0193
0198 0203 0181 0183
0173 0164 0133 0136
0147 0168 0152 0185
0203 0206 0164 0171
0165 0176 0157 0202
0235 0303 0318 0359
0361 0375 0370 0375
0359 0340 0296 0298
0286 0289 0245 0284
0303 0301 0251 0255
0252 0257 0241 0281
0299 0320 0288 0294
0304 0324 0315 0335
0339 0332 0293 0298=
TB
0130 0124 0117 0117 0115 0113 0114 0114 0114 0113 0112 0112
0117 0121 0130 0136 0138 0139 0143 0141 0136 0128 0124 0120 0143 1450 0109 0729.
0117 0116 0115 0115 0115 0113 0111 0112 0111 0109 0110 0111
0113 0115 0121 0125 0129 0130 0130 0131 0131 0130 0130 0129 0133 1425 0109 0530.
0129 0129 0128 0128 0125 0123 0120 0117 0114 0117 0120 0121
0127 0130 0133 0139 0160 0166 0173 0169 0161 0148 0140 0134 0177 1510 0113 0510.
0130 0125 0123 0121 0116 0114 0110 0112 0114 0113 0112 0114
0116 0122 0133 0138 0163 0184 0197 0198 0187 0170 0160 0154 0204 1522 0109 0257.
0147 0142 0140 0135 0130 0129 0127 0126 0126 0121 0121 0127
0139 0160 0179 0207 0227 0234 0236 0233 0219 0205 0192 0194 0243 1431 0119 0605.
0192 0188 0186 0183 0182 0180 0179 0179 0177 0178 0177 0178
0179 0184 0185 0191 0193 0194 0193 0195 0189 0187 0180 0174 0195 1530 0174 1957.
0169 0167 0163 0160 0157 0155 0152 0150 0149 0148 0149 0147
0146 0148 0148 0149 0152 0152 0147 0141 0141 0136 0132 0126 0174 2001 0126 1945.
0123 0123 0123 0124 0123 0121 0117 0115 0112 0111 0110 0109
0102 0101 0097 0093 0090 0091 0095 0095 0097 0099 0099 0098 0126 2001 0089 1243.
0093 0088 0085 0085 0084 0080 0069 0063 0057 0053 0052 0053
0059 0064 0070 0075 0084 0088 0086 0087 0086 0086 0086 0085 0098 2001 0052 0603.
0084 0085 0085 0084 0083 0083 0082 0083 0082 0082 0082 0084
0091 0104 0119 0139 0150 0160 0169 0168 0163 0146 0129 0118 0172 1509 0081 0608.
0114 0104 0101 0095 0090 0091 0093 0085 0091 0090 0085 0088
0094 0103 0118 0127 0139 0148 0157 0161 0161 0144 0136 0128 0166 1612 0084 0709.
0123 0120 0122 0113 0111 0106 0106 0101 0102 0101 0094 0102
0117 0141 0162 0177 0192 0208 0209 0206 0195 0180 0169 0164 0213 1450 0093 0704.
0157 0152 0151 0149 0148 0144 0142 0140 0137 0137 0131 0133
0145 0165 0183 0197 0204 0207 0207 0202 0190 0184 0180 0175 0209 1506 0129 0719.
0168 0165 0165 0162 0159 0156 0154 0151 0150 0150 0149 0152
0163 0173 0173 0181 0187 0189 0186 0184 0178 0175 0172 0169 0189 1319 0148 0645.
0167 0166 0164 0163 0159 0158 0156 0153 0150 0149 0148 0155
0159 0169 0183 0187 0197 0202 0196 0194 0185 0179 0173 0167 0209 1326 0146 0617.
0164 0162 0161 0160 0157 0157 0156 0154 0154 0155 0152 0151
0153 0154 0151 0150 0152 0149 0145 0145 0146 0148 0147 0146 0167 2001 0144 1452.
0146 0146 0147 0147 0147 0147 0147 0147 0148 0145 0145 0147
0150 0151 0152 0155 0157 0156 0154 0153 0152 0150 0150 0144 0158 1315 0144 1957.
0140 0141 0142 0142 0142 0141 0138 0139 0139 0138 0136 0135
0134 0135 0137 0140 0141 0142 0142 0141 0142 0143 0144 0144 0144 2001 0134 0848.
0143 0143 0143 0143 0143 0143 0143 0145 0145 0146 0147 0147
0149 0150 0155 0158 0160 0163 0165 0166 0165 0162 0161 0160 0167 1606 0142 2143.
0160 0158 0157 0156 0156 0155 0155 0154 0153 0152 0150 0151
0154 0162 0162 0170 0171 0172 0170 0170 0167 0163 0161 0160 0174 1218 0149 0709.
0156 0153 0151 0148 0146 0146 0144 0143 0143 0143 0142 0142
0143 0145 0147 0151 0154 0156 0156 0157 0157 0156 0144 0144 0160 2001 0141 0746.
0142 0142 0140 0140 0133 0125 0124 0119 0108 0101 0091 0083
0077 0073 0069 0065 0061 0060 0057 0052 0044 0044 0041 0039 0143 2001 0039 1921.
0035 0033 0032 0032 0029 0029 0028 0026 0022 0018 0020 0017
0012 0009 0010 0015 0021 0024 0025 0026 0024 0022 0022 0023 0039 2001 0008 0945.
0025 0027 0022 0021 0018 0013 0013 0012 0017 0023 0025 0026
0029 0034 0041 0046 0049 0050 0050 0049 0048 0046 0045 0041 0051 1256 0012 0304.
0040 0037 0036 0036 0035 0035 0035 0035 0035 0035 0036 0038
0044 0049 0058 0062 0069 0071 0070 0068 0068 0067 0067 0065 0072 1430 0034 0142.
0062 0060 0057 0053 0051 0053 0053 0049 0047 0046 0042 0048
0071 0084 0104 0129 0145 0158 0157 0154 0144 0129 0116 0096 0163 1445 0040 0719.
0091 0081 0073 0069 0061 0059 0056 0052 0050 0049 0044 0049
0081 0105 0130 0142 0164 0168 0168 0164 0150 0132 0117 0111 0172 1427 0044 0658.
0100 0090 0088 0081 0075 0071 0067 0067 0064 0065 0064 0066
0081 0096 0116 0138 0140 0160 0149 0151 0146 0134 0129 0123 0161 1429 0061 0727.
0123 0120 0117 0110 0105 0106 0101 0100 0098 0098 0094 0086
0078 0076 0080 0083 0085 0084 0084 0087 0085 0084 0084 0084 0124 2027 0074 0928.
0082 0080 0080 0074 0070 0063 0061 0058 0059 0057 0054 0058
0065 0081 0094 0109 0122 0137 0140 0143 0134 0125 0114 0107 0144 1428 0053 0657=
IB
=
0083 0091 0087 0091 0094 0087 0093 0088 0088 0085 0077 0081
0082 0080 0087 0087 0088 0083 0087 0089 0080 0079 0085 0079.
0084 0085 0080 0078 0078 0083 0080 0081 0081 0078 0079 0083
0080 0087 0091 0088 0095 0098 0091 0092 0095 0096 0098 0101.
0094 0099 0102 0096 0099 0104 0101 0099 0098 0106 0107 0103
0108 0107 0099 0101 0105 0102 0104 0116 0106 0104 0106 0113.
0111 0109 0117 0112 0111 0105 0101 0109 0106 0107 0110 0108
0110 0120 0127 0118 0121 0135 0134 0135 0131 0129 0137 0136.
0129 0134 0131 0126 0127 0126 0124 0124 0120 0119 0115 0125
0133 0133 0142 0137 0135 0130 0140 0146 0143 0139 0149 0149.
0159 0160 0155 0152 0151 0154 0150 0150 0153 0154 0164 0167
0168 0171 0159 0167 0163 0162 0167 0163 0154 0163 0162 0163.
0159 0157 0160 0152 0149 0153 0144 0148 0143 0146 0147 0141
0141 0128 0132 0141 0141 0137 0129 0101 0089 0080 0089 0112.
0110 0115 0117 0113 0117 0110 0106 0102 0106 0100 0104 0103
0086 0079 0078 0071 0070 0069 0060 0064 0066 0077 0061 0067.
0071 0061 0061 0060 0059 0035 0040 0045 0045 0040 0045 0046
0047 0049 0056 0058 0052 0054 0052 0049 0040 0046 0042 0037.
0044 0049 0053 0050 0052 0056 0046 0054 0063 0062 0060 0060
0058 0060 0070 0072 0073 0070 0081 0072 0073 0074 0078 0085.
0088 0090 0089 0083 0085 0088 0085 0082 0085 0082 0077 0082
0091 0091 0094 0084 0089 0094 0082 0088 0095 0104 0106 0110.
0109 0109 0108 0104 0099 0095 0101 0098 0099 0099 0093 0100
0109 0105 0105 0091 0102 0071 0095 0095 0091 0088 0096 0103.
0109 0108 0119 0115 0125 0128 0122 0127 0123 0121 0123 0124
0130 0130 0121 0117 0111 0108 0113 0106 0103 0112 0116 0120.
0123 0119 0128 0137 0136 0134 0129 0136 0137 0130 0138 0136
0143 0142 0140 0136 0133 0133 0145 0137 0143 0146 0147 0147.
0149 0156 0151 0155 0148 0148 0150 0143 0140 0144 0133 0149
0143 0130 0136 0113 0107 0085 0092 0112 0116 0121 0120 0120.
0116 0120 0115 0120 0115 0128 0124 0123 0131 0128 0123 0124
0130 0129 0131 0134 0134 0133 0140 0140 0133 0137 0131 0128.
0133 0133 0134 0131 0131 0139 0136 0136 0142 0134 0137 0134
0140 0136 0136 0140 0134 0136 0143 0137 0142 0135 0135 0138.
0135 0133 0128 0131 0129 0121 0125 0118 0119 0122 0118 0122
0123 0121 0126 0122 0123 0131 0132 0128 0134 0133 0128 0134.
0130 0130 0132 0137 0137 0137 0137 0134 0139 0138 0131 0137
0131 0130 0140 0136 0138 0132 0136 0135 0130 0139 0136 0138.
0145 0140 0144 0146 0141 0147 0147 0148 0147 0142 0140 0146
0123 0124 0124 0125 0122 0129 0123 0119 0125 0125 0113 0118.
0120 0109 0115 0112 0123 0121 0117 0125 0122 0122 0126 0115
0116 0117 0113 0111 0108 0116 0110 0111 0117 0114 0124 0134.
0128 0132 0129 0135 0128 0080 0071 0051 0031 0022 0010 -002
-005 -006 -010 -021 -020 -031 -026 -031 -036 -046 -051 -064.
-059 -064 -060 -050 -050 -060 -056 -055 -037 -029 -027 -022
-022 -025 -022 -026 -022 -021 -018 -017 -021 -014 -019 -019.
-017 -007 -007 -006 -013 -013 -011 -006 -007 0000 0004 0002
0010 0013 0004 -016 -036 -043 -028 -027 -023 -025 -015 -003.
-018 -015 -010 -010 -007 -007 -009 -011 -014 -011 -015 -024
-029 -020 -001 -012 -008 -018 -019 -016 -016 -012 -015 -012.
-003 -005 0016 0030 0021 0027 0028 0028 0035 0033 0027 0036
0041 0044 0045 0041 0036 0022 0018 0032 0023 0019 0018 0025.
0029 0032 0049 0047 0041 0042 0047 0043 0037 0036 0035 0036
0054 0035 0047 0021 0035 0017 0028 0031 0041 0041 0047 0048.
0050 0054 0069 0066 0063 0057 0055 0061 0054 0055 0058 0057
0075 0074 0065 0038 0020 0034 0024 0026 0018 0023 0030 0035.
0033 0032 0016 0042 0051 0043 0040 0039 0046 0052 0065 0057
0056 0061 0068 0064 0066 0055 0052 0051 0047 0057 0042 0046.
0057 0051 0058 0057 0058 0056 0051 0054 0050 0054 0050 0051
0062 0072 0067 0059 0067 0066 0078 0085 0080 0070 0073 0076=
EA
109 115 113 115 118 112 117 113 113 111 105 108
109 107 112 112 114 110 112 114 107 106 111 107.
110 111 107 106 106 110 107 108 108 106 106 110
107 113 116 113 119 121 115 116 119 120 121 123.
117 122 124 120 122 126 123 122 121 128 129 126
129 129 122 124 127 125 126 137 128 126 128 134.
132 130 137 133 132 127 123 130 128 128 132 129
131 141 147 139 141 154 154 155 151 149 156 156.
149 154 150 145 147 146 144 144 140 140 135 145
152 153 162 156 154 150 160 166 163 159 169 169.
180 182 176 172 171 175 170 170 174 175 186 189
191 195 181 190 186 185 190 186 175 185 184 185.
181 179 182 173 169 174 164 169 163 167 168 160
161 148 151 161 161 157 149 124 114 107 114 133.
132 136 137 134 137 131 128 125 128 123 126 125
112 106 106 101 100 099 094 096 097 105 094 098.
101 094 094 093 093 078 082 084 084 081 084 085
085 086 091 092 088 089 088 087 082 085 083 080.
084 087 089 087 089 091 085 090 096 095 093 094
092 093 100 102 102 100 108 101 102 103 106 111.
113 115 114 109 111 113 111 109 111 109 105 109
116 115 118 110 114 118 109 113 119 126 128 131.
130 130 129 126 121 119 124 121 122 122 117 123
131 127 127 115 125 101 119 119 116 113 119 125.
130 129 139 135 145 148 142 147 143 141 143 143
150 150 141 138 132 129 134 128 125 133 136 140.
143 139 148 156 155 154 149 156 157 150 157 155
163 162 160 156 153 153 165 157 163 166 167 167.
169 177 171 176 168 169 170 163 160 164 153 169
162 150 156 134 128 111 116 133 136 141 140 141.
136 140 135 140 135 148 143 143 150 148 143 144
149 149 151 153 154 152 160 160 153 156 150 148.
153 153 154 150 150 159 155 155 162 153 157 154
160 156 155 160 153 156 163 156 162 155 155 157.
155 153 147 151 149 141 145 138 140 142 139 142
143 141 146 142 143 151 152 148 154 153 148 154.
150 150 151 156 156 156 156 153 158 158 150 157
151 150 160 156 158 152 156 155 150 158 155 158.
165 160 164 166 161 167 167 168 167 162 160 166
143 144 144 145 142 149 143 139 144 144 133 138.
140 130 136 133 143 141 138 145 142 142 146 136
137 137 134 132 129 136 131 132 137 135 144 154.
147 152 149 155 148 107 101 088 076 072 066 060
059 058 057 052 053 049 050 049 047 043 042 038.
039 038 039 042 042 039 040 040 047 049 050 052
052 051 052 050 052 052 053 054 052 055 053 053.
054 058 058 058 056 056 056 059 058 061 063 062
065 067 063 054 047 044 050 050 052 051 055 060.
054 055 057 057 058 058 057 056 055 056 055 051
049 053 061 056 058 053 053 054 054 056 055 056.
060 059 069 076 071 074 075 074 079 077 074 079
082 084 084 082 079 072 070 077 072 070 070 073.
075 077 087 086 082 083 085 083 079 079 079 079
090 079 085 071 078 069 075 076 082 082 085 086.
087 089 100 097 095 092 090 094 089 090 092 092
104 103 097 080 070 078 073 074 070 072 076 079.
077 077 069 083 088 083 082 081 085 088 097 092
091 094 099 096 098 090 088 088 085 091 083 085.
091 088 092 092 092 091 088 089 087 090 087 088
095 101 098 093 098 097 105 111 108 100 102 104=
UB
73 80 82 84 87 84 87 84 84 83 79 81
79 76 75 72 72 69 69 71 69 72 77 76 65 1427.
80 81 79 78 78 82 81 81 82 81 81 83
80 83 82 78 80 81 77 77 79 80 81 83 75 2001.
79 82 84 81 84 88 88 89 90 93 92 89
88 86 80 78 70 66 64 71 70 75 80 87 62 1451.
88 90 96 94 97 94 94 98 95 96 99 96
96 99 96 88 76 73 67 67 70 77 86 89 63 1556.
89 95 94 94 98 98 98 99 96 99 96 99
96 84 79 64 56 52 55 58 62 66 76 75 50 1339.
81 84 82 82 82 85 83 83 86 86 92 93
93 92 85 86 83 82 85 82 80 86 89 93 72 2008.
94 94 98 95 95 99 95 99 96 99 99 96
97 88 90 95 93 91 89 77 71 69 75 91 66 1748.
92 95 96 93 96 93 93 92 96 93 96 96
90 86 88 86 87 86 79 81 81 86 77 81 75 1438.
86 83 85 84 84 73 82 88 92 91 95 95
92 90 91 89 80 79 79 77 73 76 74 72 66 0152.
76 78 80 79 81 83 78 82 88 87 86 85
80 74 72 64 60 55 56 53 55 62 71 80 49 1637.
84 91 92 92 97 98 95 98 96 95 95 96
98 92 85 75 72 70 61 62 65 77 82 89 59 1531.
91 93 91 94 92 93 97 98 98 99 99 99
95 79 69 57 56 41 48 49 51 55 62 67 41 1400.
73 75 81 80 86 90 88 92 91 90 95 94
91 80 67 60 55 53 55 54 57 63 66 70 52 1316.
75 74 79 85 86 87 85 91 92 88 93 90
88 82 81 75 71 70 77 74 80 83 85 87 67 1338.
89 94 92 95 93 94 96 94 94 97 91 96
90 78 74 62 56 47 51 59 64 69 71 74 44 1351.
73 76 74 77 76 83 81 82 86 84 83 84
86 85 88 90 89 90 97 97 92 93 90 89 72 2006.
92 92 92 90 90 95 93 93 96 93 95 92
94 91 90 91 86 88 93 90 94 91 91 96 86 1255.
97 95 91 93 92 88 92 87 88 90 89 92
93 91 93 89 89 93 94 92 95 94 90 94 86 0524.
92 92 93 96 96 96 96 93 96 95 90 94
89 88 91 87 87 82 83 82 80 86 85 87 79 1515.
91 89 92 94 91 95 95 96 96 94 94 97
82 78 78 75 73 76 74 72 76 78 73 76 71 1419.
79 75 79 79 86 85 84 89 87 87 90 84
84 83 80 77 74 77 74 74 77 76 88 94 73 2001.
91 94 93 97 97 74 70 63 59 58 57 55
56 57 57 54 56 52 55 55 56 52 51 47 47 1907.
50 49 51 55 56 52 54 55 65 71 71 75
78 78 79 74 73 72 73 73 72 77 74 74 47 2003.
74 78 81 82 80 83 84 88 84 85 86 84
87 86 77 64 54 51 57 58 60 60 65 73 49 1244.
66 69 72 72 74 74 73 72 70 72 69 64
59 61 66 59 58 53 53 55 55 57 56 58 52 1552.
63 63 75 85 81 83 84 86 92 91 90 92
81 76 67 55 48 40 39 44 44 47 51 61 36 1426.
65 71 85 86 87 89 94 94 91 91 94 91
83 62 57 44 42 36 39 41 48 54 62 65 36 1359.
71 78 88 90 92 91 92 96 93 93 96 94
96 86 71 51 44 43 43 43 42 47 51 55 38 1426.
54 55 50 63 69 65 66 66 70 73 82 82
86 90 92 88 88 82 80 78 77 83 75 77 50 2242.
84 82 86 89 92 95 93 97 94 98 97 95
98 94 83 71 69 62 66 68 70 69 76 81 59 1349=
N=
H=
C=
V=
R6
0000 0000 0000
0000 0000 0000
0000 0000 0000
0000 0000 0000
0000 0000 0000
0000 0004 0004
0355 0048 0403
0100 0061 0161
0184 0010 0194
0000 0000 0000
0000 0000 0000
0000 0000 0000
0000 0000 0000
0000 0000 0000
0000 0000 0000
0000 0000 0000
0000 0010 0010
0000 0000 0000
0000 0000 0000
0000 0000 0000
0000 0000 0000
0010 0000 0010
0002 0001 0003
0000 0000 0000
0000 0000 0000
0001 0000 0001
0000 0000 0000
0000 0000 0000
0010 0051 0061
0000 0000 0000=
0000 0000 0000 0000 0000 0000 0000 0000 0000 0000 0000 0000
0000 0000 0000 0000 0000 0000 0000 0000 0000 0000 0000 0000.
0000 0000 0000 0000 0000 0000 0000 0000 0000 0000 0000 0000
0000 0000 0000 0000 0000 0000 0000 0000 0000 0000 0000 0000.
0000 0000 0000 0000 0000 0000 0000 0000 0000 0000 0000 0000
0000 0000 0000 0000 0000 0000 0000 0000 0000 0000 0000 0000.
0000 0000 0000 0000 0000 0000 0000 0000 0000 0000 0000 0000
0000 0000 0000 0000 0000 0000 0000 0000 0000 0000 0000 0000.
0000 0000 0000 0000 0000 0000 0000 0000 0000 0000 0000 0000
0000 0000 0000 0000 0000 0000 0000 0000 0000 0000 0000 0000.
0000 0000 0000 0000 0000 0000 0000 0000 0000 0000 0000 0000
0000 0000 0000 0000 0000 0000 0000 0000 0000 0000 0000 0004.
0012 0008 0034 0043 0020 0019 0025 0015 0036 0044 0040 0059
0011 0004 0009 0006 0001 0000 0000 0001 0000 0002 0002 0012.
0002 0003 0004 0004 0006 0010 0013 0017 0014 0009 0012 0006
0019 0009 0005 0010 0008 0008 0001 0001 0000 0000 0000 0000.
0007 0002 0001 0001 0000 0004 0015 0045 0034 0037 0027 0011
0003 0004 0000 0003 0000 0000 0000 0000 0000 0000 0000 0000.
0000 0000 0000 0000 0000 0000 0000 0000 0000 0000 0000 0000
0000 0000 0000 0000 0000 0000 0000 0000 0000 0000 0000 0000.
0000 0000 0000 0000 0000 0000 0000 0000 0000 0000 0000 0000
0000 0000 0000 0000 0000 0000 0000 0000 0000 0000 0000 0000.
0000 0000 0000 0000 0000 0000 0000 0000 0000 0000 0000 0000
0000 0000 0000 0000 0000 0000 0000 0000 0000 0000 0000 0000.
0000 0000 0000 0000 0000 0000 0000 0000 0000 0000 0000 0000
0000 0000 0000 0000 0000 0000 0000 0000 0000 0000 0000 0000.
0000 0000 0000 0000 0000 0000 0000 0000 0000 0000 0000 0000
0000 0000 0000 0000 0000 0000 0000 0000 0000 0000 0000 0000.
0000 0000 0000 0000 0000 0000 0000 0000 0000 0000 0000 0000
0000 0000 0000 0000 0000 0000 0000 0000 0000 0000 0000 0000.
0000 0000 0000 0000 0000 0000 0000 0000 0000 0000 0000 0000
0000 0000 0000 0000 0000 0000 0000 0000 0000 0000 0000 0000.
0000 0000 0000 0000 0000 0000 0000 0000 0000 0000 0000 0000
0000 0000 0000 0000 0000 0000 0001 0000 0000 0000 0000 0009.
0000 0000 0000 0000 0000 0000 0000 0000 0000 0000 0000 0000
0000 0000 0000 0000 0000 0000 0000 0000 0000 0000 0000 0000.
0000 0000 0000 0000 0000 0000 0000 0000 0000 0000 0000 0000
0000 0000 0000 0000 0000 0000 0000 0000 0000 0000 0000 0000.
0000 0000 0000 0000 0000 0000 0000 0000 0000 0000 0000 0000
0000 0000 0000 0000 0000 0000 0000 0000 0000 0000 0000 0000.
0000 0000 0000 0000 0000 0000 0000 0000 0000 0000 0000 0000
0000 0000 0000 0000 0000 0000 0000 0000 0000 0000 0000 0000.
0000 0000 0001 0001 0005 0002 0000 0000 0001 0000 0000 0000
0000 0000 0000 0000 0000 0000 0000 0000 0000 0000 0000 0000.
0000 0000 0000 0000 0000 0000 0000 0000 0000 0001 0000 0001
0000 0000 0001 0000 0000 0000 0000 0000 0000 0000 0000 0000.
0000 0000 0000 0000 0000 0000 0000 0000 0000 0000 0000 0000
0000 0000 0000 0000 0000 0000 0000 0000 0000 0000 0000 0000.
0000 0000 0000 0000 0000 0000 0000 0000 0000 0000 0000 0000
0000 0000 0000 0000 0000 0000 0000 0000 0000 0000 0000 0000.
0000 0000 0001 0000 0000 0000 0000 0000 0000 0000 0000 0000
0000 0000 0000 0000 0000 0000 0000 0000 0000 0000 0000 0000.
0000 0000 0000 0000 0000 0000 0000 0000 0000 0000 0000 0000
0000 0000 0000 0000 0000 0000 0000 0000 0000 0000 0000 0000.
0000 0000 0000 0000 0000 0000 0000 0000 0000 0000 0000 0000
0000 0000 0000 0000 0000 0000 0000 0000 0000 0000 0000 0000.
0000 0000 0000 0000 0000 0000 0000 0000 0000 0000 0001 0009
0019 0022 0003 0000 0001 0004 0002 0000 0000 0000 0000 0000.
0000 0000 0000 0000 0000 0000 0000 0000 0000 0000 0000 0000
0000 0000 0000 0000 0000 0000 0000 0000 0000 0000 0000 0000=
0000 ////////// 00000=
W=
LA
=
000 000 000 000 000 000 000 000 000 000 000 000
000 000 000 000 000 000 000 000 000 000 000 000 000.
000 000 000 000 000 000 000 000 000 000 000 000
000 000 000 000 000 000 000 000 000 000 000 000 000.
000 000 000 000 000 000 000 000 000 000 000 000
000 000 000 000 000 000 000 000 000 000 000 000 000.
000 000 000 000 000 000 000 000 000 000 000 000
000 000 000 000 000 000 000 000 000 000 000 000 000.
000 000 000 000 000 000 000 000 000 000 000 000
000 000 000 000 000 000 000 000 000 000 000 000 000.
000 000 000 000 000 000 000 000 000 000 000 000
000 000 000 000 000 000 000 000 000 000 000 004 004.
012 008 030 030 020 019 025 015 030 030 018 010
002 002 001 002 000 000 000 000 000 002 000 002 258.
000 001 003 000 002 003 002 003 002 003 002 001
004 001 002 002 000 002 000 002 001 001 000 000 037.
000 002 000 002 000 000 002 008 003 006 005 002
001 002 000 001 000 000 001 001 000 001 001 000 038.
001 000 000 001 001 000 000 001 000 001 001 000
000 000 003 001 002 002 001 000 001 000 000 000 016.
000 001 001 000 001 000 000 001 001 000 000 001
000 000 001 002 002 002 003 000 001 004 000 000 021.
000 000 002 000 000 000 002 000 001 000 002 000
000 003 002 001 003 005 001 000 001 000 000 000 023.
000 001 000 001 000 002 000 001 000 000 000 000
000 002 001 001 001 004 001 000 001 000 002 001 019.
000 001 001 000 000 000 000 000 001 000 000 000
000 000 001 001 000 001 000 000 000 000 000 000 006.
001 000 002 000 001 000 001 000 000 000 000 001
000 000 001 002 000 004 000 002 000 002 000 001 018.
001 000 000 001 001 000 000 001 000 001 000 000
001 001 000 000 000 000 000 001 000 001 001 000 010.
001 000 001 001 000 000 000 000 000 000 000 001
000 000 000 000 000 000 002 000 000 000 000 002 008.
000 000 001 000 001 000 001 001 000 000 001 000
000 000 000 001 001 000 001 000 001 001 000 000 010.
000 001 000 000 000 001 000 000 000 000 000 000
002 000 000 000 000 001 000 000 001 000 000 001 007.
000 001 000 001 000 000 000 000 000 000 001 000
001 000 003 000 001 000 001 000 001 001 000 001 012.
001 000 001 001 000 000 000 000 000 001 001 000
000 002 000 001 000 000 001 000 000 001 000 000 010.
000 001 000 000 000 001 002 001 002 003 000 002
002 001 001 002 002 002 001 002 001 001 003 002 032.
000 002 002 001 001 001 001 002 000 000 001 002
001 000 007 001 006 000 002 000 000 002 000 002 034.
000 001 001 001 000 000 001 001 000 000 001 000
001 000 000 001 001 000 001 000 001 001 001 000 013.
002 000 001 001 000 001 000 001 001 001 001 000
000 001 001 001 000 001 001 000 001 000 001 000 016.
001 001 000 000 000 002 000 000 000 000 000 000
000 003 003 001 001 003 002 000 000 001 000 001 019.
000 000 001 000 002 000 000 000 000 000 001 000
001 004 002 001 003 002 000 000 000 000 001 000 018.
001 000 000 000 001 000 000 000 001 000 000 000
000 002 002 001 002 003 001 000 001 000 000 000 015.
001 001 000 000 000 000 000 001 000 000 000 000
004 001 003 000 000 001 000 000 001 001 000 000 014.
001 001 000 002 000 000 000 001 000 001 000 001
000 001 002 000 002 004 000 001 000 000 001 000 018=
Z=
G=
FN
128008 100011 130009 105012 131015 158009
100013 127012 131018 140011 153025 131015
103011 099016 167014 130009 154016 153016
159013 125021 133017 108018 099022 096024.
076017 112019 092008 156017 092010 105016
105016 108011 116006 127020 086012 098016
088014 107014 108010 101011 143014 140016
061015 092009 083010 081011 086004 009006.
286010 277019 271006 281014 PPC001 097003
083006 106011 074010 PPC002 318005 005004
322003 166006 236008 145011 087019 096015
152018 091014 060013 058009 031010 081003.
350004 328007 PPC000 000006 351006 001009
341006 301006 316004 239010 278005 PPC000
328009 195010 180019 096016 094024 101022
110019 080009 079019 064012 041004 337009.
344013 321006 323009 279011 351007 231006
345005 274008 341006 344005 210004 350009
335010 279013 284008 104017 139016 169028
139027 160026 123018 104009 045006 339006.
326008 PPC002 013006 345007 316007 008006
PPC000 011008 350006 285005 219006 118010
353008 342006 227006 309005 283014 322004
PPC000 192010 124011 163013 154013 158014.
216012 212008 303005 131014 161013 131015
136017 135013 118017 141013 135010 060010
062005 146012 PPC001 093006 316006 159005
PPC001 079011 056024 335012 001008 205010.
274015 277011 272008 276011 280014 266011
268011 272011 274012 277010 280011 005008
002007 338016 343021 348013 331019 343013
284018 292018 274017 280020 290018 278017.
260016 272024 275018 281022 275035 026012
302006 300010 281014 264014 277014 268020
275014 287012 310011 206008 226013 193016
PPC001 179017 134018 111016 120008 127018.
149008 179011 093011 142007 118012 127007
184010 246008 053006 042004 156013 146009
201009 240016 053012 174015 132017 147016
109017 116025 133015 110011 062013 006010.
349010 339008 197003 211007 235008 023008
PPC000 PPC001 123008 110008 083011 110010
157007 138011 089019 124022 149022 106024
164020 126009 125011 023008 PPC002 324009.
265011 251003 018008 021008 132008 306003
338006 260005 323008 281005 034006 015006
011005 078011 157012 231012 085013 157018
161021 132024 100012 135010 120019 108008.
014009 PPC001 324010 078003 131006 013007
329008 PPC001 PPC000 190006 339009 222006
185008 336009 090009 074007 101012 153019
101013 131019 146023 148020 148012 067004.
039007 063008 PPC000 312005 271006 292005
249007 337007 043005 PPC000 PPC000 176007
003005 240011 278007 022004 153006 328003
064007 345005 328007 254006 293008 335005.
242009 PPC001 343010 PPC001 352004 219007
258009 PPC000 316006 005004 134005 PPC001
340010 216009 240005 237010 054009 049006
159015 157021 131030 137031 110012 136017.
140013 105007 117007 127010 PPC000 181007
159008 PPC001 144007 093010 098014 109012
099008 103012 089013 134012 164011 098013
101014 101011 103010 137014 137013 147006.
163013 130011 153003 129003 184008 297006
234010 PPC000 276004 112012 141006 137009
102009 131010 082009 120013 111005 125008
094010 104012 099013 097017 127011 130013.
153012 152012 151013 PPC001 094011 098015
082012 157014 086012 117010 117015 116011
101017 093014 154011 158011 146015 106010
161013 149011 110009 109012 131016 079006.
107009 111008 010005 126010 093009 019007
PPC000 059003 PPC000 176009 113008 069008
075007 130016 073007 063010 033007 127012
150011 138008 PPC000 PPC000 276008 271004.
276009 271007 267006 215006 090007 088007
073006 236008 304007 059008 116016 119013
109019 135015 136018 209013 151010 128012
144011 116015 112015 131011 155014 138008.
124012 162015 118010 071005 047005 076009
133010 052005 091007 158008 130015 101010
154013 152009 095014 084014 104012 138013
124016 124016 138008 163006 270015 315009.
267013 PPC002 255008 PPC001 077009 048020
094015 046028 033029 028035 055013 051027
029018 015030 034024 052027 031029 028023
001023 360019 053027 036027 039027 064024.
044016 031027 012023 034014 029015 014014
051014 115019 049014 153010 090016 155020
130022 131027 140029 127020 133020 124014
128023 099023 093024 095018 115017 117020.
120017 103015 091012 136015 096016 091010
099011 087012 090009 195005 083010 088011
169010 133013 134016 093011 116014 107010
041009 103012 124012 099020 112015 104022.
125012 098019 121017 090014 103017 076013
099015 099020 086013 133011 087012 097013
060014 136008 226006 289009 320007 157007
152013 162011 147009 082010 106012 094018.
099009 071008 153021 108005 040003 166012
332013 120008 248010 344006 065014 348010
229008 065005 135015 169009 236019 139015
123024 147024 154019 118019 096009 029010.
065012 337007 253009 279009 252004 343006
340006 358008 064007 350007 PPC001 002004
168007 184007 127010 094012 169017 180020
131030 129024 136014 104013 086009 065010.
356009 355006 230008 321006 327013 254005
303004 350006 228007 251006 PPC000 240003
229006 319009 310009 229016 085009 341007
129016 135010 138008 109007 121015 156007.
184013 173012 176010 239005 079006 096008
049007 323009 275005 237008 343017 283019
308021 285009 257018 274014 274018 268010
239010 261005 136005 148008 237008 196008.
221004 122011 049005 251013 275010 331008
019008 032005 278009 335011 170008 028008
345010 228009 199005 281010 131010 105009
144017 136018 115015 108013 350003 072005=
116009 093009 132008 119009 118012 152010
102013 119012 132017 150012 147021 120014
106013 123017 171010 119010 145016 157016
157012 149018 105022 119017 099019 103020.
095016 100013 102011 147012 086013 105015
120020 103012 103012 121018 100011 071011
096017 111014 091014 117010 112012 126013
074014 091012 100008 090011 078006 003007.
288010 299010 233008 289010 211004 048004
091005 114009 078009 357004 PPC002 335007
PPC002 142006 233009 153010 141011 106017
135018 095018 068014 060010 036007 023005.
350006 355006 PPC000 354005 359006 024007
343007 300008 313006 255004 323005 PPC001
333008 252006 126015 142015 104018 126021
104016 088014 082016 062012 045005 343007.
340014 290005 304008 277010 340005 220006
354005 272008 330005 336008 190007 347011
346009 278012 283011 154015 127011 147024
142025 141027 129021 106012 040006 344007.
335009 296004 011003 006005 332008 007007
294005 001006 116004 304005 231007 115009
324004 307004 208007 309008 275014 281005
197003 159010 129010 158014 153014 151013.
225013 222008 268004 141010 150013 134013
141016 123014 128016 150013 138007 056013
103009 124011 170006 102007 275006 167003
055006 094012 062020 017010 348006 209011.
276012 270015 324008 274013 274014 272014
261013 263011 264012 281011 297012 346011
016006 330012 353014 356014 341015 338014
289016 286018 284015 281013 275019 277010.
262015 272026 265016 276021 263026 048016
319009 296008 273014 246012 274019 271017
271011 264014 281011 246009 106009 161016
103005 175021 137017 108013 134009 130016.
138014 157012 087005 116009 122011 139007
179016 225006 057006 045008 137010 149011
151007 210014 339012 174016 121019 147017
120020 124023 133016 105012 059012 020008.
342009 341010 PPC001 214007 261005 034008
111006 180004 075007 070009 072009 095010
198007 141012 115015 115016 124021 118025
155018 152009 127013 348008 024003 327009.
263011 277003 007007 025010 122009 299006
012005 268005 320013 250006 062006 028006
303006 032014 131015 242012 104017 146018
155020 144019 108012 122009 116013 127008.
014009 042004 328008 PPC002 124004 007008
015004 PPC000 PPC001 065005 331008 224006
254007 345009 120013 039007 136016 159017
112014 123016 149020 151019 135016 093008.
041007 055007 PPC001 301005 257008 293005
231006 350007 060004 190004 PPC001 150006
335005 205008 249008 357005 216007 312003
057007 360005 PPC002 249005 294006 346007.
260004 PPC002 292007 176006 346005 231007
290007 PPC002 322005 024006 113005 PPC000
336010 222008 154008 183008 112012 081009
184014 157015 130028 138022 112017 113017.
145011 117009 098007 153007 PPC000 150007
150006 202004 165006 099008 098014 101011
096008 102008 108013 147012 159010 112014
099013 099012 096011 133015 123012 118008.
155013 127012 183006 062004 190004 283005
250009 PPC000 241005 110011 132004 147009
103009 121008 112010 115012 127006 131009
112011 098012 117012 113014 134012 133014.
160015 141009 141009 150005 097007 108011
087010 139014 101009 107014 119015 107010
117013 106012 150013 122011 149013 131012
109010 154014 118009 095011 135014 102008.
093009 111010 044006 117009 086009 025006
PPC000 229003 PPC001 180009 101008 071009
071010 118018 053007 079008 016007 142015
143012 134011 PPC000 PPC000 260007 274007.
269010 267009 267009 PPC002 104007 067005
073005 233007 292009 078007 114014 113013
109016 125019 130017 171012 141013 120013
156017 110013 114015 124012 153016 150012.
118014 135012 123012 099006 037004 049007
117009 082008 097006 127006 132012 109010
118012 123010 119014 095015 108012 138012
130018 118012 137010 155007 268015 295011.
259012 299007 249007 PPC001 079013 034021
040014 042028 037032 036029 044018 032028
025022 022022 048025 043022 038025 054031
021027 002023 028030 053027 044024 053022.
008025 025025 022020 016013 031012 021015
031014 099018 078009 146012 092013 145022
127024 135028 134032 133022 147021 113017
139020 097022 098021 105020 119020 119019.
130018 106014 094013 134015 096015 091010
096013 088011 091010 223005 077005 096010
157010 174007 142011 105016 097011 058010
040006 133013 108011 101022 108015 097017.
120012 098017 118015 101017 101018 089013
107015 098017 078015 096012 089013 099012
076011 156008 165008 226009 280010 175009
126009 117008 137004 092011 111013 102013.
084010 044006 152021 067007 062011 180012
336008 156005 276008 339010 070011 020007
174004 015005 124015 200008 219014 153012
136023 148021 144015 119022 112013 027009.
059012 337009 252008 307006 232004 355007
330003 345008 082004 331006 290004 007005
206006 185008 194009 116011 140013 134020
133027 129024 120015 094011 083009 066009.
000008 356008 245008 323007 330010 258004
302003 327003 239005 266003 343003 PPC002
281006 312009 321010 269011 106011 301007
132017 157016 106011 112011 133015 154008.
180012 175011 162010 200003 063004 110009
043007 359006 251007 320007 001013 293017
304016 287008 272015 276015 258013 254012
238008 258003 179006 162006 246008 185008.
199005 122013 319005 277009 267012 330008
360008 026008 266008 328008 171008 012008
336007 212012 174006 275009 110012 271010
141016 128016 109014 107013 050007 067007=
025129 1822 035096 1712
023129 0253 031133 0250
025110 1541 037079 1539
023136 1249 038122 1418
028132 1634 041142 1630
018155 1813 022150 1808
020062 1659 032077 1718
028277 1538 043269 1532
029283 2240 042249 0100
028134 1449 035133 1607
031136 1423 038159 1417
025124 1519 034102 1407
025150 1650 033105 1419
014271 1009 018298 1005
030142 1750 045130 1750
019133 1731 026085 2014
018135 1823 025136 1818
020155 2034 028162 2026
018111 0957 026139 0955
023154 1452 032136 1721
023132 2031 033102 2028
040028 0421 070065 0405
034136 1057 053340 2052
024100 1803 035085 1904
021097 2224 028108 2223
025144 1508 037136 1747
028124 1444 037125 1443
019179 1415 028085 1821
028331 0916 043326 0910
023128 1626 032116 1619=
DB
0138 0133 0128 0131 0135 0137 0137 0137 0136 0135 0126 0141
0154 0171 0185 0199 0193 0189 0182 0171 0158 0149 0146 0144 0199 1200 0126 0659.
0142 0143 0143 0143 0142 0141 0138 0139 0138 0136 0139 0142
0146 0150 0159 0165 0171 0173 0163 0161 0154 0150 0149 0149 0175 1233 0136 0552.
0148 0146 0147 0146 0144 0140 0137 0135 0127 0140 0142 0148
0156 0163 0175 0195 0242 0238 0220 0198 0173 0154 0146 0140 0243 1321 0126 0455.
0136 0133 0129 0126 0125 0122 0121 0124 0138 0140 0141 0146
0155 0170 0194 0206 0245 0247 0232 0210 0180 0161 0152 0147 0252 1325 0118 0320.
0145 0139 0135 0132 0129 0130 0131 0128 0130 0123 0120 0139
0167 0197 0225 0263 0281 0270 0247 0225 0203 0180 0178 0181 0281 1300 0120 0653.
0181 0181 0181 0180 0179 0178 0178 0177 0176 0176 0176 0179
0180 0191 0197 0203 0198 0201 0194 0196 0185 0181 0179 0177 0205 1203 0174 0428.
0176 0176 0171 0171 0170 0168 0165 0164 0162 0161 0158 0157
0163 0168 0166 0174 0177 0178 0173 0164 0156 0152 0152 0149 0180 1310 0148 1929.
0147 0147 0146 0146 0145 0143 0140 0139 0137 0137 0134 0136
0131 0141 0140 0138 0139 0147 0147 0141 0137 0131 0128 0128 0149 2001 0127 1906.
0124 0121 0119 0117 0115 0112 0106 0100 0100 0093 0092 0100
0108 0120 0120 0142 0149 0154 0134 0137 0126 0120 0119 0116 0177 1213 0089 0540.
0115 0116 0117 0116 0116 0116 0111 0115 0115 0114 0114 0121
0133 0154 0172 0189 0195 0192 0182 0169 0154 0143 0137 0131 0199 1336 0111 0257.
0126 0124 0119 0114 0111 0115 0122 0109 0122 0122 0122 0130
0138 0152 0169 0189 0194 0195 0180 0175 0162 0146 0139 0138 0197 1223 0109 0126.
0131 0139 0136 0129 0124 0122 0120 0117 0120 0125 0117 0127
0146 0162 0189 0207 0211 0213 0203 0188 0171 0156 0150 0149 0216 1235 0116 0704.
0154 0154 0154 0154 0152 0152 0150 0148 0148 0146 0135 0145
0164 0182 0198 0216 0223 0223 0210 0195 0180 0174 0170 0169 0223 1245 0135 0652.
0167 0165 0165 0164 0163 0161 0158 0157 0157 0157 0156 0161
0177 0186 0186 0188 0201 0196 0188 0182 0176 0170 0169 0168 0203 1304 0154 0711.
0165 0165 0164 0163 0162 0160 0159 0155 0156 0156 0157 0166
0172 0192 0208 0203 0222 0207 0205 0194 0181 0176 0172 0170 0240 1320 0153 0529.
0169 0168 0167 0166 0166 0165 0165 0164 0164 0164 0162 0163
0165 0166 0166 0170 0169 0167 0165 0165 0163 0162 0161 0161 0172 1141 0161 1817.
0161 0160 0161 0161 0161 0161 0161 0160 0161 0160 0160 0161
0164 0168 0170 0171 0175 0174 0169 0168 0165 0163 0162 0160 0175 1236 0159 0551.
0159 0158 0158 0158 0157 0156 0156 0155 0154 0154 0152 0154
0157 0158 0165 0166 0170 0170 0169 0166 0163 0160 0159 0158 0175 1318 0152 0649.
0158 0158 0157 0158 0158 0157 0157 0158 0158 0158 0157 0160
0163 0174 0181 0185 0184 0187 0186 0179 0174 0167 0165 0164 0189 1410 0157 2041.
0164 0164 0163 0163 0162 0162 0162 0161 0161 0158 0152 0161
0170 0185 0176 0195 0192 0192 0182 0179 0171 0167 0164 0164 0197 1207 0152 0659.
0162 0161 0160 0160 0159 0159 0158 0158 0158 0158 0157 0158
0159 0163 0166 0173 0175 0176 0172 0168 0164 0162 0160 0159 0177 1236 0156 0312.
0158 0158 0157 0158 0155 0145 0143 0136 0128 0126 0123 0119
0117 0117 0115 0115 0112 0109 0106 0103 0096 0095 0093 0091 0159 2001 0089 1907.
0090 0086 0088 0089 0088 0086 0084 0087 0080 0086 0086 0086
0082 0083 0085 0095 0101 0098 0099 0094 0089 0086 0085 0084 0102 1305 0078 0502.
0085 0084 0083 0084 0078 0071 0069 0069 0077 0080 0081 0083
0092 0096 0107 0109 0113 0108 0100 0099 0096 0091 0090 0086 0114 1138 0067 0323.
0088 0086 0087 0086 0085 0084 0085 0083 0083 0083 0082 0084
0093 0107 0120 0124 0132 0133 0118 0108 0104 0100 0099 0095 0140 1317 0082 0223.
0096 0095 0093 0093 0092 0093 0090 0083 0077 0078 0075 0089
0104 0120 0139 0158 0175 0171 0160 0147 0129 0114 0106 0099 0179 1305 0075 0648.
0095 0090 0086 0086 0081 0078 0077 0075 0073 0070 0068 0073
0099 0123 0148 0165 0179 0180 0165 0150 0131 0115 0106 0102 0184 1347 0068 0655.
0096 0094 0089 0086 0083 0081 0079 0078 0078 0080 0079 0084
0106 0129 0141 0169 0159 0176 0160 0153 0139 0120 0118 0119 0185 1329 0076 0714.
0118 0116 0114 0114 0113 0113 0111 0111 0109 0110 0108 0106
0103 0109 0119 0125 0124 0128 0127 0126 0117 0112 0111 0107 0130 1405 0102 0901.
0106 0106 0107 0095 0089 0083 0081 0082 0080 0080 0077 0088
0105 0134 0138 0164 0162 0162 0160 0147 0129 0116 0112 0106 0176 1349 0077 0650=
0167 0164 0160 0158 0157 0156 0156 0156 0155 0155 0154 0153
0154 0158 0163 0167 0172 0174 0175 0174 0172 0170 0167 0165.
0163 0162 0161 0160 0159 0159 0158 0157 0156 0156 0155 0155
0156 0156 0158 0160 0163 0165 0166 0166 0165 0164 0163 0162.
0162 0161 0161 0160 0159 0158 0157 0155 0154 0154 0154 0155
0157 0159 0161 0165 0172 0181 0185 0186 0183 0179 0174 0169.
0165 0162 0160 0157 0155 0153 0151 0150 0150 0152 0153 0153
0155 0158 0163 0169 0176 0185 0190 0191 0188 0184 0178 0174.
0170 0167 0164 0162 0159 0157 0156 0155 0153 0152 0150 0149
0153 0160 0170 0181 0191 0199 0202 0202 0200 0195 0190 0188.
0187 0186 0185 0185 0184 0184 0183 0183 0182 0182 0181 0181
0182 0183 0184 0187 0189 0190 0190 0190 0190 0188 0187 0186.
0185 0184 0183 0181 0180 0180 0179 0178 0176 0174 0173 0171
0171 0172 0173 0174 0175 0176 0177 0176 0175 0173 0171 0169.
0168 0167 0166 0165 0164 0163 0162 0160 0159 0158 0157 0156
0155 0155 0155 0155 0155 0155 0156 0156 0155 0153 0152 0151.
0149 0148 0147 0146 0144 0143 0142 0137 0133 0129 0127 0126
0127 0129 0131 0133 0141 0144 0145 0145 0144 0142 0140 0138.
0137 0137 0136 0136 0135 0135 0134 0134 0134 0134 0133 0133
0135 0138 0144 0151 0158 0165 0168 0168 0165 0162 0158 0154.
0150 0147 0144 0142 0139 0136 0136 0136 0135 0136 0136 0137
0139 0142 0147 0153 0161 0166 0168 0168 0168 0164 0159 0156.
0153 0150 0150 0149 0146 0144 0142 0140 0138 0138 0138 0137
0139 0144 0152 0160 0169 0175 0178 0178 0176 0172 0167 0164.
0163 0162 0161 0161 0161 0160 0159 0158 0158 0157 0155 0153
0155 0159 0166 0173 0180 0185 0187 0187 0184 0181 0178 0176.
0175 0173 0172 0171 0170 0169 0168 0167 0166 0165 0165 0164
0166 0170 0173 0175 0178 0180 0181 0181 0180 0178 0176 0175.
0174 0173 0172 0171 0170 0170 0169 0168 0167 0166 0165 0165
0167 0170 0176 0181 0185 0191 0191 0190 0188 0184 0182 0180.
0178 0177 0176 0175 0174 0173 0173 0172 0172 0171 0171 0170
0170 0170 0170 0171 0172 0172 0171 0171 0170 0170 0169 0169.
0168 0168 0168 0167 0167 0167 0167 0167 0167 0167 0166 0166
0167 0168 0169 0169 0171 0171 0172 0172 0171 0170 0169 0169.
0168 0167 0167 0166 0166 0165 0165 0164 0164 0163 0163 0162
0162 0163 0164 0166 0167 0168 0169 0169 0169 0168 0167 0166.
0166 0165 0165 0165 0164 0164 0164 0164 0164 0164 0164 0164
0165 0166 0168 0171 0173 0175 0176 0177 0176 0175 0173 0172.
0171 0171 0170 0169 0169 0169 0168 0168 0168 0167 0166 0165
0166 0168 0171 0174 0177 0179 0179 0179 0178 0176 0174 0173.
0171 0170 0169 0169 0168 0168 0167 0166 0166 0166 0165 0165
0165 0165 0166 0168 0170 0171 0172 0172 0171 0170 0169 0168.
0167 0166 0166 0166 0165 0164 0162 0160 0157 0154 0151 0149
0147 0145 0143 0141 0140 0139 0137 0136 0133 0130 0128 0126.
0124 0123 0121 0120 0119 0118 0117 0116 0115 0114 0113 0113
0112 0110 0109 0111 0112 0113 0113 0114 0113 0112 0110 0109.
0109 0108 0107 0107 0106 0104 0102 0100 0100 0101 0101 0102
0102 0104 0107 0110 0112 0114 0114 0114 0113 0112 0110 0109.
0108 0107 0107 0106 0106 0105 0104 0104 0104 0103 0103 0103
0103 0106 0110 0114 0117 0121 0122 0120 0119 0117 0116 0114.
0113 0112 0112 0111 0110 0110 0109 0107 0106 0104 0102 0101
0103 0109 0115 0123 0131 0138 0142 0143 0140 0135 0130 0126.
0122 0119 0116 0113 0111 0109 0106 0104 0103 0101 0099 0098
0100 0106 0114 0123 0133 0140 0144 0144 0141 0136 0131 0127.
0123 0120 0117 0115 0112 0110 0108 0106 0105 0104 0103 0102
0104 0110 0117 0125 0133 0139 0143 0144 0142 0138 0134 0132.
0130 0129 0128 0127 0126 0125 0124 0124 0123 0123 0122 0122
0120 0119 0120 0122 0124 0125 0127 0128 0127 0126 0125 0124.
0122 0121 0120 0120 0117 0114 0111 0110 0108 0106 0105 0104
0106 0111 0117 0123 0130 0136 0140 0140 0139 0135 0131 0128=
0172 0170 0168 0166 0164 0163 0163 0162 0162 0161 0161 0160
0160 0160 0162 0165 0168 0171 0172 0173 0174 0173 0171 0170.
0168 0167 0166 0166 0165 0164 0164 0163 0162 0162 0161 0161
0161 0161 0161 0162 0164 0165 0166 0167 0167 0167 0166 0166.
0165 0165 0165 0164 0164 0163 0162 0162 0161 0160 0159 0160
0160 0161 0162 0164 0167 0172 0176 0179 0180 0179 0177 0175.
0172 0170 0168 0165 0164 0162 0160 0159 0157 0157 0158 0158
0159 0160 0162 0165 0168 0174 0179 0182 0184 0183 0181 0178.
0176 0173 0171 0169 0167 0165 0164 0162 0161 0160 0159 0157
0157 0159 0164 0169 0176 0183 0188 0191 0192 0192 0190 0188.
0187 0186 0186 0185 0185 0184 0184 0184 0183 0183 0183 0182
0182 0183 0183 0184 0186 0187 0188 0188 0188 0188 0188 0187.
0186 0186 0185 0184 0183 0182 0182 0181 0180 0179 0177 0176
0175 0175 0175 0175 0176 0177 0177 0178 0177 0176 0175 0174.
0173 0172 0171 0170 0169 0168 0167 0166 0165 0164 0163 0162
0162 0161 0160 0160 0160 0160 0160 0160 0160 0159 0158 0157.
0156 0155 0154 0153 0152 0151 0150 0147 0144 0141 0139 0137
0136 0136 0137 0138 0140 0143 0146 0147 0147 0147 0146 0145.
0144 0143 0143 0142 0142 0141 0141 0140 0140 0140 0139 0139
0139 0140 0143 0146 0151 0156 0160 0162 0163 0162 0161 0159.
0156 0154 0152 0150 0148 0145 0144 0143 0142 0142 0142 0142
0142 0144 0145 0149 0153 0158 0161 0163 0164 0164 0162 0160.
0158 0156 0155 0154 0153 0151 0149 0148 0146 0145 0144 0144
0143 0145 0148 0153 0158 0164 0168 0170 0171 0171 0169 0167.
0165 0164 0164 0163 0163 0162 0162 0161 0161 0160 0159 0158
0157 0158 0161 0165 0170 0174 0178 0180 0180 0179 0178 0177.
0176 0175 0174 0173 0172 0171 0171 0170 0169 0168 0168 0167
0167 0168 0170 0172 0174 0175 0177 0178 0178 0178 0177 0176.
0175 0174 0174 0173 0173 0172 0171 0170 0170 0169 0168 0168
0168 0169 0171 0175 0178 0182 0184 0185 0185 0184 0182 0181.
0180 0179 0178 0177 0176 0176 0175 0174 0174 0173 0173 0173
0172 0172 0172 0172 0173 0173 0173 0173 0172 0172 0171 0171.
0171 0170 0170 0170 0170 0169 0169 0169 0169 0169 0169 0168
0168 0169 0169 0170 0170 0171 0172 0172 0172 0172 0171 0171.
0170 0170 0169 0169 0169 0168 0168 0167 0167 0166 0166 0166
0165 0165 0166 0166 0167 0168 0169 0169 0169 0169 0169 0168.
0168 0168 0167 0167 0167 0167 0166 0166 0166 0166 0166 0166
0166 0166 0167 0169 0171 0172 0174 0174 0175 0175 0174 0173.
0173 0172 0172 0171 0171 0171 0170 0170 0170 0169 0169 0168
0168 0169 0170 0171 0174 0175 0177 0177 0177 0177 0176 0175.
0174 0173 0172 0171 0171 0170 0170 0169 0169 0169 0168 0168
0168 0167 0168 0168 0169 0171 0171 0172 0172 0171 0171 0170.
0170 0169 0169 0168 0168 0167 0166 0165 0163 0161 0159 0157
0155 0154 0152 0150 0149 0148 0146 0145 0143 0141 0139 0138.
0136 0134 0133 0131 0130 0129 0128 0127 0126 0125 0124 0123
0122 0122 0120 0120 0120 0121 0121 0121 0121 0121 0120 0119.
0118 0117 0117 0116 0116 0115 0113 0112 0111 0110 0110 0110
0110 0111 0112 0114 0115 0117 0118 0118 0118 0118 0117 0116.
0116 0115 0114 0114 0113 0113 0112 0112 0112 0111 0111 0110
0110 0111 0112 0115 0117 0120 0122 0122 0122 0121 0121 0120.
0119 0118 0118 0117 0117 0116 0116 0115 0114 0113 0111 0110
0110 0111 0114 0118 0123 0129 0134 0137 0137 0136 0134 0132.
0129 0127 0125 0122 0120 0118 0116 0115 0113 0111 0110 0108
0107 0109 0112 0118 0124 0129 0134 0137 0138 0137 0135 0133.
0130 0128 0125 0123 0121 0119 0117 0116 0114 0113 0112 0111
0111 0112 0116 0120 0125 0130 0135 0137 0139 0138 0137 0135.
0134 0132 0132 0131 0130 0129 0129 0128 0128 0127 0126 0126
0126 0125 0124 0125 0126 0127 0128 0128 0129 0129 0128 0127.
0127 0126 0125 0125 0123 0122 0120 0118 0116 0115 0114 0112
0112 0113 0116 0120 0124 0128 0132 0135 0136 0136 0134 0132=
0176 0175 0174 0173 0172 0170 0170 0169 0168 0168 0167 0167
0166 0166 0167 0168 0170 0171 0173 0174 0175 0175 0175 0174.
0174 0173 0172 0171 0171 0170 0170 0169 0169 0168 0167 0167
0167 0167 0167 0167 0167 0168 0169 0170 0170 0171 0170 0170.
0170 0170 0169 0169 0169 0169 0168 0168 0167 0166 0166 0165
0165 0166 0166 0167 0168 0170 0174 0176 0178 0179 0179 0178.
0177 0175 0174 0172 0171 0169 0168 0167 0165 0165 0164 0164
0164 0165 0165 0167 0168 0171 0175 0178 0180 0181 0181 0181.
0179 0178 0177 0175 0174 0172 0171 0170 0169 0168 0167 0165
0165 0165 0166 0169 0172 0177 0181 0184 0187 0188 0188 0188.
0188 0187 0187 0186 0186 0186 0186 0186 0185 0185 0185 0185
0184 0185 0185 0185 0186 0187 0188 0188 0189 0189 0189 0189.
0188 0188 0188 0187 0186 0186 0185 0184 0184 0183 0182 0180
0180 0179 0179 0179 0179 0179 0180 0180 0180 0180 0180 0179.
0178 0177 0176 0176 0175 0174 0173 0173 0172 0171 0170 0169
0168 0167 0167 0166 0166 0166 0165 0165 0165 0165 0164 0164.
0163 0162 0161 0161 0160 0159 0158 0157 0154 0152 0150 0148
0147 0146 0146 0146 0146 0148 0149 0150 0151 0151 0151 0151.
0150 0150 0149 0149 0149 0148 0148 0148 0147 0147 0146 0146
0146 0146 0147 0148 0151 0154 0157 0160 0162 0163 0163 0162.
0161 0160 0158 0157 0155 0154 0152 0151 0150 0149 0149 0149
0149 0149 0149 0151 0153 0156 0159 0161 0163 0164 0164 0163.
0162 0161 0160 0159 0158 0157 0156 0155 0154 0152 0152 0151
0150 0150 0151 0153 0156 0160 0163 0166 0168 0169 0169 0169.
0168 0167 0167 0166 0166 0165 0165 0165 0164 0164 0163 0163
0162 0162 0163 0164 0167 0170 0173 0175 0177 0178 0178 0177.
0177 0176 0176 0175 0175 0174 0174 0173 0172 0172 0171 0171
0170 0170 0171 0172 0173 0174 0176 0177 0178 0178 0178 0177.
0177 0177 0176 0176 0175 0175 0174 0174 0173 0173 0172 0172
0172 0172 0172 0174 0176 0178 0180 0182 0183 0183 0183 0182.
0181 0181 0180 0180 0179 0179 0178 0178 0177 0177 0176 0176
0175 0175 0175 0175 0175 0175 0175 0175 0175 0175 0175 0174.
0174 0174 0173 0173 0173 0173 0173 0173 0172 0172 0172 0172
0172 0172 0172 0172 0173 0173 0173 0174 0174 0174 0174 0174.
0173 0173 0173 0172 0172 0172 0172 0171 0171 0170 0170 0170
0169 0169 0169 0169 0170 0170 0171 0171 0172 0172 0172 0171.
0171 0171 0171 0170 0170 0170 0170 0170 0170 0169 0169 0169
0169 0169 0170 0170 0171 0172 0173 0174 0175 0176 0176 0175.
0175 0175 0174 0174 0174 0174 0173 0173 0173 0173 0172 0172
0171 0171 0172 0173 0174 0175 0176 0177 0177 0178 0177 0177.
0176 0176 0175 0175 0174 0174 0173 0173 0173 0172 0172 0172
0171 0171 0171 0171 0172 0172 0173 0173 0173 0174 0173 0173.
0173 0172 0172 0172 0171 0171 0171 0170 0169 0168 0166 0165
0163 0162 0160 0159 0158 0157 0155 0154 0153 0151 0150 0148.
0147 0145 0144 0143 0141 0140 0139 0138 0137 0136 0135 0134
0133 0133 0132 0131 0130 0130 0130 0130 0130 0130 0129 0129.
0128 0127 0127 0126 0126 0125 0124 0123 0122 0121 0121 0121
0120 0120 0120 0121 0122 0123 0124 0124 0125 0125 0125 0124.
0124 0123 0123 0122 0122 0121 0121 0121 0120 0120 0119 0119
0119 0119 0119 0120 0121 0123 0124 0126 0126 0126 0126 0126.
0126 0125 0125 0124 0124 0123 0123 0122 0122 0121 0120 0119
0118 0118 0119 0121 0124 0127 0131 0134 0136 0137 0137 0136.
0135 0133 0132 0130 0129 0127 0126 0124 0123 0121 0120 0119
0118 0117 0118 0120 0123 0127 0131 0134 0136 0137 0137 0136.
0135 0134 0132 0131 0129 0128 0126 0125 0124 0122 0121 0120
0120 0119 0120 0122 0125 0128 0132 0134 0137 0138 0138 0138.
0137 0136 0136 0135 0135 0134 0134 0133 0133 0132 0132 0132
0131 0131 0130 0130 0130 0130 0131 0132 0132 0132 0132 0132.
0132 0131 0131 0130 0130 0129 0128 0126 0125 0124 0123 0122
0121 0120 0121 0123 0125 0127 0130 0133 0135 0136 0136 0136=
0177 0176 0176 0175 0175 0174 0173 0173 0172 0171 0171 0170
0170 0170 0170 0170 0170 0171 0172 0173 0174 0175 0175 0175.
0175 0174 0174 0174 0173 0173 0172 0172 0172 0171 0171 0170
0170 0170 0169 0169 0169 0170 0170 0171 0171 0171 0171 0171.
0171 0171 0171 0171 0171 0171 0170 0170 0170 0169 0169 0168
0168 0168 0168 0168 0169 0170 0171 0173 0175 0176 0177 0177.
0177 0176 0175 0175 0174 0173 0172 0171 0170 0169 0168 0168
0168 0167 0167 0168 0169 0170 0172 0174 0176 0177 0178 0179.
0179 0178 0178 0177 0176 0175 0174 0173 0172 0171 0170 0170
0169 0168 0168 0169 0170 0172 0175 0178 0180 0182 0183 0184.
0184 0184 0184 0184 0184 0184 0184 0184 0184 0184 0184 0184
0183 0184 0184 0184 0184 0185 0185 0186 0186 0186 0187 0187.
0187 0187 0186 0186 0186 0185 0185 0185 0184 0184 0183 0182
0181 0180 0180 0180 0180 0180 0180 0180 0180 0180 0180 0180.
0179 0179 0178 0178 0177 0177 0176 0175 0174 0174 0173 0172
0172 0171 0170 0170 0169 0169 0168 0168 0168 0168 0167 0167.
0166 0166 0165 0165 0164 0163 0163 0162 0160 0158 0156 0155
0154 0152 0152 0151 0151 0151 0152 0153 0153 0154 0154 0154.
0154 0153 0153 0153 0153 0152 0152 0152 0151 0151 0151 0150
0150 0150 0150 0150 0151 0153 0155 0157 0159 0160 0161 0161.
0161 0161 0160 0159 0158 0157 0156 0155 0155 0154 0153 0153
0152 0152 0152 0152 0153 0155 0156 0158 0160 0161 0162 0162.
0162 0162 0161 0161 0160 0159 0159 0158 0157 0156 0155 0155
0154 0154 0154 0154 0155 0157 0159 0161 0163 0165 0166 0166.
0166 0166 0166 0166 0166 0165 0165 0165 0165 0164 0164 0164
0163 0163 0163 0163 0164 0166 0168 0170 0172 0173 0174 0174.
0174 0174 0174 0174 0173 0173 0173 0172 0172 0172 0171 0171
0171 0170 0171 0171 0171 0172 0173 0174 0174 0175 0175 0175.
0175 0175 0175 0175 0175 0174 0174 0174 0174 0173 0173 0172
0172 0172 0172 0172 0173 0174 0176 0177 0178 0179 0179 0180.
0179 0179 0179 0179 0178 0178 0178 0177 0177 0176 0176 0176
0176 0175 0175 0175 0175 0175 0175 0175 0175 0175 0174 0174.
0174 0174 0174 0174 0173 0173 0173 0173 0173 0173 0172 0172
0172 0172 0172 0172 0172 0172 0173 0173 0173 0173 0173 0173.
0173 0173 0173 0173 0172 0172 0172 0172 0172 0171 0171 0171
0170 0170 0170 0170 0170 0170 0170 0171 0171 0171 0171 0171.
0171 0171 0171 0171 0171 0170 0170 0170 0170 0170 0170 0170
0170 0170 0170 0170 0170 0171 0171 0172 0173 0173 0174 0174.
0174 0174 0174 0174 0173 0173 0173 0173 0173 0173 0172 0172
0172 0172 0172 0172 0172 0173 0174 0174 0175 0175 0176 0176.
0176 0175 0175 0175 0174 0174 0174 0173 0173 0173 0173 0172
0172 0172 0171 0171 0172 0172 0172 0172 0172 0173 0173 0173.
0173 0172 0172 0172 0172 0171 0171 0171 0170 0170 0169 0168
0167 0166 0165 0164 0162 0161 0160 0159 0158 0157 0156 0155.
0154 0152 0151 0150 0149 0148 0147 0146 0145 0144 0143 0142
0141 0141 0139 0139 0138 0137 0137 0137 0136 0136 0136 0135.
0135 0134 0134 0133 0133 0132 0132 0131 0130 0129 0129 0128
0127 0127 0127 0127 0127 0127 0128 0128 0129 0129 0129 0129.
0129 0128 0128 0128 0127 0127 0127 0126 0126 0125 0125 0125
0124 0124 0124 0124 0125 0125 0126 0127 0128 0129 0129 0129.
0129 0129 0128 0128 0128 0127 0127 0127 0127 0126 0125 0125
0124 0124 0124 0124 0125 0127 0129 0131 0133 0134 0135 0136.
0136 0135 0134 0134 0133 0132 0131 0130 0129 0127 0126 0125
0124 0123 0123 0124 0125 0126 0129 0131 0133 0135 0136 0136.
0136 0135 0135 0134 0133 0132 0131 0130 0129 0128 0127 0126
0125 0125 0124 0125 0126 0128 0129 0131 0133 0135 0136 0136.
0136 0136 0136 0136 0136 0136 0135 0135 0135 0134 0134 0134
0133 0133 0133 0132 0132 0132 0132 0133 0133 0133 0134 0134.
0133 0133 0133 0133 0132 0132 0131 0130 0129 0129 0128 0127
0126 0125 0125 0125 0126 0127 0129 0131 0132 0134 0135 0135=
0181 0181 0181 0181 0181 0181 0181 0181 0181 0180 0180 0180
0180 0180 0180 0179 0179 0179 0179 0179 0179 0179 0179 0179.
0179 0179 0179 0179 0179 0179 0179 0179 0179 0179 0179 0178
0178 0178 0178 0178 0178 0178 0177 0177 0177 0177 0177 0177.
0177 0177 0177 0177 0177 0177 0177 0177 0177 0177 0177 0177
0177 0176 0176 0176 0176 0176 0176 0176 0176 0176 0177 0177.
0177 0177 0177 0177 0178 0177 0177 0177 0177 0177 0177 0177
0176 0176 0176 0176 0176 0176 0176 0176 0176 0176 0176 0177.
0177 0177 0178 0178 0178 0178 0178 0178 0178 0177 0177 0177
0177 0177 0177 0177 0176 0176 0176 0176 0177 0177 0178 0178.
0179 0179 0179 0180 0180 0180 0181 0181 0181 0181 0181 0182
0182 0182 0182 0182 0182 0183 0183 0183 0183 0183 0183 0184.
0184 0184 0184 0184 0184 0184 0184 0184 0184 0184 0184 0184
0184 0184 0184 0184 0183 0183 0183 0183 0183 0183 0183 0183.
0183 0183 0183 0183 0182 0182 0182 0182 0181 0181 0181 0180
0180 0180 0180 0179 0179 0179 0178 0178 0178 0177 0177 0177.
0177 0176 0176 0176 0176 0175 0175 0174 0174 0173 0172 0171
0171 0170 0170 0169 0169 0168 0168 0168 0167 0167 0167 0167.
0166 0166 0166 0166 0166 0165 0165 0165 0165 0165 0164 0164
0164 0164 0164 0163 0163 0163 0163 0163 0163 0164 0164 0164.
0165 0165 0165 0165 0165 0165 0165 0165 0165 0165 0165 0164
0164 0164 0164 0163 0163 0163 0163 0163 0163 0164 0164 0164.
0164 0165 0165 0165 0165 0165 0165 0165 0165 0165 0165 0165
0164 0164 0164 0164 0164 0164 0164 0164 0164 0164 0165 0165.
0166 0166 0166 0167 0167 0167 0167 0167 0168 0168 0168 0168
0168 0168 0168 0168 0168 0168 0168 0169 0169 0169 0170 0170.
0171 0171 0171 0172 0172 0172 0172 0173 0173 0173 0173 0173
0173 0173 0173 0173 0173 0173 0173 0173 0174 0174 0174 0174.
0175 0175 0175 0175 0175 0175 0175 0175 0175 0175 0175 0175
0175 0175 0175 0175 0175 0175 0175 0176 0176 0176 0176 0177.
0177 0177 0177 0178 0178 0178 0178 0178 0178 0178 0178 0178
0178 0178 0178 0177 0177 0177 0177 0177 0177 0177 0177 0177.
0177 0177 0177 0177 0177 0177 0177 0176 0176 0176 0176 0176
0176 0176 0176 0176 0176 0176 0176 0176 0176 0176 0176 0176.
0176 0176 0176 0176 0175 0175 0175 0175 0175 0175 0175 0175
0175 0175 0175 0175 0174 0174 0174 0174 0174 0174 0174 0174.
0174 0174 0174 0174 0174 0174 0174 0174 0174 0174 0174 0174
0174 0174 0174 0174 0174 0174 0174 0174 0174 0174 0174 0174.
0174 0174 0175 0175 0175 0175 0175 0175 0175 0175 0175 0175
0175 0175 0175 0175 0175 0175 0175 0175 0175 0175 0175 0175.
0175 0175 0176 0176 0176 0176 0176 0176 0176 0176 0175 0175
0175 0175 0175 0175 0175 0175 0175 0175 0175 0175 0175 0175.
0175 0175 0175 0175 0175 0174 0174 0174 0174 0174 0174 0174
0174 0173 0173 0172 0172 0172 0171 0170 0170 0169 0169 0168.
0168 0167 0166 0166 0165 0164 0164 0163 0162 0161 0161 0160
0159 0159 0158 0157 0157 0156 0155 0155 0154 0153 0153 0152.
0152 0151 0151 0150 0150 0149 0149 0148 0148 0147 0147 0146
0146 0145 0145 0144 0144 0144 0143 0143 0143 0143 0142 0142.
0142 0142 0142 0141 0141 0141 0141 0140 0140 0140 0140 0139
0139 0139 0139 0138 0138 0138 0138 0138 0138 0138 0138 0138.
0138 0138 0138 0138 0138 0138 0138 0137 0137 0137 0137 0137
0137 0137 0136 0136 0136 0136 0136 0136 0136 0136 0137 0137.
0138 0138 0138 0138 0139 0139 0139 0138 0138 0138 0138 0138
0137 0137 0137 0137 0136 0136 0136 0136 0136 0137 0137 0137.
0138 0138 0138 0139 0139 0139 0139 0139 0139 0138 0138 0138
0138 0137 0137 0137 0137 0137 0137 0137 0137 0137 0137 0138.
0138 0138 0139 0139 0139 0140 0140 0140 0140 0140 0140 0140
0140 0140 0140 0140 0140 0140 0140 0140 0139 0139 0139 0140.
0139 0140 0139 0139 0139 0139 0139 0139 0139 0139 0139 0138
0138 0138 0137 0137 0137 0137 0137 0137 0137 0137 0137 0137=
KB
0199 0198 0198 0198 0198 0198 0198 0198 0198 0198 0198 0198
0197 0197 0197 0197 0197 0197 0197 0197 0197 0197 0196 0196.
0196 0196 0196 0196 0196 0196 0196 0196 0196 0195 0195 0195
0195 0195 0195 0195 0195 0195 0195 0195 0195 0194 0194 0194.
0194 0194 0194 0194 0194 0194 0194 0194 0193 0193 0193 0193
0193 0193 0193 0193 0193 0193 0193 0193 0193 0193 0193 0192.
0192 0192 0192 0192 0192 0192 0192 0192 0192 0192 0192 0192
0192 0192 0192 0192 0192 0192 0192 0192 0191 0191 0191 0191.
0191 0191 0191 0191 0191 0191 0191 0191 0191 0191 0191 0191
0191 0191 0191 0191 0191 0191 0191 0191 0191 0191 0190 0190.
0190 0190 0190 0190 0190 0190 0190 0190 0190 0190 0191 0191
0190 0191 0191 0191 0191 0191 0191 0191 0191 0191 0191 0191.
0191 0191 0191 0191 0191 0192 0192 0192 0192 0192 0192 0191
0192 0192 0192 0192 0192 0192 0192 0192 0192 0192 0192 0192.
0192 0192 0192 0192 0192 0192 0192 0192 0192 0192 0191 0191
0191 0191 0191 0191 0191 0191 0191 0191 0191 0191 0191 0191.
0190 0190 0190 0190 0190 0190 0190 0190 0189 0189 0189 0189
0189 0189 0188 0188 0188 0188 0188 0187 0187 0187 0187 0187.
0186 0186 0186 0186 0186 0185 0185 0185 0185 0185 0185 0184
0184 0184 0184 0184 0184 0184 0183 0183 0183 0183 0183 0183.
0182 0182 0182 0182 0182 0182 0182 0182 0182 0182 0182 0182
0181 0182 0181 0181 0181 0181 0181 0181 0181 0181 0181 0181.
0181 0180 0181 0180 0180 0180 0180 0180 0180 0180 0180 0180
0180 0180 0180 0180 0180 0180 0180 0180 0180 0180 0180 0180.
0179 0179 0179 0179 0179 0179 0179 0179 0179 0179 0179 0179
0180 0180 0180 0180 0180 0180 0180 0180 0180 0180 0180 0180.
0180 0180 0180 0180 0180 0180 0180 0180 0180 0180 0180 0181
0181 0181 0181 0181 0181 0181 0181 0181 0181 0181 0181 0181.
0181 0182 0182 0182 0182 0182 0182 0182 0182 0182 0182 0182
0182 0182 0182 0182 0182 0183 0183 0183 0183 0183 0183 0183.
0183 0183 0183 0183 0183 0183 0183 0183 0183 0183 0183 0183
0183 0183 0184 0184 0184 0184 0184 0184 0184 0184 0184 0184.
0184 0184 0184 0184 0184 0184 0184 0184 0184 0184 0184 0184
0184 0184 0184 0184 0184 0184 0184 0184 0184 0184 0184 0184.
0184 0184 0184 0184 0184 0184 0184 0184 0184 0184 0184 0184
0184 0184 0184 0184 0184 0184 0184 0184 0184 0184 0184 0184.
0184 0184 0184 0184 0183 0183 0183 0183 0183 0183 0183 0183
0183 0183 0183 0183 0183 0183 0183 0183 0183 0183 0183 0183.
0183 0183 0183 0183 0183 0183 0183 0183 0183 0183 0183 0183
0183 0183 0183 0183 0183 0183 0183 0183 0183 0183 0183 0183.
0183 0183 0183 0183 0183 0183 0183 0183 0183 0183 0183 0183
0183 0183 0183 0183 0183 0183 0183 0183 0183 0183 0183 0183.
0183 0183 0183 0183 0183 0183 0183 0183 0183 0183 0183 0183
0183 0183 0183 0183 0183 0183 0183 0182 0182 0182 0182 0182.
0182 0182 0182 0182 0182 0182 0181 0181 0181 0181 0181 0180
0180 0180 0180 0180 0179 0179 0179 0179 0178 0178 0178 0178.
0177 0177 0177 0177 0176 0176 0176 0175 0175 0175 0175 0174
0174 0174 0173 0173 0173 0173 0172 0172 0172 0171 0171 0171.
0171 0170 0170 0170 0169 0169 0169 0169 0169 0168 0168 0168
0168 0167 0167 0167 0167 0166 0166 0166 0166 0166 0165 0165.
0165 0165 0165 0165 0164 0164 0164 0164 0164 0163 0163 0163
0163 0163 0163 0163 0162 0162 0162 0162 0162 0162 0162 0161.
0161 0161 0161 0161 0161 0161 0160 0160 0160 0160 0160 0160
0160 0160 0160 0160 0160 0160 0160 0160 0160 0160 0160 0159.
0159 0159 0159 0159 0159 0159 0159 0159 0159 0159 0159 0159
0159 0159 0158 0159 0159 0158 0158 0158 0158 0158 0158 0158.
0158 0158 0158 0158 0158 0158 0158 0158 0158 0158 0158 0158
0158 0157 0158 0158 0158 0157 0158 0158 0157 0157 0157 0157.
0157 0157 0157 0157 0157 0157 0157 0157 0157 0157 0157 0157
0157 0157 0157 0157 0157 0157 0157 0157 0157 0156 0156 0156=
0225 0225 0225 0225 0225 0225 0225 0224 0224 0224 0224 0224
0224 0224 0224 0224 0224 0224 0224 0224 0224 0224 0224 0224.
0223 0223 0223 0223 0223 0223 0223 0223 0223 0223 0223 0223
0223 0223 0223 0223 0223 0223 0222 0222 0222 0222 0222 0222.
0222 0222 0222 0222 0222 0222 0222 0222 0221 0221 0221 0221
0221 0221 0221 0221 0221 0221 0221 0221 0221 0221 0221 0221.
0221 0221 0220 0220 0220 0220 0220 0220 0220 0220 0220 0220
0220 0220 0220 0220 0220 0220 0220 0220 0219 0219 0219 0219.
0219 0219 0219 0219 0219 0219 0219 0219 0219 0219 0219 0219
0218 0218 0218 0218 0218 0218 0218 0218 0218 0218 0218 0218.
0218 0218 0218 0218 0218 0218 0218 0218 0217 0217 0217 0217
0217 0217 0217 0217 0217 0217 0217 0217 0217 0217 0217 0217.
0217 0216 0217 0216 0216 0216 0216 0216 0216 0216 0216 0216
0216 0216 0216 0216 0216 0216 0216 0216 0216 0216 0215 0215.
0215 0215 0215 0215 0215 0215 0215 0215 0215 0215 0215 0215
0215 0214 0214 0214 0214 0214 0214 0214 0214 0214 0214 0214.
0214 0214 0214 0214 0214 0214 0214 0214 0214 0213 0213 0213
0213 0213 0213 0213 0213 0213 0213 0213 0213 0213 0213 0213.
0213 0213 0213 0213 0212 0212 0212 0212 0212 0212 0212 0212
0212 0212 0212 0212 0212 0212 0212 0212 0212 0212 0212 0212.
0212 0212 0212 0211 0211 0211 0211 0211 0211 0211 0211 0211
0211 0211 0211 0211 0211 0211 0211 0211 0211 0211 0211 0211.
0211 0211 0211 0210 0210 0210 0210 0210 0210 0210 0210 0210
0210 0210 0210 0210 0210 0210 0210 0210 0210 0210 0210 0210.
0209 0209 0209 0209 0209 0209 0209 0209 0209 0209 0209 0209
0209 0209 0209 0209 0209 0209 0209 0209 0208 0208 0208 0208.
0208 0208 0208 0208 0208 0208 0208 0208 0208 0208 0208 0208
0208 0208 0208 0208 0208 0208 0208 0207 0207 0207 0207 0207.
0207 0207 0207 0207 0207 0207 0207 0207 0207 0207 0207 0207
0207 0207 0207 0207 0207 0207 0207 0206 0206 0206 0206 0206.
0206 0206 0206 0206 0206 0206 0206 0206 0206 0206 0206 0206
0206 0206 0206 0206 0206 0206 0206 0206 0206 0206 0206 0206.
0206 0205 0205 0205 0205 0205 0205 0205 0205 0205 0205 0205
0205 0205 0205 0205 0205 0205 0205 0205 0205 0205 0205 0205.
0205 0205 0205 0205 0205 0205 0205 0205 0205 0205 0205 0205
0205 0205 0205 0205 0205 0204 0204 0204 0204 0205 0204 0204.
0204 0204 0204 0204 0204 0204 0204 0204 0204 0204 0204 0204
0204 0204 0204 0204 0204 0204 0204 0204 0204 0204 0204 0204.
0204 0204 0204 0204 0204 0204 0204 0204 0204 0204 0204 0204
0204 0204 0204 0204 0204 0204 0204 0204 0204 0204 0203 0203.
0203 0203 0203 0203 0203 0203 0203 0203 0203 0203 0203 0203
0203 0203 0203 0203 0203 0203 0203 0203 0203 0203 0203 0203.
0203 0203 0203 0203 0203 0203 0203 0203 0203 0203 0203 0203
0203 0203 0203 0203 0203 0203 0203 0202 0202 0202 0202 0202.
0202 0202 0202 0202 0202 0202 0202 0202 0202 0202 0202 0202
0202 0202 0202 0202 0202 0202 0202 0202 0202 0202 0202 0202.
0202 0202 0202 0202 0202 0202 0202 0202 0202 0202 0202 0202
0202 0202 0202 0202 0202 0202 0202 0202 0201 0201 0201 0201.
0201 0201 0201 0201 0201 0201 0201 0201 0201 0201 0201 0201
0201 0201 0201 0201 0201 0201 0201 0201 0201 0201 0201 0200.
0200 0201 0201 0201 0200 0200 0200 0200 0200 0200 0200 0200
0200 0200 0200 0200 0200 0200 0200 0200 0200 0200 0200 0199.
0199 0199 0199 0199 0199 0199 0199 0199 0199 0199 0199 0199
0199 0199 0199 0199 0199 0198 0198 0198 0198 0198 0198 0198.
0198 0198 0198 0198 0198 0198 0197 0197 0197 0197 0197 0197
0197 0197 0197 0197 0197 0197 0197 0197 0197 0197 0197 0197.
0196 0196 0196 0196 0196 0196 0196 0196 0196 0196 0196 0196
0196 0196 0196 0196 0196 0195 0195 0195 0195 0195 0195 0195.
0195 0195 0195 0195 0195 0195 0194 0195 0194 0194 0194 0194
0194 0194 0194 0194 0194 0194 0194 0194 0194 0194 0194 0194=
0223 0223 0223 0223 0223 0223 0223 0223 0223 0223 0223 0223
0223 0223 0223 0223 0223 0223 0223 0223 0223 0223 0223 0223.
0223 0223 0223 0223 0223 0223 0223 0223 0223 0223 0222 0223
0223 0223 0222 0223 0223 0223 0223 0223 0223 0222 0222 0222.
0222 0222 0222 0222 0222 0223 0222 0222 0222 0222 0222 0222
0222 0222 0222 0222 0222 0222 0222 0222 0222 0222 0222 0222.
0222 0222 0222 0222 0222 0222 0222 0222 0222 0222 0222 0222
0222 0222 0222 0222 0222 0222 0222 0222 0222 0222 0222 0222.
0222 0222 0222 0222 0222 0222 0222 0222 0222 0222 0222 0222
0222 0222 0222 0222 0222 0222 0222 0222 0222 0222 0222 0222.
0222 0222 0222 0222 0222 0222 0222 0222 0222 0222 0222 0222
0222 0222 0222 0222 0222 0222 0222 0222 0222 0222 0222 0222.
0222 0222 0222 0222 0222 0222 0222 0222 0222 0222 0222 0222
0222 0221 0221 0221 0221 0221 0221 0221 0222 0221 0221 0221.
0221 0221 0221 0221 0221 0221 0221 0221 0221 0221 0221 0221
0221 0221 0221 0221 0221 0221 0221 0221 0221 0221 0221 0221.
0221 0221 0221 0221 0221 0221 0221 0221 0221 0221 0221 0221
0221 0221 0221 0221 0221 0221 0221 0221 0221 0221 0221 0221.
0221 0221 0221 0221 0221 0221 0221 0221 0221 0221 0221 0221
0221 0221 0221 0221 0221 0221 0221 0221 0221 0221 0221 0221.
0221 0221 0220 0221 0221 0220 0220 0221 0220 0220 0220 0220
0220 0220 0221 0221 0221 0221 0221 0221 0220 0220 0220 0220.
0220 0220 0220 0220 0220 0220 0220 0220 0220 0220 0220 0220
0220 0220 0220 0220 0220 0220 0220 0220 0220 0220 0220 0220.
0220 0220 0220 0220 0220 0220 0220 0220 0220 0220 0220 0220
0220 0220 0220 0220 0220 0220 0220 0220 0220 0220 0220 0220.
0220 0220 0220 0220 0220 0220 0220 0220 0220 0220 0220 0220
0220 0220 0220 0220 0220 0220 0220 0220 0220 0219 0219 0219.
0220 0219 0219 0219 0219 0219 0219 0219 0219 0219 0219 0219
0219 0219 0219 0219 0219 0219 0219 0219 0219 0219 0219 0219.
0219 0219 0219 0219 0219 0219 0219 0219 0219 0219 0219 0219
0219 0219 0219 0219 0219 0219 0219 0219 0219 0219 0219 0219.
0219 0219 0219 0219 0219 0219 0219 0219 0219 0219 0219 0219
0219 0219 0219 0219 0219 0218 0218 0218 0218 0219 0218 0218.
0218 0218 0218 0218 0218 0218 0218 0218 0218 0218 0218 0218
0218 0218 0218 0218 0218 0218 0218 0218 0218 0218 0218 0218.
0218 0218 0218 0218 0218 0218 0218 0218 0218 0218 0218 0218
0218 0218 0218 0218 0218 0218 0218 0218 0218 0218 0218 0218.
0218 0218 0218 0218 0218 0218 0218 0218 0218 0218 0218 0218
0218 0217 0218 0217 0217 0217 0217 0217 0217 0217 0217 0217.
0217 0217 0217 0217 0217 0217 0217 0217 0217 0217 0217 0217
0217 0217 0217 0217 0217 0217 0217 0217 0217 0217 0217 0217.
0217 0217 0217 0217 0217 0217 0217 0217 0217 0217 0217 0217
0217 0217 0217 0217 0217 0217 0217 0217 0216 0216 0216 0216.
0216 0216 0216 0216 0216 0216 0216 0216 0216 0216 0216 0216
0216 0216 0216 0216 0216 0216 0216 0216 0216 0216 0216 0216.
0216 0216 0216 0216 0216 0216 0216 0216 0216 0216 0216 0216
0216 0216 0216 0216 0216 0216 0216 0216 0216 0216 0216 0216.
0216 0216 0216 0216 0216 0216 0216 0216 0216 0216 0216 0215
0216 0216 0216 0216 0216 0215 0216 0216 0215 0215 0215 0215.
0215 0215 0215 0215 0215 0215 0215 0215 0215 0215 0215 0215
0215 0215 0215 0215 0215 0215 0215 0215 0215 0215 0215 0215.
0215 0215 0215 0215 0215 0215 0215 0215 0215 0215 0215 0215
0215 0215 0215 0215 0215 0215 0215 0215 0215 0215 0215 0215.
0215 0215 0215 0215 0215 0215 0215 0215 0215 0215 0215 0215
0214 0215 0215 0215 0215 0215 0215 0215 0215 0214 0214 0214.
0214 0214 0214 0214 0214 0214 0214 0214 0214 0214 0214 0214
0214 0214 0214 0214 0214 0214 0214 0214 0214 0214 0214 0214.
0214 0214 0214 0214 0214 0214 0214 0214 0214 0214 0214 0214
0214 0214 0214 0214 0214 0214 0214 0214 0214 0214 0214 0214=
A=
SA=
BA
0074 0062 0055 0074 0089 0094 0095 0096 0095 0092 0079 0110
0142 0176 0191 0220 0203 0189 0176 0149 0126 0109 0104 0102 0221 1203 0055 2300.
0099 0104 0104 0104 0104 0102 0099 0100 0098 0096 0100 0110
0120 0128 0147 0157 0166 0168 0145 0139 0126 0116 0117 0115 0178 1241 0095 0539.
0115 0114 0115 0114 0108 0096 0087 0089 0066 0108 0113 0128
0142 0155 0175 0218 0308 0310 0260 0212 0146 0093 0078 0070 0320 1325 0066 0453.
0070 0064 0060 0057 0056 0052 0053 0073 0108 0111 0110 0122
0139 0167 0212 0235 0315 0319 0290 0249 0154 0105 0087 0083 0338 1322 0050 0311.
0091 0073 0068 0069 0061 0071 0073 0067 0079 0054 0053 0122
0174 0230 0302 0361 0375 0353 0315 0262 0198 0143 0143 0157 0379 1317 0053 0603.
0161 0164 0164 0163 0162 0160 0159 0158 0156 0157 0158 0165
0166 0185 0198 0211 0200 0207 0191 0195 0167 0159 0156 0154 0218 1212 0150 0430.
0155 0155 0151 0150 0147 0145 0141 0140 0138 0137 0136 0135
0142 0148 0148 0158 0159 0165 0148 0128 0111 0107 0112 0110 0170 1310 0106 1744.
0107 0108 0108 0109 0107 0106 0102 0100 0098 0098 0095 0096
0094 0105 0099 0093 0098 0111 0104 0103 0094 0082 0081 0080 0118 1423 0079 1952.
0076 0070 0070 0067 0066 0056 0055 0053 0047 0043 0044 0053
0067 0085 0085 0124 0135 0142 0098 0105 0084 0073 0073 0070 0187 1212 0042 0540.
0071 0072 0075 0075 0073 0074 0066 0072 0074 0073 0073 0091
0120 0168 0273 0262 0276 0262 0239 0197 0139 0098 0067 0042 0298 1117 0042 1946.
0029 0033 0013 0008 0006 0061 0076 0011 0075 0076 0074 0092
0102 0143 0224 0263 0258 0260 0199 0192 0144 0081 0053 0068 0280 1155 0002 0133.
0046 0095 0075 0073 0036 0038 0034 0025 0068 0084 0028 0103
0166 0230 0276 0314 0310 0307 0269 0221 0167 0100 0106 0101 0335 1211 0023 0344.
0127 0125 0124 0124 0116 0122 0110 0106 0105 0098 0059 0121
0199 0254 0285 0306 0310 0297 0266 0214 0169 0157 0153 0144 0331 1233 0057 0653.
0137 0133 0133 0133 0129 0123 0115 0120 0118 0119 0114 0144
0203 0203 0199 0207 0244 0219 0177 0168 0152 0136 0137 0136 0249 1303 0109 0309.
0131 0135 0134 0130 0129 0122 0121 0111 0116 0121 0124 0157
0168 0230 0276 0239 0313 0235 0219 0186 0163 0153 0144 0141 0360 1320 0101 0533.
0140 0138 0135 0134 0134 0134 0134 0133 0133 0133 0130 0134
0142 0143 0140 0154 0151 0142 0135 0134 0132 0129 0128 0129 0160 1222 0127 1916.
0128 0128 0132 0133 0133 0134 0134 0133 0135 0128 0130 0135
0144 0152 0157 0160 0171 0159 0143 0142 0136 0131 0130 0129 0175 1250 0127 2041.
0126 0125 0127 0127 0125 0122 0121 0118 0121 0118 0115 0121
0128 0133 0151 0146 0156 0153 0150 0140 0135 0129 0127 0127 0174 1108 0115 0700.
0128 0127 0129 0128 0129 0130 0130 0131 0132 0130 0130 0141
0147 0179 0197 0200 0195 0199 0192 0174 0156 0135 0135 0135 0209 1330 0126 2009.
0137 0137 0136 0134 0134 0134 0135 0135 0133 0124 0108 0143
0161 0222 0178 0238 0217 0206 0179 0175 0149 0136 0133 0133 0245 1204 0106 0619.
0131 0128 0123 0126 0127 0126 0122 0126 0125 0126 0123 0128
0135 0150 0163 0183 0181 0179 0163 0148 0137 0132 0127 0128 0191 1210 0117 0310.
0125 0125 0126 0129 0118 0095 0092 0077 0065 0061 0056 0050
0051 0054 0055 0062 0057 0051 0048 0037 0024 0021 0019 0017 0129 2343 0017 1917.
0015 0013 0014 0015 0011 0011 0010 0005 -007 0000 0003 0001
-001 0006 0013 0034 0048 0038 0042 0030 0018 0007 0007 0006 0057 1316 -012 0504.
0011 0013 0005 0010 -010 -035 -039 -031 0007 0015 0014 0023
0053 0062 0092 0091 0113 0089 0060 0054 0039 0030 0030 0027 0117 1254 -043 0320.
0026 0017 0020 0023 0020 0021 0022 0022 0021 0021 0022 0032
0071 0106 0139 0152 0166 0154 0102 0066 0053 0044 0043 0041 0187 1317 0016 2202.
0040 0037 0033 0036 0032 0035 0028 -001 -017 -014 -015 0060
0128 0143 0220 0273 0312 0274 0221 0163 0088 0052 0024 0004 0318 1250 -026 0447.
0001 -013 -027 -011 -027 -031 -032 -036 -040 -042 -045 -006
0129 0218 0287 0309 0309 0299 0226 0169 0094 0035 0007 0004 0321 1223 -045 0653.
-005 0006 -014 -017 -019 -026 -024 -019 -014 -002 -005 0043
0114 0173 0231 0300 0220 0281 0196 0167 0118 0057 0068 0077 0332 1206 -028 0223.
0077 0076 0070 0069 0070 0069 0067 0067 0062 0068 0069 0064
0066 0080 0103 0112 0105 0109 0098 0102 0074 0066 0065 0052 0118 1407 0052 1959.
0056 0059 0063 0009 0011 -019 -011 -005 -006 0004 -012 0048
0095 0172 0156 0247 0234 0223 0202 0160 0095 0052 0044 0031 0278 1349 -028 0243=
=
??????
******
YF
19011




1
1
1
1

1
20161206=
JY
8888=
GK
01/
05/=
BZ
10/03/08;14;20

10/24/24
11/=
######
