57461 3042N 11118E 001331 001343 105 000 S14 11111999919199111991 0 2016 12
PC
0138 0139 0141 0140 0138 0132 0128 0129 0129 0132 0138 0150
0155 0161 0161 0151 0139 0128 0128 0128 0131 0136 0146 0157 0163 1036 0126 0429.
0162 0165 0163 0164 0160 0158 0153 0151 0150 0152 0154 0160
0165 0163 0155 0145 0131 0122 0115 0112 0109 0113 0118 0115 0166 2209 0108 1704.
0119 0120 0122 0115 0114 0109 0104 0102 0098 0101 0105 0110
0115 0119 0110 0094 0080 0071 0068 0068 0071 0072 0079 0078 0124 2225 0067 1532.
0076 0075 0071 0065 0065 0064 0060 0060 0060 0061 0065 0070
0077 0078 0071 0059 0047 0035 0027 0024 0024 0028 0032 0031 0079 0923 0023 1533.
0035 0038 0038 0037 0035 0033 0028 0022 0022 0027 0037 0044
0054 0067 0076 0077 0075 0075 0084 0093 0105 0121 0140 0153 0153 2000 0021 0403.
0163 0170 0176 0180 0185 0186 0183 0178 0174 0174 0172 0170
0166 0164 0154 0137 0116 0101 0091 0088 0087 0089 0094 0096 0187 0153 0087 1635.
0096 0095 0093 0088 0083 0082 0082 0081 0079 0079 0081 0087
0092 0095 0090 0087 0076 0070 0065 0066 0069 0076 0086 0092 0098 2124 0065 1458.
0091 0090 0085 0080 0078 0068 0062 0054 0046 0039 0038 0042
0039 0037 0031 0019 0005 9994 9988 9989 9994 0001 0009 0016 0095 2029 9988 1458.
0015 0015 0015 0014 0014 0016 0019 0022 0023 0030 0037 0043
0048 0049 0040 0028 0015 0007 0004 0008 0021 0030 0039 0048 0051 0940 0003 1442.
0057 0070 0077 0079 0076 0081 0085 0086 0084 0086 0090 0096
0106 0111 0104 0093 0084 0072 0065 0062 0060 0070 0072 0078 0112 1002 0048 2001.
0080 0086 0087 0087 0078 0080 0077 0073 0071 0072 0071 0073
0075 0076 0071 0056 0041 0029 0021 0017 0017 0018 0021 0027 0088 2330 0014 1617.
0034 0040 0043 0036 0031 0031 0030 0028 0023 0026 0033 0043
0048 0054 0054 0049 0042 0039 0039 0041 0044 0049 0055 0061 0061 1953 0023 0500.
0065 0067 0072 0075 0075 0072 0071 0070 0070 0075 0084 0087
0094 0099 0096 0074 0079 0071 0069 0073 0079 0090 0103 0115 0115 1959 0061 2001.
0128 0138 0139 0144 0144 0147 0149 0147 0145 0151 0155 0163
0167 0173 0173 0167 0157 0149 0145 0144 0145 0152 0159 0163 0179 1019 0115 2001.
0169 0173 0174 0176 0173 0173 0173 0174 0171 0173 0174 0178
0181 0187 0186 0178 0166 0159 0155 0154 0158 0167 0177 0181 0188 1009 0154 1508.
0188 0191 0193 0194 0192 0191 0192 0187 0186 0185 0187 0188
0189 0190 0184 0171 0152 0138 0130 0122 0120 0120 0120 0118 0195 2329 0118 1951.
0118 0118 0116 0116 0112 0109 0104 0097 0095 0092 0093 0099
0100 0099 0094 0083 0070 0057 0050 0053 0060 0066 0069 0075 0119 2027 0050 1453.
0077 0078 0083 0080 0074 0071 0071 0071 0068 0065 0066 0073
0076 0082 0078 0065 0052 0033 0034 0036 0041 0043 0050 0056 0084 1010 0031 1408.
0062 0067 0068 0067 0063 0060 0058 0058 0054 0056 0061 0066
0069 0073 0070 0058 0054 0046 0043 0049 0047 0058 0069 0073 0074 0945 0042 1446.
0073 0075 0077 0077 0075 0074 0073 0071 0068 0066 0075 0073
0078 0080 0078 0067 0052 0045 0042 0045 0048 0050 0056 0059 0082 1014 0040 1435.
0063 0067 0065 0062 0059 0057 0057 0051 0059 0066 0068 0083
0088 0088 0098 0095 0081 0080 0082 0089 0098 0108 0111 0120 0120 1959 0048 0412.
0125 0125 0121 0127 0121 0122 0117 0112 0105 0105 0110 0116
0118 0125 0123 0112 0098 0086 0083 0078 0082 0084 0083 0086 0130 2145 0077 1544.
0089 0092 0096 0096 0096 0097 0099 0099 0101 0104 0111 0115
0124 0130 0126 0121 0107 0093 0086 0083 0086 0089 0089 0095 0131 1002 0083 1551.
0098 0098 0097 0093 0090 0086 0083 0083 0079 0083 0090 0093
0094 0092 0090 0082 0073 0061 0055 0053 0061 0064 0067 0072 0101 2232 0052 1532.
0079 0081 0088 0086 0079 0078 0072 0069 0066 0073 0074 0082
0087 0091 0092 0085 0078 0071 0071 0074 0078 0086 0096 0103 0103 1957 0066 0419.
0109 0111 0113 0110 0108 0107 0106 0105 0105 0111 0118 0125
0134 0141 0145 0141 0134 0130 0128 0129 0137 0147 0159 0172 0172 1959 0103 2001.
0177 0185 0191 0195 0196 0197 0197 0192 0193 0200 0203 0207
0208 0211 0208 0195 0176 0161 0155 0152 0153 0154 0157 0159 0212 1004 0152 1527.
0159 0157 0157 0159 0153 0146 0142 0139 0130 0127 0130 0137
0141 0146 0148 0136 0131 0124 0125 0124 0128 0138 0149 0161 0161 2000 0121 1429.
0171 0178 0185 0192 0199 0199 0199 0197 0197 0199 0199 0203
0207 0213 0210 0201 0189 0178 0164 0153 0153 0154 0163 0169 0215 1038 0150 1732.
0169 0169 0170 0169 0163 0158 0152 0149 0139 0144 0147 0151
0156 0163 0158 0146 0133 0122 0115 0112 0115 0120 0125 0130 0171 2244 0111 1546.
0133 0137 0137 0137 0134 0132 0132 0132 0127 0126 0131 0139
0141 0145 0141 0132 0121 0113 0104 0104 0104 0106 0108 0108 0146 0955 0101 1515=
0297 0316 0293 0324
0323 0327 0287 0280
0272 0274 0234 0242
0227 0235 0196 0195
0194 0208 0236 0318
0349 0335 0264 0262
0246 0253 0233 0257
0231 0206 0155 0179
0177 0207 0169 0212
0244 0261 0236 0243
0245 0238 0194 0192
0196 0208 0204 0226
0237 0253 0235 0281
0313 0330 0316 0330
0341 0347 0326 0350
0358 0356 0304 0285
0275 0267 0222 0242
0235 0238 0196 0220
0223 0229 0209 0237
0237 0237 0208 0223
0221 0248 0245 0286
0287 0282 0250 0252
0261 0281 0259 0261
0251 0259 0226 0238
0244 0249 0238 0271
0275 0293 0298 0340
0366 0376 0328 0327
0313 0305 0292 0330
0368 0373 0346 0338
0326 0321 0291 0299
0301 0308 0281 0276=
TB
0096 0090 0086 0082 0074 0072 0069 0074 0068 0072 0070 0071
0073 0081 0104 0123 0138 0146 0152 0144 0136 0125 0115 0096 0152 1457 0066 0315.
0091 0088 0080 0076 0072 0072 0072 0072 0066 0062 0065 0071
0080 0107 0130 0141 0150 0151 0148 0145 0141 0133 0130 0123 0157 1329 0060 0627.
0121 0117 0114 0112 0109 0108 0106 0105 0104 0103 0101 0101
0109 0120 0130 0143 0158 0151 0141 0139 0136 0123 0121 0116 0162 1302 0099 0718.
0115 0108 0101 0100 0092 0088 0081 0078 0075 0072 0069 0068
0087 0124 0156 0185 0203 0214 0218 0217 0195 0177 0152 0140 0222 1532 0066 0738.
0124 0113 0103 0100 0091 0091 0082 0077 0078 0072 0069 0069
0098 0131 0169 0186 0212 0221 0231 0231 0211 0183 0169 0158 0236 1538 0065 0725.
0141 0143 0128 0119 0113 0107 0100 0095 0077 0066 0062 0061
0075 0096 0114 0125 0135 0143 0153 0149 0142 0122 0112 0104 0158 2001 0059 0738.
0092 0084 0077 0072 0071 0067 0065 0066 0059 0056 0056 0061
0071 0089 0110 0133 0152 0171 0176 0174 0164 0143 0130 0116 0181 1515 0056 0545.
0106 0097 0087 0084 0079 0072 0066 0062 0063 0062 0057 0066
0084 0111 0138 0164 0187 0196 0206 0194 0183 0160 0148 0136 0211 1441 0056 0620.
0124 0117 0110 0103 0096 0093 0090 0084 0083 0078 0075 0076
0086 0112 0126 0147 0163 0167 0168 0165 0157 0148 0140 0131 0171 1422 0073 0732.
0122 0112 0107 0105 0099 0089 0091 0083 0078 0079 0074 0076
0081 0089 0101 0108 0109 0116 0119 0118 0114 0113 0111 0107 0131 2001 0074 0656.
0104 0103 0094 0090 0083 0079 0073 0070 0068 0066 0056 0058
0066 0072 0072 0077 0081 0085 0085 0086 0085 0084 0084 0084 0107 2001 0053 0724.
0084 0084 0083 0083 0082 0082 0082 0082 0081 0082 0084 0085
0088 0090 0089 0088 0083 0080 0079 0080 0080 0081 0083 0083 0090 0934 0078 1451.
0084 0084 0084 0085 0085 0086 0086 0086 0086 0087 0086 0087
0091 0099 0109 0113 0114 0116 0117 0116 0113 0107 0107 0098 0118 1420 0083 2001.
0094 0091 0091 0091 0090 0089 0087 0085 0085 0086 0086 0082
0079 0081 0082 0082 0083 0083 0085 0086 0084 0080 0072 0072 0098 2001 0071 1951.
0065 0055 0052 0045 0044 0039 0038 0035 0032 0035 0030 0034
0041 0050 0072 0085 0104 0108 0110 0112 0110 0099 0094 0086 0114 1507 0028 0705.
0081 0079 0070 0065 0058 0055 0051 0049 0045 0042 0037 0045
0052 0062 0090 0102 0115 0124 0130 0123 0112 0095 0086 0079 0130 1434 0037 0659.
0071 0066 0057 0052 0050 0042 0043 0040 0037 0034 0031 0032
0040 0048 0065 0095 0107 0117 0119 0116 0108 0101 0097 0095 0126 1444 0029 0714.
0094 0093 0092 0090 0089 0086 0086 0084 0082 0080 0078 0080
0091 0103 0112 0125 0135 0145 0145 0141 0136 0131 0128 0125 0149 1438 0078 0628.
0120 0118 0116 0114 0109 0110 0109 0109 0107 0106 0106 0107
0114 0116 0124 0126 0127 0130 0131 0129 0126 0120 0120 0117 0131 1334 0106 0559.
0116 0114 0114 0112 0110 0109 0108 0107 0105 0105 0105 0104
0106 0108 0110 0112 0111 0108 0102 0101 0099 0097 0094 0094 0117 2001 0094 1852.
0090 0091 0091 0089 0090 0090 0088 0086 0083 0083 0082 0085
0087 0094 0096 0101 0102 0103 0102 0103 0103 0103 0102 0100 0105 1333 0082 0421.
0095 0099 0093 0093 0092 0092 0088 0081 0076 0074 0077 0077
0079 0081 0097 0116 0121 0143 0141 0135 0121 0111 0101 0092 0146 1426 0073 0518.
0089 0085 0079 0071 0070 0069 0075 0074 0072 0072 0074 0076
0078 0084 0095 0103 0103 0102 0105 0105 0103 0100 0099 0099 0107 1530 0068 0112.
0097 0097 0094 0092 0091 0090 0089 0088 0085 0082 0079 0076
0076 0078 0082 0084 0087 0087 0085 0085 0082 0079 0079 0077 0099 2001 0075 0812.
0075 0072 0068 0067 0065 0066 0064 0061 0058 0053 0051 0053
0052 0052 0050 0050 0048 0047 0047 0048 0050 0049 0050 0052 0077 2001 0046 1352.
0054 0055 0055 0051 0053 0053 0053 0054 0055 0056 0055 0055
0058 0059 0063 0068 0072 0072 0078 0079 0079 0077 0077 0072 0082 1511 0051 2355.
0068 0063 0056 0056 0055 0041 0051 0051 0044 0049 0047 0044
0043 0047 0064 0085 0100 0109 0111 0102 0093 0084 0081 0078 0112 1438 0040 0146.
0074 0068 0062 0057 0054 0045 0039 0036 0036 0033 0034 0029
0043 0049 0057 0068 0074 0078 0086 0088 0082 0070 0064 0055 0090 1544 0029 0730.
0046 0044 0040 0035 0033 0029 0024 0025 0024 0022 0024 0027
0030 0036 0050 0073 0091 0097 0097 0095 0088 0079 0065 0058 0101 1423 0020 0524.
0051 0044 0037 0032 0028 0024 0021 0016 0014 0015 0017 0014
0023 0034 0043 0049 0058 0065 0070 0073 0070 0059 0056 0052 0074 1549 0012 0633.
0048 0040 0037 0033 0031 0027 0026 0030 0031 0025 0025 0026
0036 0041 0050 0061 0066 0072 0078 0077 0075 0072 0072 0070 0080 1526 0024 0711=
IB
=
0075 0071 0078 0073 0070 0069 0062 0071 0061 0066 0064 0070
0067 0075 0082 0074 0062 0074 0051 0047 0042 0052 0062 0067.
0071 0068 0065 0069 0066 0063 0068 0068 0056 0053 0058 0068
0072 0068 0066 0055 0029 0020 0010 0021 0036 0045 0049 0052.
0050 0051 0063 0057 0063 0077 0071 0074 0075 0079 0068 0079
0080 0081 0070 0025 0033 0050 0065 0063 0067 0068 0066 0065.
0070 0082 0080 0079 0073 0073 0070 0074 0066 0069 0066 0061
0079 0079 0061 0039 0012 0016 0020 0019 0028 0039 0046 0051.
0051 0068 0053 0058 0053 0062 0063 0057 0059 0057 0052 0058
0062 0058 0032 0044 0025 0022 0026 -004 -027 -044 -049 -059.
-032 -055 -062 -056 -061 0004 0006 -012 0011 0001 0007 0002
0016 0005 -010 -007 -020 -022 -017 -025 -022 0000 0006 0015.
0018 0028 0030 0027 0026 0033 0028 0036 0042 0033 0041 0039
0048 0055 0049 0062 0054 0027 0052 0026 0035 0022 0025 0048.
0058 0070 0056 0059 0055 0050 0052 0044 0051 0052 0048 0054
0065 0048 0047 0054 0062 0053 0054 0055 0052 0053 0066 0067.
0071 0070 0075 0075 0074 0081 0073 0072 0074 0064 0063 0070
0078 0079 0079 0080 0078 0062 0060 0058 0059 0064 0056 0053.
0051 0044 0048 0049 0049 0049 0039 0038 0040 0019 0015 -001
0008 -002 -001 0019 0009 0015 0010 0012 0024 0018 0016 -004.
-004 0001 0011 -001 0008 0009 0014 0011 0015 0021 0024 0024
0029 0027 0033 0026 0026 0039 0029 0028 0037 0033 0033 0037.
0040 0046 0038 0039 0046 0044 0046 0048 0047 0046 0048 0051
0048 0054 0045 0048 0064 0063 0068 0071 0071 0072 0075 0069.
0076 0072 0078 0079 0079 0080 0074 0074 0080 0081 0080 0081
0085 0078 0065 0060 0057 0053 0051 0059 0064 0061 0042 0044.
0038 0037 0041 0043 0042 0039 0049 0041 0043 0034 0032 0014
0013 0006 0000 0000 -002 0000 -003 0006 0009 0009 0011 0019.
0016 0020 0013 0015 0026 0023 0025 0028 0020 0029 0024 0030
0032 0044 0045 0019 0030 0043 0028 0030 0033 0041 0038 0034.
0038 0043 0052 0043 0041 0045 0039 0039 0038 0032 0033 0038
0045 0059 0061 0035 0038 0011 0014 0030 0028 0035 0028 0034.
0032 0036 0034 0032 0041 0029 0036 0033 0025 0025 0022 0022
0037 0045 0047 0037 0033 0024 0029 0021 0019 0020 0021 0021.
0025 0039 0032 0034 0043 0036 0046 0050 0046 0053 0051 0056
0060 0061 0049 0037 0044 0036 0042 0044 0047 0053 0052 0050.
0054 0054 0053 0067 0063 0067 0063 0066 0066 0073 0073 0081
0071 0075 0069 0064 0065 0057 0062 0069 0075 0075 0073 0072.
0073 0071 0073 0079 0075 0083 0075 0076 0079 0077 0077 0080
0078 0066 0062 0067 0070 0071 0073 0079 0083 0075 0080 0080.
0076 0085 0085 0080 0085 0082 0080 0083 0075 0075 0079 0077
0083 0089 0088 0082 0073 0079 0069 0074 0074 0072 0083 0079.
0079 0082 0077 0087 0086 0081 0077 0070 0072 0070 0070 0073
0070 0075 0075 0085 0074 0076 0074 0077 0062 0074 0084 0073.
0080 0077 0067 0064 0064 0058 0064 0065 0063 0065 0067 0067
0069 0069 0079 0075 0068 0069 0063 0063 0070 0065 0066 0075.
0075 0080 0073 0073 0080 0071 0074 0080 0076 0071 0062 0069
0065 0054 0058 0057 0054 0062 0058 0065 0057 0054 0057 0062.
0060 0058 0056 0056 0045 0052 0049 0046 0049 0041 0045 0046
0045 0045 0038 0038 0042 0038 0038 0042 0040 0039 0043 0045.
0048 0049 0045 0047 0049 0047 0043 0047 0046 0044 0048 0048
0049 0047 0043 0050 0050 0055 0051 0050 0057 0053 0060 0058.
0059 0057 0047 0047 0051 0034 0044 0048 0041 0042 0044 0041
0040 0038 0042 0041 0009 -025 -004 -012 -009 -009 -009 -004.
0002 0007 0009 0007 0008 0017 0013 0015 0026 0021 0022 0016
0013 0010 0001 0007 0008 0003 0001 0008 0011 0011 0013 0014.
0015 0011 0019 0022 0024 0017 0017 0019 0020 0013 0020 0023
0023 0033 0040 0026 -028 -023 -039 -041 -040 -030 -014 -014.
-011 -012 -013 -010 -006 0001 0008 0004 0005 0003 0010 0002
0017 0013 0010 0012 0011 0010 0015 0016 0017 0014 0023 0027.
0022 0020 0021 0021 0018 0020 0020 0026 0028 0018 0018 0023
0033 0038 0041 0041 0038 0033 0035 0037 0041 0036 0038 0031=
EA
104 101 106 102 100 099 094 101 094 097 096 100
098 104 108 103 095 103 088 085 082 088 095 098.
100 098 096 099 097 095 098 098 091 089 092 099
102 099 097 090 075 070 066 071 079 084 087 089.
087 088 096 092 095 105 101 103 103 106 099 106
107 108 100 073 077 087 096 095 098 099 097 097.
100 109 107 107 102 102 100 103 097 099 097 094
107 106 094 081 067 069 070 070 075 081 085 088.
088 099 089 092 089 095 096 091 093 091 088 092
094 092 077 084 073 072 073 059 050 044 042 039.
048 041 038 040 039 063 064 056 066 061 064 062
068 063 057 058 053 052 054 051 052 061 064 068.
070 075 076 074 074 077 074 079 083 077 082 081
086 090 087 095 090 074 089 073 078 072 073 086.
092 100 091 093 091 087 089 083 088 088 086 090
097 086 085 089 095 089 090 090 088 089 098 098.
101 100 104 104 103 108 102 101 103 096 095 100
106 106 106 107 106 095 094 092 093 096 091 089.
088 084 086 086 087 087 081 080 081 070 068 061
065 060 061 070 065 068 065 066 073 070 069 059.
059 061 066 061 065 065 067 066 068 071 073 073
075 074 077 074 073 081 075 075 080 077 077 079.
082 085 080 081 085 084 085 086 085 085 086 088
086 089 084 086 096 095 099 101 101 101 104 100.
105 101 106 106 106 107 103 103 107 108 107 108
111 106 096 094 092 089 088 093 096 094 082 084.
080 080 082 083 083 081 087 082 083 078 077 067
067 064 061 061 060 061 060 064 065 065 066 070.
069 070 067 068 074 072 073 075 071 075 073 076
077 084 084 070 076 083 075 076 077 082 080 078.
080 083 088 083 082 084 081 081 080 077 077 080
084 093 094 078 080 066 067 076 074 078 075 078.
077 079 078 077 082 075 079 077 073 073 072 071
080 084 085 080 077 073 075 071 070 070 071 071.
073 081 077 078 083 079 085 087 085 089 088 091
094 094 086 080 084 079 083 084 086 089 089 087.
090 090 089 098 095 098 095 098 098 102 102 108
101 104 099 096 097 091 095 100 104 104 102 102.
102 101 102 106 104 109 104 104 107 105 105 107
106 097 094 098 100 101 102 106 110 103 107 107.
104 111 111 107 111 109 108 109 104 104 106 105
109 114 113 109 102 106 099 103 103 101 109 107.
107 108 105 112 112 108 105 100 101 100 100 102
100 104 103 111 103 104 103 105 095 103 110 102.
107 105 098 096 096 092 096 097 095 096 098 098
099 099 107 104 099 099 095 095 100 097 098 104.
103 107 103 102 107 101 103 108 104 101 095 099
097 090 092 091 090 094 092 096 091 089 092 095.
093 092 091 091 084 089 086 085 087 082 084 085
084 084 080 080 083 080 080 083 081 081 083 084.
086 087 084 085 086 085 083 085 085 084 086 086
087 085 083 087 087 090 088 087 092 089 093 092.
093 092 085 085 088 078 083 086 082 082 084 082
081 080 083 082 065 051 059 056 057 057 057 059.
062 064 065 064 065 069 067 068 073 071 072 068
067 066 061 064 065 062 061 065 066 066 067 068.
068 066 070 071 073 069 069 070 070 067 070 072
072 077 081 074 050 052 046 045 045 049 055 055.
056 056 056 057 058 062 065 063 064 063 066 062
069 067 066 067 066 066 068 068 069 068 072 074.
071 071 071 071 069 070 071 073 075 069 069 072
077 080 082 082 080 077 078 080 082 079 080 076=
UB
87 88 95 94 97 98 95 98 95 96 96 99
96 96 86 72 60 62 51 52 53 61 70 82 48 1503.
87 87 90 95 96 94 97 97 93 94 95 98
95 77 65 56 44 41 39 43 49 55 58 62 38 1503.
62 64 71 69 73 81 79 81 82 85 80 86
82 77 67 45 43 51 60 60 63 69 69 71 41 1235.
74 84 87 87 88 90 93 97 94 98 98 95
95 74 53 38 28 27 27 27 33 40 49 55 23 1547.
61 74 71 75 77 82 88 87 88 90 89 93
78 61 40 39 29 27 26 21 20 21 22 22 19 1549.
30 25 26 29 29 49 52 47 63 63 68 66
66 53 42 40 34 32 31 30 32 43 48 54 22 2003.
60 68 72 73 73 79 77 81 89 85 90 86
85 79 66 62 52 38 44 37 42 44 49 63 36 1624.
72 83 81 84 85 86 91 88 92 93 94 92
88 65 54 48 44 39 37 40 42 49 58 63 36 1445.
70 73 79 83 86 92 89 92 94 91 92 96
95 80 73 64 57 50 49 49 52 57 57 59 47 1422.
62 63 67 68 71 76 70 73 77 66 66 58
60 53 49 54 50 50 47 48 54 52 52 46 44 1943.
47 49 56 53 59 61 66 66 69 73 80 79
77 73 76 70 68 73 68 67 72 70 70 72 45 2004.
74 77 73 74 78 77 78 79 79 78 78 79
76 78 74 76 88 89 93 94 94 94 95 91 70 2001.
95 92 96 96 96 96 92 92 96 96 96 96
96 87 74 70 68 65 64 68 72 73 64 69 62 1844.
68 69 71 72 72 71 77 74 75 70 69 62
63 59 56 56 55 56 54 57 59 61 65 69 53 1418.
71 78 76 81 88 89 91 95 92 96 96 97
94 96 83 63 60 64 57 57 59 67 68 70 54 1545.
74 78 88 86 89 93 92 93 95 93 97 95
95 98 82 63 59 46 45 53 56 66 67 73 41 1437.
76 81 85 87 94 91 95 95 92 94 94 93
98 98 88 67 60 53 54 52 54 57 59 60 48 1435.
62 69 66 68 73 71 76 79 78 83 83 85
81 75 65 55 54 48 50 52 55 59 60 60 46 1405.
64 65 65 73 73 75 73 75 76 80 80 84
75 76 69 66 66 61 63 67 71 74 73 74 60 2002.
75 75 76 80 79 84 80 81 84 83 83 85
83 75 72 74 76 78 82 86 90 86 91 91 70 1216.
91 96 96 94 97 95 95 98 95 95 98 95
97 97 95 88 82 85 80 82 82 81 88 87 79 1504.
90 89 90 96 96 93 93 93 97 97 95 97
94 96 86 81 73 64 64 68 67 78 89 88 59 1419.
94 95 92 95 96 93 93 94 94 95 95 94
94 90 90 83 79 80 75 75 80 79 80 85 73 1451.
86 89 87 88 93 88 90 95 94 93 89 95
93 85 85 83 80 84 83 87 84 84 86 90 79 1230.
90 91 92 93 87 91 90 90 94 92 96 95
95 95 92 92 96 94 94 96 93 93 95 95 87 2001.
96 96 93 97 97 96 93 95 94 92 95 95
94 92 87 88 86 89 83 82 86 85 89 91 81 1609.
94 96 94 94 97 95 95 98 98 95 98 98
98 94 86 74 53 39 45 45 49 52 53 56 38 1408.
60 65 69 70 72 82 83 86 93 92 92 91
81 76 67 65 63 59 55 57 61 66 70 75 53 1531.
80 79 86 91 94 92 95 96 97 94 97 97
95 98 93 72 43 43 38 38 40 46 57 60 36 1544.
64 67 70 74 78 85 91 92 94 92 95 92
96 86 79 77 72 68 68 67 69 73 79 84 59 2001.
83 87 89 92 91 95 96 97 98 95 95 98
98 98 94 87 82 76 74 76 79 78 79 76 72 1423=
N=
H=
C=
V=
R6
0000 0000 0000
0000 0000 0000
0000 0000 0000
0000 0000 0000
0000 0000 0000
0000 0000 0000
0000 0000 0000
0000 0000 0000
0000 0000 0000
0000 0000 0000
0000 0000 0000
0000 0028 0028
0000 0000 0000
0000 0000 0000
0000 0000 0000
0000 0000 0000
0000 0000 0000
0000 0000 0000
0000 0000 0000
0000 0008 0008
0140 0001 0141
0000 0000 0000
0000 0000 0000
0010 0006 0016
0088 0038 0126
0002 0000 0002
0000 0000 0000
0000 0000 0000
0000 0000 0000
0000 0000 0000
0000 0000 0000=
0000 0000 0000 0000 0000 0000 0000 0000 0000 0000 0000 0000
0000 0000 0000 0000 0000 0000 0000 0000 0000 0000 0000 0000.
0000 0000 0000 0000 0000 0000 0000 0000 0000 0000 0000 0000
0000 0000 0000 0000 0000 0000 0000 0000 0000 0000 0000 0000.
0000 0000 0000 0000 0000 0000 0000 0000 0000 0000 0000 0000
0000 0000 0000 0000 0000 0000 0000 0000 0000 0000 0000 0000.
0000 0000 0000 0000 0000 0000 0000 0000 0000 0000 0000 0000
0000 0000 0000 0000 0000 0000 0000 0000 0000 0000 0000 0000.
0000 0000 0000 0000 0000 0000 0000 0000 0000 0000 0000 0000
0000 0000 0000 0000 0000 0000 0000 0000 0000 0000 0000 0000.
0000 0000 0000 0000 0000 0000 0000 0000 0000 0000 0000 0000
0000 0000 0000 0000 0000 0000 0000 0000 0000 0000 0000 0000.
0000 0000 0000 0000 0000 0000 0000 0000 0000 0000 0000 0000
0000 0000 0000 0000 0000 0000 0000 0000 0000 0000 0000 0000.
0000 0000 0000 0000 0000 0000 0000 0000 0000 0000 0000 0000
0000 0000 0000 0000 0000 0000 0000 0000 0000 0000 0000 0000.
0000 0000 0000 0000 0000 0000 0000 0000 0000 0000 0000 0000
0000 0000 0000 0000 0000 0000 0000 0000 0000 0000 0000 0000.
0000 0000 0000 0000 0000 0000 0000 0000 0000 0000 0000 0000
0000 0000 0000 0000 0000 0000 0000 0000 0000 0000 0000 0000.
0000 0000 0000 0000 0000 0000 0000 0000 0000 0000 0000 0000
0000 0000 0000 0000 0000 0000 0000 0000 0000 0000 0000 0000.
0000 0000 0000 0000 0000 0000 0000 0000 0000 0000 0000 0000
0000 0000 0000 0000 0006 0006 0010 0005 0000 0000 0001 0000.
0000 0000 0000 0000 0000 0000 0000 0000 0000 0000 0000 0000
0000 0000 0000 0000 0000 0000 0000 0000 0000 0000 0000 0000.
0000 0000 0000 0000 0000 0000 0000 0000 0000 0000 0000 0000
0000 0000 0000 0000 0000 0000 0000 0000 0000 0000 0000 0000.
0000 0000 0000 0000 0000 0000 0000 0000 0000 0000 0000 0000
0000 0000 0000 0000 0000 0000 0000 0000 0000 0000 0000 0000.
0000 0000 0000 0000 0000 0000 0000 0000 0000 0000 0000 0000
0000 0000 0000 0000 0000 0000 0000 0000 0000 0000 0000 0000.
0000 0000 0000 0000 0000 0000 0000 0000 0000 0000 0000 0000
0000 0000 0000 0000 0000 0000 0000 0000 0000 0000 0000 0000.
0000 0000 0000 0000 0000 0000 0000 0000 0000 0000 0000 0000
0000 0000 0000 0000 0000 0000 0000 0000 0000 0000 0000 0000.
0000 0000 0000 0000 0000 0000 0000 0000 0000 0000 0000 0000
0000 0000 0000 0000 0000 0000 0000 0000 0000 0000 0000 0000.
0000 0000 0000 0000 0000 0000 0000 0000 0000 0000 0000 0000
0000 0000 0000 0000 0000 0000 0004 0002 0002 0000 0000 0000.
0009 0001 0019 0023 0005 0045 0031 0005 0001 0000 0001 0000
0000 0001 0000 0000 0000 0000 0000 0000 0000 0000 0000 0000.
0000 0000 0000 0000 0000 0000 0000 0000 0000 0000 0000 0000
0000 0000 0000 0000 0000 0000 0000 0000 0000 0000 0000 0000.
0000 0000 0000 0000 0000 0000 0000 0000 0000 0000 0000 0000
0000 0000 0000 0000 0000 0000 0000 0000 0000 0000 0000 0000.
0000 0000 0000 0000 0000 0000 0000 0001 0001 0001 0002 0005
0001 0000 0000 0000 0000 0000 0000 0002 0000 0000 0000 0003.
0001 0015 0018 0001 0000 0001 0006 0005 0011 0011 0018 0001
0004 0000 0000 0000 0000 0005 0013 0010 0005 0000 0000 0001.
0000 0000 0000 0000 0000 0000 0000 0000 0000 0001 0000 0001
0000 0000 0000 0000 0000 0000 0000 0000 0000 0000 0000 0000.
0000 0000 0000 0000 0000 0000 0000 0000 0000 0000 0000 0000
0000 0000 0000 0000 0000 0000 0000 0000 0000 0000 0000 0000.
0000 0000 0000 0000 0000 0000 0000 0000 0000 0000 0000 0000
0000 0000 0000 0000 0000 0000 0000 0000 0000 0000 0000 0000.
0000 0000 0000 0000 0000 0000 0000 0000 0000 0000 0000 0000
0000 0000 0000 0000 0000 0000 0000 0000 0000 0000 0000 0000.
0000 0000 0000 0000 0000 0000 0000 0000 0000 0000 0000 0000
0000 0000 0000 0000 0000 0000 0000 0000 0000 0000 0000 0000.
0000 0000 0000 0000 0000 0000 0000 0000 0000 0000 0000 0000
0000 0000 0000 0000 0000 0000 0000 0000 0000 0000 0000 0000=
0000 ////////// 00000=
W=
LA
=
000 000 001 000 001 000 001 000 002 000 000 000
001 000 002 002 001 000 002 000 000 001 000 001 015.
000 001 000 001 001 000 001 001 000 000 000 001
000 002 005 000 003 000 000 000 002 000 000 001 019.
000 000 000 001 000 000 000 000 001 000 000 001
000 000 002 001 004 000 000 001 000 001 001 001 014.
000 000 000 000 001 000 001 000 000 000 001 000
001 002 005 002 002 004 001 000 000 000 001 000 021.
000 001 000 000 000 001 001 000 001 001 000 000
001 003 006 000 003 002 001 000 001 002 000 001 025.
000 002 000 000 001 002 000 001 000 000 001 000
001 002 004 002 002 002 001 000 000 000 000 000 021.
000 001 000 000 000 001 001 000 001 000 000 001
001 000 001 001 002 004 000 001 000 001 000 000 016.
000 000 000 000 000 001 000 000 001 001 000 000
002 002 003 002 001 004 001 000 001 000 001 000 020.
001 001 000 000 001 000 001 000 000 002 000 000
000 001 002 002 002 001 000 001 000 001 000 001 017.
000 000 002 000 001 000 000 001 000 000 002 000
000 002 001 001 001 000 002 000 001 000 001 001 016.
001 000 001 001 000 000 001 001 000 000 001 001
000 000 002 000 002 000 001 000 000 000 002 000 014.
001 000 000 000 000 001 000 001 000 000 000 000
000 002 000 000 000 000 002 002 000 000 001 000 010.
001 000 001 001 000 001 000 000 001 000 000 000
001 000 001 001 001 000 000 000 002 000 002 000 013.
001 000 000 000 000 002 000 000 001 000 001 000
002 000 000 001 002 000 001 002 000 001 000 000 014.
000 001 000 000 000 001 000 001 000 000 001 000
002 000 001 002 003 000 000 000 000 000 000 001 013.
000 000 001 000 001 000 000 000 000 000 000 000
000 002 001 002 002 002 000 000 000 000 000 002 013.
000 000 002 000 002 000 000 001 001 000 000 000
001 000 001 003 002 003 000 000 001 001 000 000 018.
001 000 000 000 001 001 000 001 000 001 000 000
001 000 002 001 002 001 002 000 000 001 000 000 015.
001 000 000 000 001 001 000 000 000 000 001 000
000 000 001 000 000 000 000 001 000 000 000 000 006.
002 000 000 002 000 001 000 001 001 000 001 000
000 000 001 000 000 000 000 000 000 001 000 000 010.
001 001 002 004 000 005 004 001 001 000 001 000
000 002 001 000 000 000 000 001 001 000 001 000 026.
000 000 000 000 000 000 000 000 001 000 000 000
002 000 000 003 002 003 000 000 000 000 000 000 011.
001 000 001 000 001 000 000 001 000 001 000 001
000 001 000 000 000 001 001 000 001 000 000 000 010.
001 000 000 000 000 000 000 001 000 001 000 000
000 000 000 001 001 000 000 002 000 000 000 001 008.
000 001 003 001 000 000 000 003 000 001 005 000
000 001 001 000 000 002 001 002 002 000 000 002 025.
000 000 000 000 000 000 001 000 000 000 000 001
000 001 000 000 000 000 001 000 000 001 001 000 006.
001 000 000 001 000 000 002 000 000 000 000 001
000 001 001 003 002 003 001 000 000 000 000 001 017.
000 000 000 001 001 001 000 001 000 001 000 001
000 001 001 000 002 002 000 000 000 001 000 000 013.
001 001 000 000 001 000 001 001 000 000 000 001
000 000 002 001 003 002 002 000 001 000 000 001 018.
000 000 001 000 001 000 000 001 001 000 000 000
000 001 001 000 001 001 001 000 001 000 000 000 010.
000 001 000 002 000 000 000 000 000 000 000 001
000 000 001 000 001 000 001 001 000 000 001 000 009=
Z=
G=
FN
PPC000 357010 324011 325006 255007 004008
002007 305008 357005 025008 209007 198006
173014 341009 142012 084013 203007 130016
161025 127021 099017 134019 110013 066007.
063007 243005 037007 307007 357008 PPC000
320003 045005 274006 307006 057006 245007
283010 072013 183013 148010 171021 099016
132015 152014 122022 104013 125013 082010.
101011 009007 099005 PPC002 342003 222007
PPC002 PPC002 066005 067005 PPC001 347006
323010 062005 260006 111007 205007 131027
127019 115015 096016 035008 038006 002006.
297006 248004 239004 012006 042007 253009
331016 318018 335012 317011 352008 342007
357013 257011 310016 303018 345014 276015
329011 094012 151021 162016 055009 026005.
331018 286006 283005 044007 360005 005010
359008 252007 358007 153004 293005 320008
011008 278005 093018 168022 271009 090020
180015 053008 013017 138025 096010 145015.
103015 117012 168011 142007 133013 170018
157015 142013 049008 052007 023006 055011
339010 065013 078012 085009 340013 098006
171018 132015 121012 079008 263004 007007.
337014 271006 285006 265006 243007 063005
030006 338009 285008 270005 360006 303006
349007 184003 PPC001 263006 126014 070013
248010 147014 117007 078010 016009 326009.
029008 337013 332007 022008 012012 240005
327008 268006 PPC002 259009 356005 171005
326005 224010 194014 134016 139017 136020
160031 134024 089013 076011 059008 346009.
343011 313007 334017 353009 342010 004008
011004 206006 315007 PPC002 316008 346008
333007 175006 303009 294013 174015 173020
160019 165022 131010 150013 179016 170015.
165010 128018 126017 131013 PPC001 084013
125014 071005 102012 126020 129018 165021
091010 123012 136007 071006 138021 107012
211010 188008 006007 275012 227015 158021.
151015 167014 160015 175021 075012 105012
114009 175015 148010 138009 054007 064009
015007 126009 184006 007007 095009 179009
182012 091009 346004 082014 135011 097010.
PPC001 171005 097009 115006 PPC000 333004
PPC000 259004 338007 333006 153006 182007
086006 173005 129016 114009 221009 245007
PPC000 177007 218006 256005 208007 259008.
269008 PPC002 313003 301004 260011 274013
134007 056003 032005 100006 PPC002 197004
PPC000 150007 168011 193014 144008 180020
134014 135014 208006 212007 110023 137016.
082008 179014 147018 154009 194005 159007
077007 244008 160008 213012 126015 143019
154024 165019 169019 119018 218018 229019
243011 285008 237008 PPC002 169008 115011.
061007 091007 070007 091006 325009 156004
234007 307006 255008 232003 PPC001 317006
209012 243010 174011 210015 158014 113010
099022 069016 082006 071016 121016 071008.
097006 226009 344004 021009 021008 275009
PPC000 032004 284006 266008 320009 306006
PPC002 305010 168011 144014 156024 163040
128017 146026 075012 062011 063008 061012.
093006 016008 PPC002 PPC002 275011 213006
315007 061004 PPC001 014008 PPC002 283006
316006 188005 216008 169015 134016 079013
149015 125015 125022 067012 092007 PPC000.
109006 221006 268008 349005 078005 008006
227009 269004 PPC000 PPC002 201005 305006
058007 263006 314009 114016 140015 117015
148024 129025 099010 102010 109010 132013.
095004 PPC002 285007 263008 140005 310006
PPC001 005004 007007 206005 326007 PPC001
297006 338008 307005 135008 155010 210009
163009 125009 112020 131017 154009 052008.
044006 162009 115009 127007 120003 060005
099008 099005 097008 097007 125012 314007
114012 079009 103010 142015 133016 159013
126005 331005 134008 143014 140018 144011.
098016 151010 054005 134008 131010 118008
108011 108015 106017 155014 111015 164014
159008 185009 188008 103010 128031 162015
128015 132015 PPC001 158009 231009 123005.
PPC000 159004 348004 243008 PPC002 PPC000
005008 019004 PPC001 PPC002 002003 339008
026014 142005 115012 223011 054011 178016
129021 166025 129020 107011 093011 PPC001.
184007 254007 328007 269004 309006 360009
140009 356005 345006 136010 054012 157010
133011 160009 207009 095011 176008 155015
165014 078005 064004 084004 PPC002 230009.
233003 037003 316008 238007 240006 259007
195006 330004 304005 230008 285014 251011
269013 225008 271012 353004 PPC000 225010
161010 167006 299007 343007 334005 155008.
243003 093012 118008 099007 105010 179008
170012 164016 162017 157019 164020 161015
140015 136025 134020 134016 119016 139021
131022 140016 130015 133010 114011 070003.
258008 158004 162007 101018 107012 113010
097011 127009 139005 079003 097014 PPC000
038006 049004 346003 100006 117009 064011
147007 153006 057007 072009 084007 136003.
284006 275009 080008 108004 054007 004010
359009 253009 351013 253010 250011 247012
248009 278018 196012 132021 111021 165025
144023 129026 155018 150018 128009 121006.
087009 100009 076010 107010 094009 085010
026006 PPC000 251008 057004 010008 043006
135009 015010 055013 053008 159015 150006
120013 168018 129012 090012 097013 089004.
066005 057003 PPC002 266006 246007 316007
232004 303003 002006 040006 022006 319005
332006 270010 335010 191011 192020 083014
131023 163018 164019 120022 116014 095011.
071008 109009 070008 003005 001004 220005
313004 PPC001 182005 358007 153009 282005
206006 173011 071008 082018 111013 136019
121015 156013 111005 068006 201009 284009.
278009 247004 PPC000 282006 323004 257006
299006 341010 245007 PPC001 101004 PPC000
336006 201010 PPC001 143008 132014 170009
150014 157012 068007 070008 106007 124008=
232004 353010 347008 313008 254004 016008
013008 318009 278004 020008 304009 250007
197013 344008 160014 106012 298010 138014
151022 126018 111020 120020 115014 057007.
029009 233008 034008 290008 358007 331003
322003 050007 302005 300004 029004 232007
316009 048010 292008 110014 166018 117016
130016 152015 126020 111010 118013 075008.
107010 011005 085003 066004 351006 199005
311004 PPC001 051006 048006 335005 352006
334010 209005 233008 168010 185010 125030
131022 109014 107015 030007 051008 006008.
276008 295007 292006 002007 019008 272007
349011 324014 299010 332010 013005 330008
350011 286009 310014 288019 316016 291013
326013 038007 150021 160019 060011 013009.
332016 298007 318010 356004 357007 000005
347008 274008 009008 106006 329006 296008
027007 309007 096016 163019 244008 113020
183017 047013 043020 127025 118014 151018.
111016 120016 164012 141009 147013 164023
171015 147013 054010 050006 041006 013010
317006 051009 066010 331008 272012 099012
133016 123015 132014 075009 272004 354007.
339017 304007 294006 279005 237008 041005
039006 339010 276009 282006 018006 288006
340009 237008 305005 248007 103013 154012
185010 154013 119007 088010 030007 327011.
019009 329012 017003 019009 007013 234003
343006 242005 335005 243009 041007 063004
354009 185011 232012 115014 150016 121022
158025 130023 098014 081011 067009 338010.
337013 324009 342019 341011 325007 358009
355004 217006 316008 247005 317009 351007
334006 112006 315010 327009 253014 154020
141018 155019 135014 153015 166010 170013.
148013 122015 111018 121013 075005 075010
119012 020005 107011 136015 127019 145017
101011 165013 162007 228009 140018 143010
175012 218010 006008 283008 213011 156020.
145012 146013 154018 169020 104011 117010
117010 143010 151012 148013 053006 072008
034007 085007 050006 000006 068008 168010
192009 102012 071005 074010 105014 100011.
PPC000 224004 120006 110007 PPC000 PPC002
349003 264006 348007 PPC002 152004 158009
125006 165011 148014 111009 227007 241008
PPC000 207006 239006 237003 190006 274006.
260004 051005 PPC002 283003 263011 275012
147008 068005 039005 102007 101005 PPC002
313003 179008 169012 160019 157012 152015
171012 138011 179007 212007 116020 140022.
132011 159014 151014 158010 174007 153007
170004 233005 173006 212015 137014 155023
165017 152016 140019 143015 206018 223014
254012 252011 299007 089003 156006 114013.
087009 069007 061006 104006 326008 200006
217006 290005 236007 218004 274004 285003
224011 250010 213007 223012 169011 144015
099015 096018 073008 075015 107016 073009.
077007 211009 PPC002 026009 014008 270009
PPC002 039005 285005 265007 309009 304007
294003 333009 182012 107013 153020 152028
127019 149020 080012 065011 057011 059011.
092006 010008 337005 312007 279010 239006
297009 089004 356006 007007 PPC002 266005
343007 220008 240011 118014 132014 092013
116016 114019 128025 084012 079009 097003.
097006 208006 281008 344006 068003 PPC002
225008 300006 PPC000 300006 231005 280008
083005 345006 334008 133014 131016 117017
165024 135024 104012 105010 112012 120013.
099004 PPC000 277005 273007 148005 314004
360005 020005 357006 187007 310005 005003
312004 315007 317007 142005 162008 209008
166008 118009 111017 132016 139011 057008.
062009 170009 131010 105007 117004 064007
112008 117007 113006 104008 145016 041009
114010 123013 103010 138012 146015 172015
141006 004003 118006 117010 153017 122011.
103012 151014 089009 123011 132009 097008
121014 110015 124015 170009 126015 154016
141006 171009 213011 098009 132024 148020
123014 134015 003003 154011 205009 169005.
138004 176005 341007 198006 158005 278003
007007 335006 037006 030003 355005 343009
032011 354004 143011 157011 144017 188018
151021 150025 114017 113013 089014 098003.
198006 285007 304008 251003 288006 016009
141010 331005 342006 133010 063010 170008
151009 171009 218008 100011 141010 160014
148010 139007 PPC001 PPC002 078005 232008.
PPC002 243007 301009 226007 247004 299006
223004 PPC002 285007 249008 271012 253012
269010 247009 279009 356004 005003 230008
156010 185005 303006 334009 331007 120009.
217003 133008 133007 134009 144010 173010
182010 158012 160018 158022 157023 157014
137019 134022 132026 124016 132019 136022
124018 143016 144019 121013 127010 099006.
286006 187003 165006 100017 099012 107015
109013 106009 116006 PPC001 093015 076004
062006 073005 342005 PPC002 158007 095011
158006 156008 074008 075007 093008 109003.
285008 292007 037004 096004 074005 360012
349008 225010 355015 288010 284008 257010
315005 263014 188013 125016 121025 132025
153025 120027 143019 139022 132008 118008.
083008 080008 089011 101009 098009 078010
047006 PPC000 289007 087004 359007 045008
126010 054010 037012 052011 123013 132011
138016 161014 129014 092016 103016 081008.
070007 059005 285004 300006 224008 320007
230006 290004 005006 047004 015008 293004
301007 294006 325010 234010 188012 060011
146018 144021 151018 129018 112015 108013.
071008 104008 061008 029006 360006 252004
PPC001 298005 208005 355006 151008 284004
PPC002 133011 097012 107016 127019 126020
120015 145016 138007 067006 196008 275012.
275011 PPC002 PPC000 315009 323004 269006
267005 346007 258007 PPC001 058005 PPC000
321006 206010 205006 157006 138013 159006
153013 110011 050005 068007 133008 130005=
027127 1449 037142 1443
027153 1542 039156 1536
030129 1358 039116 1352
022310 1321 033320 1313
031119 1739 051162 1734
029156 0137 042164 0124
017339 2057 027323 2050
030157 1506 040159 1459
023140 1505 035179 1423
026137 0725 039150 0716
021154 2002 033147 2248
017164 1026 021193 1019
025126 1840 039147 1823
028154 0755 038159 0746
023135 1543 030136 1542
037161 1405 048142 1404
027106 1632 039096 1627
028161 1447 039130 1521
019128 1711 029159 1811
017150 0658 023116 0705
026131 1304 034128 1243
026153 1602 038173 1544
016157 1402 020167 1500
015269 0919 021281 0658
028130 1058 036179 0501
020092 2329 025091 2328
034128 1518 051079 1513
019148 1518 035145 1511
026118 1806 038074 1803
022144 1256 034128 1250
015135 1304 020139 1301=
DB
0097 0093 0090 0090 0084 0082 0079 0092 0084 0096 0097 0102
0113 0127 0152 0170 0165 0170 0170 0146 0132 0120 0109 0100 0182 1229 0077 0312.
0097 0091 0089 0086 0084 0093 0092 0089 0080 0076 0082 0089
0105 0127 0151 0165 0170 0168 0155 0145 0133 0125 0123 0121 0182 1325 0075 0629.
0120 0119 0118 0118 0117 0116 0116 0115 0115 0114 0112 0115
0127 0140 0158 0173 0189 0173 0150 0143 0137 0124 0123 0116 0194 1229 0111 0705.
0117 0110 0105 0107 0100 0092 0091 0087 0083 0081 0079 0084
0107 0131 0156 0177 0189 0192 0183 0167 0143 0127 0117 0112 0195 1351 0079 0659.
0107 0101 0097 0094 0092 0087 0085 0080 0079 0076 0075 0078
0104 0127 0154 0179 0194 0191 0185 0167 0142 0127 0116 0110 0197 1319 0074 0643.
0103 0098 0093 0087 0083 0089 0087 0083 0079 0075 0072 0078
0097 0114 0134 0155 0167 0166 0160 0143 0122 0105 0098 0093 0172 1319 0072 0658.
0092 0087 0084 0080 0078 0076 0074 0073 0072 0071 0070 0080
0090 0118 0136 0157 0175 0179 0168 0152 0127 0110 0101 0096 0185 1310 0070 0650.
0093 0088 0084 0082 0079 0074 0073 0070 0068 0066 0066 0068
0095 0121 0147 0171 0184 0182 0177 0157 0135 0116 0108 0105 0186 1319 0065 0627.
0100 0097 0096 0091 0086 0085 0083 0079 0077 0075 0074 0078
0102 0126 0147 0167 0178 0177 0168 0151 0131 0116 0108 0103 0180 1330 0073 0624.
0101 0099 0100 0097 0094 0087 0086 0082 0081 0082 0081 0083
0099 0116 0135 0146 0151 0151 0147 0133 0121 0116 0113 0109 0157 1313 0080 0453.
0108 0105 0096 0089 0083 0080 0078 0078 0075 0074 0069 0074
0095 0099 0098 0106 0114 0122 0116 0109 0104 0100 0099 0099 0125 1348 0067 0712.
0099 0100 0099 0098 0098 0097 0097 0098 0098 0099 0099 0099
0102 0104 0105 0103 0105 0103 0103 0102 0101 0100 0100 0100 0105 0935 0097 0046.
0100 0100 0100 0101 0100 0099 0100 0100 0100 0099 0100 0101
0108 0127 0141 0150 0144 0139 0134 0129 0113 0107 0109 0107 0153 1137 0099 0143.
0105 0104 0104 0104 0104 0103 0102 0101 0100 0098 0097 0096
0098 0102 0103 0105 0108 0109 0119 0113 0103 0094 0080 0077 0119 1454 0077 1929.
0073 0069 0066 0062 0060 0057 0056 0053 0051 0054 0051 0059
0081 0100 0121 0141 0147 0150 0136 0125 0112 0097 0094 0087 0152 1356 0050 0707.
0086 0081 0074 0072 0067 0063 0060 0060 0058 0054 0053 0072
0088 0102 0126 0141 0155 0152 0144 0127 0106 0088 0081 0076 0156 1258 0053 0620.
0070 0067 0062 0059 0057 0054 0052 0052 0051 0049 0046 0053
0078 0099 0107 0137 0152 0150 0137 0127 0110 0102 0099 0098 0155 1314 0045 0723.
0097 0096 0096 0095 0095 0093 0091 0092 0092 0084 0085 0092
0107 0127 0138 0160 0169 0169 0158 0140 0126 0119 0116 0115 0172 1310 0082 0606.
0113 0113 0112 0111 0105 0109 0110 0109 0109 0108 0109 0111
0122 0122 0134 0136 0130 0134 0130 0125 0124 0117 0115 0114 0137 1332 0104 0106.
0114 0113 0112 0112 0111 0111 0111 0110 0110 0109 0109 0109
0116 0117 0120 0123 0125 0119 0118 0116 0113 0111 0109 0108 0126 1212 0108 0737.
0107 0108 0104 0105 0107 0103 0103 0105 0104 0104 0103 0104
0107 0125 0119 0123 0127 0126 0120 0117 0115 0112 0109 0107 0141 1120 0101 0212.
0100 0108 0097 0102 0103 0100 0100 0087 0088 0089 0097 0101
0107 0115 0138 0157 0167 0170 0161 0143 0124 0110 0102 0097 0172 1327 0083 0521.
0091 0087 0084 0081 0081 0081 0095 0095 0095 0097 0097 0099
0102 0115 0132 0137 0126 0122 0125 0123 0115 0109 0107 0106 0140 1115 0078 0123.
0105 0105 0104 0103 0103 0103 0102 0101 0100 0099 0097 0098
0102 0106 0110 0110 0109 0109 0107 0105 0102 0099 0099 0099 0110 1053 0097 0700.
0098 0095 0092 0093 0093 0093 0090 0092 0087 0085 0085 0087
0086 0088 0087 0087 0086 0086 0085 0083 0084 0082 0082 0082 0099 2001 0079 0612.
0082 0083 0083 0079 0083 0083 0082 0083 0082 0083 0082 0083
0085 0088 0094 0098 0104 0105 0118 0110 0099 0093 0091 0085 0118 1459 0079 2357.
0071 0067 0064 0066 0066 0071 0079 0081 0077 0078 0079 0080
0085 0098 0120 0140 0144 0143 0137 0118 0101 0090 0091 0090 0149 1239 0062 0115.
0089 0084 0080 0078 0072 0063 0059 0055 0053 0056 0061 0057
0078 0090 0100 0123 0133 0127 0132 0118 0098 0081 0076 0070 0140 1330 0052 0517.
0064 0061 0057 0055 0052 0051 0048 0046 0044 0043 0048 0060
0072 0088 0103 0127 0138 0131 0131 0112 0093 0078 0071 0065 0146 1424 0042 0550.
0061 0057 0054 0051 0048 0046 0044 0042 0040 0040 0038 0041
0062 0080 0094 0106 0126 0125 0119 0106 0087 0069 0062 0060 0128 1336 0038 0624.
0056 0053 0051 0048 0047 0044 0045 0052 0058 0055 0049 0046
0067 0080 0097 0101 0105 0109 0112 0097 0089 0084 0082 0080 0116 1435 0044 0150=
0125 0121 0118 0116 0113 0111 0109 0107 0108 0108 0109 0110
0112 0114 0121 0128 0135 0139 0142 0143 0140 0137 0133 0128.
0124 0121 0118 0115 0113 0112 0112 0111 0109 0106 0104 0104
0106 0111 0118 0127 0135 0141 0141 0141 0139 0136 0133 0132.
0131 0130 0129 0128 0127 0127 0126 0126 0125 0125 0124 0124
0125 0128 0133 0139 0145 0150 0149 0146 0144 0140 0137 0136.
0133 0131 0129 0126 0124 0121 0118 0116 0114 0111 0109 0108
0109 0114 0122 0132 0141 0148 0152 0153 0151 0145 0140 0136.
0132 0129 0125 0122 0120 0117 0115 0112 0110 0108 0106 0104
0106 0111 0119 0129 0140 0148 0152 0153 0150 0145 0139 0135.
0131 0127 0124 0120 0117 0115 0113 0112 0109 0107 0105 0103
0104 0108 0114 0122 0129 0135 0139 0139 0136 0131 0126 0122.
0119 0116 0113 0111 0108 0106 0104 0103 0101 0100 0098 0098
0099 0104 0110 0117 0126 0134 0139 0140 0138 0133 0127 0123.
0119 0116 0114 0111 0108 0106 0104 0102 0100 0098 0096 0095
0096 0102 0111 0121 0130 0138 0142 0143 0141 0136 0131 0127.
0124 0121 0119 0116 0114 0112 0110 0108 0106 0104 0102 0101
0102 0108 0115 0123 0132 0138 0141 0141 0139 0134 0130 0126.
0124 0121 0119 0118 0117 0114 0112 0110 0108 0107 0106 0104
0105 0108 0113 0119 0124 0128 0130 0130 0129 0127 0125 0123.
0121 0120 0118 0115 0112 0110 0108 0106 0104 0102 0100 0098
0100 0103 0105 0106 0109 0113 0114 0115 0114 0113 0112 0111.
0111 0111 0110 0110 0110 0110 0109 0109 0109 0109 0109 0109
0110 0110 0111 0111 0111 0111 0112 0112 0111 0111 0111 0111.
0110 0110 0110 0110 0110 0110 0110 0110 0110 0110 0110 0110
0110 0113 0118 0123 0126 0128 0128 0128 0127 0124 0122 0121.
0119 0118 0117 0116 0116 0115 0115 0114 0113 0113 0112 0111
0110 0110 0111 0111 0112 0112 0114 0115 0115 0114 0110 0107.
0104 0101 0099 0096 0094 0092 0090 0088 0086 0084 0083 0082
0085 0089 0095 0103 0111 0116 0119 0120 0119 0116 0112 0110.
0107 0105 0102 0100 0097 0095 0093 0091 0089 0087 0085 0085
0088 0092 0098 0106 0113 0119 0122 0122 0120 0115 0110 0106.
0103 0099 0096 0094 0091 0089 0087 0085 0083 0082 0080 0079
0081 0086 0093 0100 0108 0115 0118 0118 0116 0114 0111 0110.
0109 0108 0107 0106 0106 0105 0105 0104 0104 0103 0102 0101
0103 0106 0111 0118 0124 0129 0132 0132 0129 0127 0124 0123.
0121 0120 0120 0119 0118 0117 0117 0117 0117 0116 0116 0116
0117 0119 0121 0123 0124 0125 0126 0126 0125 0124 0123 0122.
0121 0121 0120 0120 0119 0119 0119 0118 0118 0118 0117 0117
0118 0119 0119 0120 0121 0122 0122 0122 0121 0120 0119 0119.
0118 0117 0117 0116 0116 0115 0114 0113 0113 0113 0113 0113
0113 0114 0116 0119 0120 0122 0122 0122 0121 0120 0119 0118.
0118 0117 0117 0115 0114 0114 0113 0111 0110 0108 0108 0109
0110 0111 0115 0121 0129 0135 0139 0139 0136 0131 0127 0123.
0119 0116 0113 0110 0108 0106 0106 0107 0106 0107 0107 0108
0108 0110 0114 0118 0120 0121 0122 0122 0122 0120 0119 0118.
0116 0116 0115 0115 0114 0114 0113 0113 0112 0112 0111 0111
0110 0111 0112 0113 0113 0114 0114 0114 0113 0112 0112 0111.
0110 0109 0108 0107 0107 0106 0106 0105 0105 0104 0102 0101
0101 0101 0101 0100 0100 0100 0099 0098 0098 0098 0097 0097.
0097 0097 0097 0096 0096 0096 0096 0096 0096 0096 0096 0095
0096 0096 0097 0098 0100 0102 0104 0106 0106 0105 0104 0103.
0100 0097 0094 0093 0091 0090 0091 0092 0092 0092 0092 0092
0093 0094 0099 0105 0113 0118 0120 0120 0116 0112 0109 0107.
0105 0104 0102 0100 0098 0095 0092 0089 0087 0085 0084 0083
0084 0087 0093 0097 0103 0108 0111 0112 0111 0107 0102 0099.
0096 0092 0090 0087 0085 0083 0081 0079 0077 0075 0074 0075
0077 0080 0085 0092 0099 0105 0109 0110 0107 0103 0098 0095.
0092 0089 0086 0083 0081 0079 0077 0075 0073 0071 0070 0069
0070 0073 0079 0084 0091 0096 0100 0101 0099 0096 0091 0088.
0085 0082 0080 0078 0076 0075 0073 0072 0073 0073 0073 0072
0072 0075 0079 0084 0088 0090 0094 0095 0095 0093 0092 0091=
0130 0128 0126 0124 0122 0120 0118 0116 0115 0115 0115 0115
0115 0117 0119 0123 0128 0132 0135 0137 0138 0137 0136 0133.
0131 0128 0126 0123 0121 0119 0119 0118 0117 0115 0114 0112
0112 0113 0116 0121 0126 0131 0135 0136 0137 0136 0135 0134.
0133 0132 0132 0131 0130 0130 0129 0129 0129 0128 0128 0127
0127 0128 0130 0133 0137 0141 0144 0144 0143 0142 0140 0139.
0137 0136 0134 0132 0131 0129 0127 0125 0123 0121 0119 0117
0116 0117 0120 0125 0131 0137 0142 0145 0146 0145 0143 0140.
0138 0135 0133 0130 0128 0126 0124 0122 0120 0118 0116 0114
0113 0114 0118 0123 0129 0135 0141 0144 0145 0144 0142 0139.
0136 0134 0131 0129 0126 0124 0122 0120 0119 0117 0115 0113
0112 0113 0115 0119 0123 0128 0132 0134 0135 0134 0131 0129.
0126 0124 0122 0120 0118 0116 0114 0112 0111 0109 0108 0107
0107 0107 0110 0114 0119 0125 0130 0133 0134 0133 0131 0129.
0126 0124 0121 0119 0117 0115 0114 0112 0110 0108 0107 0105
0104 0106 0109 0114 0120 0127 0132 0135 0136 0135 0133 0131.
0129 0127 0125 0123 0121 0119 0118 0116 0114 0113 0111 0110
0109 0110 0113 0118 0123 0128 0133 0135 0136 0135 0133 0131.
0129 0127 0125 0124 0122 0121 0119 0118 0116 0115 0114 0112
0112 0112 0114 0117 0120 0124 0126 0128 0128 0128 0127 0126.
0125 0124 0123 0121 0120 0118 0116 0114 0113 0111 0109 0108
0107 0108 0109 0110 0111 0113 0115 0116 0116 0116 0115 0115.
0115 0115 0114 0114 0114 0114 0113 0113 0113 0113 0113 0113
0113 0113 0114 0114 0114 0114 0114 0115 0115 0114 0114 0114.
0114 0114 0114 0114 0114 0114 0113 0113 0113 0113 0113 0113
0113 0114 0116 0119 0122 0124 0125 0126 0126 0126 0125 0124.
0122 0122 0121 0120 0119 0119 0119 0118 0118 0117 0116 0116
0115 0115 0115 0115 0115 0115 0116 0116 0117 0117 0116 0114.
0112 0110 0108 0106 0104 0102 0100 0099 0097 0095 0094 0093
0092 0093 0096 0100 0105 0110 0114 0116 0117 0117 0115 0114.
0112 0111 0109 0107 0106 0104 0102 0100 0098 0097 0095 0094
0094 0095 0098 0102 0107 0111 0115 0117 0118 0117 0115 0112.
0110 0107 0105 0103 0101 0099 0097 0095 0094 0092 0091 0089
0089 0090 0093 0097 0102 0107 0111 0114 0114 0114 0113 0112.
0111 0111 0110 0110 0109 0109 0108 0108 0108 0107 0106 0106
0106 0107 0109 0112 0116 0121 0124 0126 0126 0126 0125 0124.
0123 0122 0121 0121 0121 0120 0119 0119 0119 0119 0118 0118
0118 0119 0120 0121 0122 0123 0124 0125 0125 0125 0124 0124.
0123 0123 0122 0122 0122 0121 0121 0121 0121 0120 0120 0120
0120 0120 0120 0121 0121 0122 0123 0123 0122 0122 0122 0121.
0121 0120 0120 0119 0119 0118 0117 0117 0117 0116 0116 0116
0116 0116 0117 0118 0120 0121 0122 0122 0122 0122 0121 0121.
0120 0120 0119 0119 0118 0117 0117 0116 0115 0114 0113 0113
0113 0113 0115 0117 0121 0126 0130 0132 0133 0132 0130 0127.
0125 0122 0120 0118 0116 0114 0112 0112 0112 0112 0112 0112
0112 0112 0113 0116 0118 0119 0120 0121 0122 0121 0121 0120.
0119 0119 0118 0118 0117 0117 0117 0116 0116 0115 0115 0115
0114 0114 0114 0115 0115 0116 0116 0116 0116 0115 0115 0114.
0114 0113 0113 0112 0111 0111 0110 0110 0109 0109 0107 0107
0106 0106 0105 0105 0105 0104 0104 0104 0103 0103 0102 0102.
0102 0101 0101 0101 0101 0101 0101 0100 0100 0100 0100 0100
0100 0100 0100 0101 0102 0103 0104 0106 0107 0107 0106 0106.
0105 0104 0102 0100 0099 0097 0097 0097 0097 0097 0097 0097
0097 0097 0099 0102 0106 0110 0113 0115 0116 0114 0112 0110.
0109 0108 0107 0106 0104 0103 0100 0098 0096 0094 0093 0092
0091 0092 0093 0096 0099 0103 0106 0108 0109 0109 0107 0105.
0103 0100 0098 0096 0094 0092 0091 0089 0087 0085 0084 0083
0083 0084 0086 0090 0094 0098 0102 0105 0106 0105 0103 0101.
0099 0096 0094 0092 0090 0088 0087 0085 0083 0082 0080 0079
0078 0079 0081 0084 0087 0091 0095 0097 0098 0098 0096 0094.
0092 0090 0088 0087 0085 0083 0082 0081 0080 0080 0080 0079
0079 0079 0081 0083 0086 0088 0091 0093 0094 0094 0094 0093=
0135 0133 0132 0131 0129 0128 0126 0125 0124 0123 0122 0122
0122 0122 0123 0124 0127 0130 0133 0135 0137 0138 0137 0137.
0136 0134 0133 0131 0129 0128 0126 0126 0125 0124 0123 0121
0120 0120 0121 0123 0126 0129 0132 0134 0136 0136 0136 0136.
0136 0135 0135 0135 0134 0134 0134 0133 0133 0133 0132 0132
0132 0132 0132 0134 0136 0138 0141 0142 0143 0143 0142 0142.
0141 0140 0139 0138 0137 0135 0134 0133 0131 0129 0128 0126
0125 0124 0125 0127 0130 0133 0137 0140 0143 0144 0144 0143.
0141 0140 0139 0137 0135 0134 0132 0131 0129 0127 0126 0124
0123 0122 0123 0125 0128 0132 0136 0139 0142 0143 0143 0142.
0141 0139 0137 0136 0134 0132 0130 0129 0128 0126 0125 0123
0122 0121 0121 0123 0125 0127 0130 0133 0134 0135 0135 0133.
0132 0131 0129 0128 0126 0125 0123 0122 0120 0119 0118 0117
0116 0115 0116 0118 0120 0123 0127 0130 0132 0133 0133 0132.
0131 0130 0128 0127 0125 0124 0122 0121 0119 0118 0117 0115
0114 0114 0114 0116 0119 0123 0127 0131 0133 0134 0134 0134.
0133 0132 0130 0129 0128 0127 0125 0124 0123 0121 0120 0119
0118 0117 0118 0120 0122 0126 0129 0132 0134 0134 0135 0134.
0133 0131 0130 0129 0128 0127 0126 0125 0124 0123 0122 0121
0120 0119 0119 0120 0122 0124 0126 0128 0129 0129 0129 0129.
0129 0128 0128 0127 0126 0125 0123 0122 0121 0119 0118 0117
0116 0115 0115 0116 0116 0117 0118 0119 0120 0120 0120 0120.
0120 0119 0119 0119 0119 0119 0119 0119 0118 0118 0118 0118
0118 0118 0118 0118 0118 0119 0119 0119 0119 0119 0119 0119.
0119 0119 0119 0118 0118 0118 0118 0118 0118 0118 0118 0118
0118 0118 0119 0120 0122 0123 0125 0126 0127 0127 0127 0127.
0126 0126 0125 0124 0124 0124 0123 0123 0122 0122 0122 0121
0121 0120 0120 0120 0120 0120 0120 0120 0121 0121 0121 0120.
0119 0118 0116 0115 0113 0112 0110 0109 0107 0106 0105 0104
0102 0102 0103 0104 0106 0109 0112 0115 0117 0118 0118 0118.
0117 0116 0115 0114 0113 0112 0110 0109 0108 0106 0105 0104
0103 0103 0103 0105 0108 0110 0113 0116 0118 0118 0118 0117.
0116 0114 0113 0111 0110 0108 0107 0105 0104 0102 0101 0100
0099 0098 0099 0101 0103 0106 0109 0112 0114 0115 0115 0115.
0115 0114 0114 0114 0113 0113 0113 0113 0112 0112 0112 0111
0111 0111 0112 0113 0115 0118 0121 0123 0124 0125 0125 0125.
0125 0124 0124 0124 0123 0123 0123 0122 0122 0122 0122 0122
0121 0122 0122 0123 0123 0124 0125 0126 0126 0126 0126 0126.
0126 0126 0125 0125 0125 0125 0125 0124 0124 0124 0124 0123
0123 0123 0123 0124 0124 0124 0125 0125 0125 0125 0125 0125.
0124 0124 0124 0123 0123 0123 0122 0121 0121 0121 0121 0120
0120 0120 0120 0121 0122 0122 0123 0124 0124 0124 0124 0124.
0124 0123 0123 0123 0122 0122 0121 0121 0120 0120 0119 0118
0118 0118 0118 0119 0121 0124 0126 0129 0131 0131 0131 0130.
0129 0127 0126 0124 0123 0121 0120 0119 0118 0118 0117 0117
0117 0117 0117 0118 0119 0121 0122 0122 0123 0123 0123 0123.
0123 0123 0122 0122 0122 0121 0121 0121 0120 0120 0120 0119
0119 0119 0118 0119 0119 0119 0119 0119 0119 0119 0119 0119.
0118 0118 0118 0117 0117 0116 0116 0115 0115 0114 0114 0113
0112 0112 0111 0111 0111 0110 0110 0110 0109 0109 0108 0108.
0108 0108 0107 0107 0107 0107 0106 0106 0106 0106 0106 0106
0106 0105 0105 0105 0106 0106 0107 0108 0109 0110 0110 0110.
0110 0109 0108 0107 0106 0105 0104 0103 0103 0103 0103 0103
0103 0102 0103 0104 0106 0109 0111 0114 0115 0115 0115 0114.
0113 0113 0112 0111 0110 0109 0108 0106 0105 0103 0102 0101
0100 0099 0099 0100 0102 0104 0106 0108 0110 0110 0110 0110.
0108 0107 0106 0104 0103 0101 0100 0098 0097 0096 0094 0093
0092 0092 0093 0094 0096 0098 0101 0104 0106 0106 0106 0105.
0104 0103 0102 0100 0099 0097 0096 0095 0093 0092 0091 0089
0088 0088 0088 0089 0091 0093 0095 0097 0099 0100 0100 0099.
0098 0097 0096 0094 0093 0092 0091 0090 0089 0088 0088 0087
0087 0087 0087 0088 0089 0091 0093 0094 0096 0097 0097 0097=
0135 0134 0134 0133 0132 0131 0131 0129 0129 0128 0127 0126
0126 0126 0126 0126 0127 0129 0131 0132 0134 0135 0136 0136.
0136 0135 0135 0134 0133 0132 0131 0130 0129 0128 0127 0126
0125 0125 0125 0125 0126 0128 0130 0131 0133 0134 0135 0135.
0135 0135 0135 0135 0135 0135 0135 0134 0134 0134 0134 0134
0133 0133 0133 0133 0134 0136 0137 0139 0140 0140 0141 0141.
0140 0140 0140 0139 0138 0138 0137 0136 0135 0134 0132 0131
0130 0129 0129 0129 0130 0132 0134 0136 0138 0140 0141 0141.
0141 0140 0140 0139 0138 0137 0136 0134 0133 0132 0131 0130
0129 0127 0127 0127 0128 0130 0132 0135 0137 0139 0140 0140.
0140 0139 0139 0138 0137 0135 0134 0133 0132 0131 0130 0129
0127 0126 0126 0126 0126 0127 0129 0131 0132 0133 0134 0134.
0134 0133 0132 0131 0130 0129 0128 0127 0126 0125 0124 0123
0122 0121 0121 0121 0122 0123 0125 0127 0129 0130 0131 0132.
0131 0131 0130 0130 0129 0128 0127 0126 0124 0123 0122 0121
0120 0119 0119 0119 0120 0122 0124 0127 0129 0131 0132 0132.
0132 0132 0131 0131 0130 0129 0128 0127 0127 0126 0125 0124
0123 0122 0122 0122 0123 0124 0126 0128 0130 0131 0132 0132.
0132 0132 0132 0131 0130 0130 0129 0128 0127 0127 0126 0125
0124 0123 0123 0123 0123 0124 0125 0126 0128 0128 0129 0129.
0129 0129 0129 0128 0128 0127 0127 0126 0125 0124 0123 0122
0121 0120 0120 0119 0119 0119 0120 0120 0121 0121 0121 0122.
0122 0122 0122 0121 0121 0121 0121 0121 0121 0121 0121 0120
0120 0120 0120 0120 0120 0120 0121 0121 0121 0121 0121 0121.
0121 0121 0120 0120 0120 0120 0120 0120 0120 0120 0120 0120
0120 0120 0120 0120 0121 0122 0123 0124 0125 0126 0126 0126.
0126 0126 0126 0126 0125 0125 0125 0124 0124 0124 0124 0123
0123 0123 0122 0122 0122 0122 0122 0122 0122 0122 0122 0122.
0121 0121 0120 0119 0118 0117 0116 0115 0114 0112 0111 0110
0109 0109 0108 0108 0109 0110 0112 0114 0115 0117 0117 0118.
0118 0118 0117 0117 0116 0115 0115 0114 0113 0112 0111 0110
0109 0108 0108 0108 0109 0110 0112 0114 0115 0117 0117 0117.
0117 0116 0116 0115 0114 0113 0112 0111 0109 0108 0107 0106
0105 0104 0104 0104 0105 0106 0108 0110 0112 0113 0114 0114.
0115 0115 0115 0115 0115 0114 0114 0114 0114 0114 0114 0113
0113 0113 0113 0113 0114 0116 0117 0119 0121 0122 0122 0123.
0123 0123 0123 0123 0123 0123 0123 0123 0122 0122 0122 0122
0122 0122 0122 0122 0123 0123 0124 0124 0125 0125 0125 0125.
0125 0125 0125 0125 0125 0125 0125 0125 0124 0124 0124 0124
0124 0124 0124 0124 0124 0124 0124 0125 0125 0125 0125 0125.
0125 0125 0124 0124 0124 0124 0123 0123 0122 0122 0122 0122
0122 0121 0121 0121 0122 0122 0123 0123 0123 0124 0124 0124.
0124 0124 0124 0123 0123 0123 0123 0122 0122 0122 0121 0120
0120 0120 0120 0120 0120 0122 0123 0125 0126 0128 0128 0129.
0128 0128 0127 0126 0125 0124 0123 0122 0121 0121 0120 0120
0119 0119 0119 0119 0120 0120 0121 0122 0122 0123 0123 0123.
0123 0123 0123 0123 0122 0122 0122 0122 0122 0121 0121 0121
0121 0120 0120 0120 0120 0120 0120 0120 0120 0120 0120 0120.
0120 0120 0119 0119 0119 0118 0118 0118 0117 0117 0116 0116
0115 0115 0114 0114 0114 0113 0113 0113 0112 0112 0112 0111.
0111 0111 0110 0110 0110 0110 0109 0109 0109 0109 0109 0108
0108 0108 0108 0108 0108 0108 0109 0109 0110 0110 0110 0111.
0111 0111 0110 0110 0109 0108 0108 0107 0107 0106 0106 0106
0106 0106 0106 0106 0106 0108 0109 0111 0112 0113 0114 0114.
0114 0113 0113 0113 0112 0112 0111 0110 0109 0108 0107 0106
0105 0104 0104 0103 0104 0105 0106 0107 0108 0109 0110 0110.
0110 0109 0108 0108 0107 0106 0105 0104 0103 0101 0100 0099
0098 0098 0097 0097 0098 0099 0101 0102 0104 0105 0106 0106.
0106 0105 0105 0104 0103 0102 0101 0100 0099 0098 0097 0096
0095 0094 0093 0093 0094 0094 0096 0097 0098 0100 0100 0100.
0100 0100 0099 0098 0098 0097 0096 0095 0094 0094 0093 0092
0092 0092 0091 0091 0092 0093 0093 0094 0095 0097 0097 0097=
0138 0138 0138 0138 0138 0138 0138 0138 0138 0138 0138 0137
0137 0137 0137 0136 0136 0136 0136 0136 0136 0137 0137 0137.
0138 0138 0138 0138 0138 0138 0138 0138 0138 0138 0137 0137
0137 0137 0136 0136 0136 0136 0136 0136 0136 0136 0136 0137.
0137 0137 0138 0138 0138 0138 0138 0138 0138 0139 0139 0139
0139 0139 0139 0139 0139 0139 0139 0139 0139 0140 0140 0140.
0141 0141 0141 0141 0141 0141 0141 0141 0141 0141 0141 0140
0140 0140 0140 0139 0139 0139 0139 0139 0139 0139 0140 0140.
0140 0141 0141 0141 0141 0141 0141 0141 0141 0141 0140 0140
0140 0140 0139 0139 0139 0138 0138 0138 0139 0139 0139 0139.
0140 0140 0140 0141 0141 0141 0141 0141 0140 0140 0140 0140
0139 0139 0139 0138 0138 0138 0137 0137 0137 0137 0137 0138.
0138 0138 0138 0138 0138 0138 0138 0137 0137 0137 0136 0136
0136 0135 0135 0135 0134 0134 0134 0134 0134 0134 0134 0135.
0135 0135 0135 0135 0135 0135 0135 0135 0135 0135 0135 0134
0134 0134 0133 0133 0133 0132 0132 0132 0132 0133 0133 0133.
0134 0134 0134 0135 0135 0135 0135 0135 0135 0135 0135 0134
0134 0134 0134 0133 0133 0133 0133 0133 0133 0133 0134 0134.
0134 0135 0135 0135 0135 0135 0135 0135 0135 0135 0135 0135
0135 0134 0134 0134 0133 0133 0133 0133 0133 0133 0133 0133.
0134 0134 0134 0134 0134 0134 0134 0134 0134 0133 0133 0133
0133 0132 0132 0132 0131 0131 0131 0131 0130 0130 0130 0130.
0130 0130 0130 0130 0130 0130 0130 0130 0130 0129 0129 0129
0129 0129 0129 0129 0129 0129 0129 0129 0129 0129 0129 0129.
0129 0129 0129 0128 0128 0128 0128 0128 0128 0128 0128 0128
0128 0128 0128 0128 0128 0128 0128 0128 0128 0129 0129 0129.
0129 0129 0130 0130 0130 0130 0130 0130 0130 0130 0130 0130
0130 0129 0129 0129 0129 0129 0129 0129 0129 0128 0128 0128.
0128 0128 0128 0128 0128 0127 0127 0127 0126 0126 0126 0125
0125 0124 0124 0123 0123 0123 0122 0122 0122 0122 0122 0122.
0123 0123 0123 0123 0123 0123 0123 0123 0123 0123 0122 0122
0122 0121 0121 0121 0121 0121 0120 0120 0120 0121 0121 0121.
0121 0121 0122 0122 0122 0121 0121 0121 0121 0121 0120 0120
0120 0119 0119 0119 0118 0118 0118 0118 0118 0118 0118 0118.
0119 0119 0119 0119 0119 0120 0120 0120 0120 0120 0120 0120
0120 0120 0120 0120 0120 0120 0121 0121 0121 0121 0122 0122.
0122 0123 0123 0124 0124 0124 0124 0124 0124 0125 0125 0125
0125 0125 0125 0125 0125 0125 0126 0126 0126 0126 0126 0126.
0127 0127 0127 0127 0127 0127 0127 0127 0127 0127 0127 0127
0127 0128 0128 0128 0127 0128 0128 0128 0128 0128 0128 0128.
0128 0128 0128 0128 0128 0128 0128 0128 0128 0127 0127 0127
0127 0127 0127 0127 0127 0127 0127 0127 0127 0127 0127 0127.
0127 0127 0127 0127 0127 0127 0127 0127 0127 0127 0127 0127
0127 0126 0126 0126 0126 0126 0126 0126 0126 0127 0127 0127.
0127 0128 0128 0128 0128 0128 0128 0128 0128 0127 0127 0127
0127 0127 0126 0126 0126 0126 0126 0126 0126 0126 0126 0126.
0126 0126 0126 0126 0126 0126 0126 0126 0126 0126 0126 0126
0126 0126 0126 0126 0126 0126 0126 0126 0125 0125 0125 0125.
0125 0125 0125 0125 0125 0125 0125 0124 0124 0124 0124 0124
0123 0123 0123 0123 0122 0122 0122 0122 0121 0121 0121 0120.
0120 0120 0120 0119 0119 0119 0119 0118 0118 0118 0118 0118
0117 0117 0117 0117 0117 0117 0116 0116 0116 0116 0116 0116.
0116 0116 0117 0116 0116 0116 0116 0116 0116 0116 0115 0115
0115 0115 0115 0114 0114 0114 0114 0114 0115 0115 0115 0115.
0115 0116 0116 0116 0116 0116 0116 0116 0116 0116 0115 0115
0115 0115 0114 0114 0114 0113 0113 0113 0113 0113 0113 0113.
0114 0114 0114 0114 0114 0113 0113 0113 0113 0113 0112 0112
0111 0111 0111 0110 0110 0110 0109 0109 0109 0109 0110 0110.
0110 0110 0110 0110 0110 0110 0110 0110 0110 0109 0109 0109
0108 0108 0107 0107 0107 0106 0106 0106 0106 0106 0106 0106.
0106 0106 0107 0107 0106 0106 0106 0106 0106 0106 0105 0105
0105 0104 0104 0104 0104 0104 0103 0103 0103 0103 0104 0104=
KB
0156 0156 0156 0156 0156 0156 0156 0156 0156 0156 0156 0156
0156 0156 0156 0156 0156 0156 0156 0155 0155 0155 0155 0155.
0155 0155 0155 0155 0155 0155 0155 0155 0155 0155 0155 0155
0155 0155 0155 0155 0155 0155 0155 0155 0154 0154 0154 0154.
0154 0154 0154 0154 0154 0154 0154 0154 0154 0154 0154 0154
0154 0154 0154 0154 0154 0154 0154 0154 0154 0154 0154 0154.
0154 0154 0154 0154 0154 0154 0154 0154 0154 0154 0154 0154
0154 0154 0154 0154 0155 0155 0155 0154 0154 0154 0154 0154.
0154 0154 0154 0154 0154 0154 0154 0154 0154 0154 0154 0154
0154 0154 0154 0155 0155 0154 0155 0154 0154 0154 0154 0154.
0154 0154 0154 0154 0154 0154 0154 0154 0154 0154 0154 0154
0154 0154 0154 0154 0154 0154 0154 0154 0154 0154 0154 0154.
0154 0154 0154 0154 0153 0153 0153 0153 0153 0153 0153 0153
0153 0153 0153 0153 0153 0153 0153 0153 0153 0153 0153 0152.
0152 0152 0152 0152 0152 0152 0152 0152 0152 0152 0152 0152
0152 0152 0152 0152 0152 0152 0151 0151 0151 0151 0151 0151.
0151 0151 0151 0151 0151 0151 0151 0150 0151 0151 0150 0150
0151 0151 0151 0151 0151 0150 0150 0150 0150 0150 0150 0150.
0150 0150 0150 0150 0150 0150 0150 0150 0150 0150 0150 0150
0150 0150 0150 0150 0150 0150 0150 0150 0150 0150 0150 0150.
0150 0150 0149 0149 0149 0149 0149 0149 0149 0149 0149 0149
0149 0149 0149 0149 0149 0149 0149 0149 0149 0149 0149 0149.
0149 0149 0148 0148 0148 0148 0148 0148 0148 0148 0148 0148
0148 0148 0147 0147 0147 0147 0147 0147 0147 0147 0147 0147.
0147 0147 0147 0147 0147 0146 0146 0146 0146 0146 0146 0146
0146 0146 0146 0146 0146 0146 0146 0146 0146 0146 0146 0146.
0145 0145 0145 0145 0145 0145 0145 0145 0145 0145 0145 0145
0145 0145 0145 0145 0145 0145 0145 0145 0145 0145 0145 0145.
0145 0145 0145 0145 0145 0145 0144 0144 0144 0144 0144 0144
0144 0144 0144 0144 0144 0144 0144 0144 0143 0143 0143 0143.
0143 0143 0143 0143 0142 0142 0142 0142 0142 0142 0142 0142
0142 0142 0142 0142 0142 0142 0142 0141 0141 0141 0141 0141.
0141 0141 0141 0141 0141 0141 0140 0140 0140 0140 0140 0140
0140 0140 0140 0140 0140 0140 0140 0140 0140 0139 0139 0139.
0139 0139 0139 0139 0139 0139 0139 0139 0139 0138 0138 0138
0138 0138 0138 0138 0138 0138 0138 0138 0138 0138 0138 0138.
0138 0138 0138 0138 0138 0138 0138 0138 0138 0138 0138 0138
0138 0138 0139 0139 0139 0139 0139 0139 0139 0139 0139 0139.
0139 0139 0139 0139 0139 0139 0139 0139 0139 0139 0139 0139
0139 0140 0140 0140 0140 0140 0140 0140 0140 0140 0140 0140.
0140 0140 0140 0140 0140 0140 0140 0140 0140 0140 0140 0140
0140 0140 0140 0140 0140 0140 0140 0140 0140 0140 0140 0140.
0140 0140 0140 0140 0140 0140 0140 0140 0140 0140 0140 0140
0140 0140 0140 0140 0140 0140 0140 0140 0140 0140 0140 0140.
0140 0140 0140 0140 0140 0140 0140 0140 0140 0140 0140 0140
0140 0140 0140 0140 0140 0140 0140 0140 0140 0140 0140 0140.
0140 0140 0140 0140 0140 0140 0140 0140 0140 0140 0140 0140
0140 0140 0139 0140 0139 0139 0139 0139 0139 0139 0139 0139.
0139 0139 0139 0139 0139 0139 0139 0139 0139 0139 0139 0139
0139 0139 0139 0139 0139 0139 0139 0138 0138 0138 0138 0138.
0138 0138 0138 0138 0138 0138 0137 0137 0137 0137 0137 0137
0137 0137 0136 0137 0136 0136 0136 0136 0136 0136 0136 0136.
0135 0135 0135 0135 0135 0135 0135 0135 0135 0135 0134 0135
0134 0134 0134 0134 0134 0134 0134 0134 0134 0134 0134 0133.
0133 0133 0133 0133 0133 0133 0133 0133 0133 0133 0133 0133
0133 0133 0133 0133 0133 0133 0133 0133 0133 0132 0132 0132.
0132 0132 0132 0132 0132 0132 0132 0132 0132 0132 0132 0132
0131 0131 0131 0131 0131 0131 0131 0131 0131 0131 0131 0130.
0130 0130 0130 0130 0130 0130 0130 0130 0130 0130 0130 0129
0129 0129 0129 0129 0129 0129 0129 0129 0129 0129 0128 0128.
0128 0128 0128 0128 0128 0128 0128 0127 0127 0127 0127 0127
0127 0127 0127 0127 0127 0127 0127 0127 0126 0126 0126 0126=
0194 0193 0193 0193 0193 0193 0193 0193 0193 0193 0193 0193
0193 0193 0193 0193 0193 0193 0193 0193 0193 0193 0193 0192.
0192 0192 0192 0192 0192 0192 0192 0192 0192 0192 0192 0192
0192 0192 0192 0192 0192 0191 0191 0191 0191 0191 0191 0191.
0191 0191 0191 0191 0191 0191 0191 0191 0191 0191 0190 0190
0190 0190 0190 0190 0190 0190 0190 0190 0190 0190 0190 0190.
0190 0190 0190 0190 0190 0190 0190 0190 0190 0190 0189 0189
0189 0189 0189 0189 0189 0189 0189 0189 0189 0189 0189 0189.
0189 0189 0189 0189 0189 0189 0188 0188 0188 0188 0188 0188
0188 0188 0188 0188 0188 0188 0188 0188 0188 0188 0188 0188.
0188 0188 0188 0188 0188 0188 0188 0187 0187 0187 0187 0187
0187 0187 0187 0187 0187 0187 0187 0187 0187 0187 0187 0187.
0187 0187 0187 0187 0187 0187 0187 0187 0187 0187 0187 0187
0186 0186 0186 0186 0186 0186 0186 0186 0186 0186 0186 0186.
0186 0186 0186 0186 0186 0186 0186 0186 0186 0186 0186 0186
0186 0186 0186 0186 0186 0186 0186 0186 0185 0185 0185 0185.
0185 0185 0185 0185 0185 0185 0185 0185 0185 0185 0185 0185
0185 0185 0185 0185 0185 0185 0185 0185 0185 0184 0184 0184.
0184 0184 0184 0184 0184 0184 0184 0184 0184 0184 0184 0184
0184 0184 0184 0184 0184 0184 0184 0184 0184 0184 0184 0184.
0184 0184 0184 0183 0183 0183 0183 0183 0183 0183 0183 0183
0183 0183 0183 0183 0183 0183 0183 0183 0183 0183 0183 0183.
0183 0183 0183 0183 0183 0183 0183 0182 0182 0182 0182 0182
0182 0182 0182 0182 0182 0182 0182 0182 0182 0182 0182 0182.
0182 0182 0182 0182 0182 0182 0182 0182 0182 0182 0182 0182
0181 0181 0181 0181 0181 0181 0181 0181 0181 0181 0181 0181.
0181 0181 0181 0181 0181 0181 0181 0181 0181 0180 0180 0180
0180 0180 0180 0180 0180 0180 0180 0180 0180 0180 0180 0180.
0180 0180 0180 0180 0180 0180 0180 0180 0180 0180 0179 0179
0179 0179 0179 0179 0179 0179 0179 0179 0179 0179 0179 0179.
0179 0179 0179 0179 0179 0179 0179 0179 0179 0179 0179 0179
0179 0179 0179 0179 0179 0179 0179 0178 0178 0178 0178 0178.
0178 0178 0178 0178 0178 0178 0178 0178 0178 0178 0178 0178
0178 0178 0178 0178 0178 0178 0178 0178 0178 0177 0177 0177.
0177 0177 0177 0177 0177 0177 0177 0177 0177 0177 0177 0177
0177 0177 0177 0177 0177 0177 0177 0177 0177 0176 0176 0176.
0176 0176 0176 0176 0176 0176 0176 0176 0176 0176 0176 0176
0176 0176 0176 0176 0176 0176 0176 0176 0175 0175 0175 0175.
0175 0175 0175 0175 0175 0175 0175 0175 0175 0175 0175 0175
0175 0175 0175 0175 0175 0175 0175 0175 0174 0174 0174 0174.
0174 0174 0174 0174 0174 0174 0174 0174 0174 0174 0174 0174
0174 0174 0174 0174 0174 0174 0174 0174 0174 0174 0174 0174.
0174 0174 0174 0173 0173 0173 0173 0173 0173 0173 0173 0173
0173 0173 0173 0173 0173 0173 0173 0173 0173 0173 0173 0173.
0173 0173 0173 0173 0173 0173 0173 0173 0173 0173 0173 0173
0173 0172 0172 0172 0172 0172 0172 0172 0172 0172 0172 0172.
0172 0172 0172 0172 0172 0172 0172 0172 0172 0172 0172 0172
0172 0172 0172 0172 0172 0172 0172 0172 0172 0172 0172 0172.
0172 0172 0172 0171 0171 0171 0171 0171 0171 0171 0171 0171
0171 0171 0171 0171 0171 0171 0171 0171 0171 0171 0171 0171.
0171 0171 0171 0171 0171 0171 0171 0171 0171 0171 0171 0171
0171 0171 0171 0171 0171 0171 0170 0170 0171 0170 0171 0171.
0170 0170 0170 0170 0170 0170 0170 0170 0170 0170 0170 0170
0170 0170 0170 0170 0170 0170 0170 0170 0170 0170 0170 0170.
0170 0170 0170 0170 0170 0170 0169 0169 0169 0169 0169 0169
0169 0169 0169 0169 0169 0169 0169 0169 0169 0169 0169 0169.
0169 0169 0169 0169 0169 0169 0169 0169 0169 0169 0169 0168
0168 0168 0168 0168 0168 0168 0168 0168 0168 0168 0168 0168.
0168 0168 0168 0168 0168 0168 0168 0168 0168 0168 0168 0168
0168 0168 0168 0167 0167 0168 0167 0167 0167 0167 0167 0167.
0167 0167 0167 0167 0167 0167 0167 0167 0167 0167 0167 0167
0167 0167 0167 0167 0167 0167 0166 0167 0166 0166 0166 0166=
0214 0214 0214 0214 0214 0214 0214 0214 0214 0214 0213 0213
0213 0214 0213 0214 0214 0214 0214 0214 0213 0213 0213 0213.
0213 0213 0213 0213 0213 0213 0213 0213 0213 0213 0213 0213
0213 0213 0213 0213 0213 0213 0213 0213 0213 0213 0213 0213.
0213 0213 0213 0213 0213 0213 0213 0213 0213 0213 0213 0213
0213 0213 0213 0213 0213 0213 0213 0213 0213 0213 0213 0213.
0213 0213 0212 0212 0212 0213 0213 0212 0212 0212 0212 0212
0212 0212 0212 0212 0212 0212 0212 0212 0212 0212 0212 0212.
0212 0212 0212 0212 0212 0212 0212 0212 0212 0212 0212 0212
0212 0212 0212 0212 0212 0212 0212 0212 0212 0212 0212 0212.
0212 0212 0212 0212 0212 0212 0212 0212 0212 0212 0212 0212
0212 0211 0212 0212 0212 0212 0212 0211 0211 0211 0211 0211.
0211 0211 0211 0211 0211 0211 0211 0211 0211 0211 0211 0211
0211 0211 0211 0211 0211 0211 0211 0211 0211 0211 0211 0211.
0211 0211 0211 0211 0211 0211 0211 0211 0211 0211 0211 0211
0211 0211 0211 0211 0211 0211 0211 0211 0211 0211 0211 0210.
0210 0211 0211 0210 0210 0210 0210 0210 0210 0210 0210 0210
0210 0210 0210 0210 0210 0210 0210 0210 0210 0210 0210 0210.
0210 0210 0210 0210 0210 0210 0210 0210 0210 0210 0210 0210
0210 0210 0210 0210 0210 0210 0210 0210 0210 0210 0210 0210.
0210 0210 0210 0210 0210 0209 0210 0209 0209 0209 0209 0209
0209 0209 0209 0209 0209 0209 0209 0209 0209 0209 0209 0209.
0209 0209 0209 0209 0209 0209 0209 0209 0209 0209 0209 0209
0209 0209 0209 0209 0209 0209 0209 0209 0209 0209 0209 0209.
0209 0209 0209 0209 0209 0209 0209 0209 0209 0209 0209 0209
0209 0208 0208 0209 0208 0208 0208 0208 0208 0208 0208 0208.
0208 0208 0208 0208 0208 0208 0208 0208 0208 0208 0208 0208
0208 0208 0208 0208 0208 0208 0208 0208 0208 0208 0208 0208.
0208 0208 0208 0208 0208 0208 0208 0208 0208 0208 0208 0207
0208 0208 0207 0207 0208 0208 0207 0208 0208 0207 0207 0207.
0207 0207 0207 0207 0207 0207 0207 0207 0207 0207 0207 0207
0207 0207 0207 0207 0207 0207 0207 0207 0207 0207 0207 0207.
0207 0207 0207 0207 0207 0207 0207 0207 0207 0207 0207 0207
0207 0207 0207 0207 0207 0207 0207 0207 0207 0207 0207 0207.
0206 0206 0206 0206 0206 0206 0206 0206 0206 0206 0206 0206
0206 0206 0206 0206 0206 0206 0206 0206 0206 0206 0206 0206.
0206 0206 0206 0206 0206 0206 0206 0206 0206 0206 0206 0206
0206 0206 0206 0206 0206 0206 0206 0206 0206 0206 0206 0206.
0206 0206 0206 0206 0205 0205 0205 0205 0205 0205 0205 0205
0205 0205 0205 0205 0205 0205 0205 0205 0205 0205 0205 0205.
0205 0205 0205 0205 0205 0205 0205 0205 0205 0205 0205 0205
0205 0205 0205 0205 0205 0205 0205 0205 0205 0205 0205 0205.
0205 0204 0205 0204 0204 0204 0204 0204 0204 0204 0204 0204
0204 0204 0204 0204 0204 0204 0204 0204 0204 0204 0204 0204.
0204 0204 0204 0204 0204 0204 0204 0204 0204 0204 0204 0204
0204 0204 0204 0204 0204 0204 0204 0204 0204 0204 0204 0204.
0204 0204 0204 0204 0203 0203 0203 0203 0203 0203 0203 0203
0204 0203 0203 0203 0203 0203 0203 0203 0203 0203 0203 0203.
0203 0203 0203 0203 0203 0203 0203 0203 0203 0203 0203 0203
0203 0203 0203 0203 0203 0203 0203 0203 0203 0203 0203 0203.
0203 0203 0203 0203 0203 0203 0203 0202 0202 0203 0202 0202
0202 0202 0202 0202 0202 0202 0202 0202 0202 0202 0202 0202.
0202 0202 0202 0202 0202 0202 0202 0202 0202 0202 0202 0202
0202 0202 0202 0202 0202 0202 0202 0202 0202 0202 0202 0202.
0202 0202 0202 0202 0202 0202 0202 0202 0202 0202 0201 0201
0202 0202 0201 0202 0201 0202 0202 0201 0201 0201 0201 0201.
0201 0201 0201 0201 0201 0201 0201 0201 0201 0201 0201 0201
0201 0201 0201 0201 0201 0201 0201 0201 0201 0201 0201 0201.
0201 0201 0201 0201 0201 0201 0201 0200 0201 0200 0200 0200
0201 0200 0201 0200 0200 0201 0201 0200 0200 0200 0200 0200.
0200 0200 0200 0200 0200 0200 0200 0200 0200 0200 0200 0200
0200 0200 0200 0200 0200 0200 0200 0200 0200 0200 0200 0200=
A=
SA=
BA
0000 -002 -008 0015 -022 -015 -014 0050 0004 0060 0059 0075
0099 0157 0234 0280 0228 0237 0238 0142 0105 0066 0033 -002 0310 1228 -026 0232.
0002 -015 -005 -010 -011 0037 0031 0015 -024 -025 0003 0053
0122 0195 0275 0283 0253 0221 0178 0149 0112 0088 0090 0086 0309 1225 -030 0539.
0084 0083 0082 0081 0081 0078 0079 0078 0077 0076 0070 0087
0124 0170 0217 0249 0299 0204 0139 0122 0111 0067 0075 0046 0333 1231 0046 2000.
0063 0041 0022 0047 0015 -010 0001 -001 -020 -018 -019 0018
0129 0221 0300 0330 0333 0309 0258 0194 0114 0071 0034 0031 0343 1232 -024 0438.
0029 0003 0010 -002 -002 -017 -017 -019 -019 -024 -031 -010
0131 0224 0303 0330 0347 0306 0265 0198 0130 0095 0053 0040 0350 1223 -032 0705.
0018 0011 -002 -022 -021 0029 0013 0004 -011 -029 -036 0010
0099 0167 0235 0270 0272 0243 0204 0142 0075 0006 -002 -007 0280 1216 -036 0659.
0014 -012 -017 -021 -020 -022 -023 -022 -019 -018 -018 0030
0070 0145 0182 0254 0294 0281 0231 0168 0079 0027 0011 0007 0325 1310 -027 0412.
0004 -003 -015 -009 -002 -021 -018 -030 -033 -033 -029 -014
0111 0193 0288 0306 0315 0282 0242 0180 0114 0051 0033 0028 0316 1222 -035 0514.
0025 0021 0042 0010 -002 0009 -001 -010 -009 -016 -014 0017
0112 0172 0233 0282 0288 0253 0210 0157 0097 0060 0042 0036 0293 1226 -017 0616.
0036 0039 0050 0042 0024 0008 0015 -005 0009 0014 0017 0028
0084 0124 0187 0206 0200 0185 0165 0126 0093 0081 0078 0073 0218 1312 -007 0413.
0072 0065 0038 0025 0001 -008 -007 0005 -002 -001 -026 0005
0076 0080 0075 0104 0119 0135 0107 0089 0071 0063 0062 0063 0146 1350 -030 0706.
0065 0066 0064 0062 0060 0059 0061 0064 0065 0065 0066 0064
0076 0082 0080 0074 0080 0075 0074 0072 0070 0067 0067 0068 0083 0934 0059 0052.
0068 0069 0069 0071 0069 0069 0069 0069 0068 0068 0071 0073
0095 0143 0162 0185 0161 0150 0135 0124 0069 0058 0074 0068 0192 1132 0047 1752.
0063 0062 0066 0068 0068 0067 0064 0060 0058 0055 0054 0052
0063 0077 0083 0089 0093 0101 0132 0102 0067 0034 -020 -008 0132 1459 -023 1911.
-018 -030 -035 -039 -040 -045 -044 -049 -052 -033 -042 -009
0063 0121 0182 0241 0237 0220 0175 0127 0085 0040 0042 0019 0256 1243 -052 0453.
0023 0006 -012 -011 -023 -035 -038 -031 -034 -041 -037 0042
0082 0137 0196 0239 0246 0224 0187 0126 0059 0000 -002 -010 0248 1224 -044 0619.
-029 -028 -041 -042 -039 -049 -043 -044 -038 -043 -054 -014
0067 0110 0148 0240 0253 0233 0160 0132 0088 0068 0064 0060 0258 1257 -055 0701.
0061 0061 0061 0061 0059 0054 0050 0056 0055 0026 0036 0067
0108 0169 0227 0247 0256 0246 0199 0142 0108 0092 0089 0089 0265 1216 0022 0605.
0084 0086 0085 0085 0062 0080 0084 0083 0083 0080 0082 0092
0122 0122 0155 0155 0132 0143 0128 0113 0113 0093 0091 0089 0156 1159 0061 0101.
0088 0086 0085 0084 0083 0082 0083 0082 0082 0081 0080 0087
0102 0104 0116 0118 0108 0096 0094 0094 0087 0081 0077 0077 0126 1211 0076 1914.
0077 0077 0076 0076 0080 0077 0075 0075 0074 0074 0071 0074
0082 0129 0113 0115 0123 0118 0101 0094 0091 0081 0075 0069 0170 1121 0068 1922.
0045 0081 0029 0067 0072 0055 0062 0018 0021 0038 0068 0075
0095 0113 0176 0260 0275 0270 0219 0147 0082 0043 0026 0013 0280 1309 0003 0520.
0000 -002 -006 -011 0000 0013 0065 0061 0064 0064 0065 0069
0076 0116 0149 0163 0128 0114 0125 0117 0088 0072 0070 0070 0175 1120 -011 2358.
0068 0071 0069 0063 0067 0066 0066 0065 0063 0061 0060 0062
0078 0083 0094 0092 0089 0087 0076 0074 0066 0061 0061 0061 0097 1052 0060 0607.
0060 0058 0052 0053 0051 0052 0050 0051 0046 0041 0040 0045
0046 0052 0046 0046 0044 0048 0045 0044 0042 0039 0038 0040 0062 2001 0038 1816.
0042 0042 0043 0034 0044 0044 0042 0044 0043 0047 0044 0047
0053 0062 0076 0084 0096 0097 0126 0099 0069 0053 0055 0028 0129 1453 0028 2000.
-020 -015 -020 -014 -014 0031 0048 0048 0041 0042 0044 0045
0063 0091 0203 0244 0256 0234 0191 0114 0057 0035 0044 0046 0258 1248 -023 2146.
0045 0031 0025 0020 0004 -028 -032 -037 -039 -016 0004 -002
0067 0111 0119 0185 0190 0160 0172 0119 0054 0014 0007 -010 0215 1331 -040 0507.
-022 -030 -033 -034 -037 -036 -045 -048 -046 -046 -017 0031
0058 0092 0142 0198 0227 0194 0168 0110 0047 0013 0001 -012 0234 1427 -049 0408.
-024 -028 -036 -037 -040 -044 -046 -046 -049 -045 -046 -028
0049 0084 0110 0154 0192 0178 0151 0103 0045 -013 -021 -013 0196 1320 -049 0418.
-024 -027 -029 -030 -032 -035 -024 0002 0022 0009 -011 -016
0056 0076 0107 0117 0121 0136 0134 0090 0067 0054 0051 0049 0150 1433 -035 0134=
=
??????
******
YF
19011




1
1
1
1
1
1
20170102=
JY
8888=
GK
01/
05/=
BZ
10/03/08;14;20

10/24/24
11/=
######
