57461 3042N 11118E 001331 001343 105 000 S14 11111999919199111991 0 2015 12
PC
0061 0065 0066 0062 0059 0054 0049 0041 0042 0044 0053 0058
0060 0062 0061 0049 0034 0023 0021 0026 0030 0038 0045 0054 0066 2203 0021 1408.
0059 0063 0068 0068 0072 0077 0081 0082 0077 0082 0090 0100
0107 0116 0114 0105 0098 0089 0083 0079 0084 0088 0095 0099 0117 1013 0054 2001.
0107 0109 0109 0109 0104 0103 0102 0104 0104 0107 0113 0123
0131 0135 0131 0123 0114 0104 0102 0104 0108 0118 0126 0132 0135 1000 0099 2001.
0136 0139 0141 0144 0149 0145 0143 0141 0140 0144 0150 0159
0168 0173 0169 0158 0144 0135 0127 0120 0120 0123 0132 0135 0173 0951 0118 1605.
0133 0133 0132 0126 0122 0123 0110 0110 0107 0106 0110 0120
0127 0135 0135 0126 0122 0119 0120 0122 0129 0137 0143 0144 0146 1928 0102 0638.
0151 0157 0160 0158 0155 0152 0147 0137 0138 0140 0140 0147
0151 0154 0149 0139 0127 0115 0107 0108 0108 0113 0120 0126 0160 2253 0106 1509.
0132 0138 0140 0136 0133 0128 0123 0121 0123 0126 0129 0135
0142 0149 0148 0139 0132 0125 0124 0125 0131 0136 0140 0145 0150 1009 0120 0339.
0149 0154 0154 0149 0148 0144 0136 0128 0129 0131 0138 0142
0142 0142 0139 0130 0114 0105 0104 0100 0098 0097 0104 0110 0157 2230 0094 1730.
0112 0111 0106 0107 0104 0099 0090 0087 0086 0084 0086 0087
0093 0093 0090 0076 0062 0055 0055 0056 0060 0063 0065 0068 0113 2107 0052 1433.
0069 0069 0071 0072 0070 0071 0074 0070 0065 0065 0067 0071
0076 0077 0075 0069 0064 0059 0054 0060 0064 0068 0069 0073 0078 1005 0053 1503.
0077 0078 0081 0081 0079 0078 0077 0079 0079 0079 0082 0087
0090 0095 0093 0084 0075 0066 0063 0062 0064 0068 0072 0077 0095 1000 0061 1612.
0081 0076 0080 0081 0080 0073 0066 0063 0059 0059 0063 0068
0072 0077 0076 0067 0056 0048 0046 0045 0048 0055 0061 0068 0082 2358 0044 1517.
0073 0078 0079 0079 0076 0072 0071 0070 0068 0067 0075 0085
0094 0102 0103 0099 0090 0085 0084 0086 0089 0094 0103 0108 0108 1959 0066 0526.
0115 0120 0118 0115 0113 0110 0106 0105 0105 0104 0108 0115
0117 0124 0123 0114 0104 0097 0095 0094 0099 0107 0115 0121 0125 1028 0094 1428.
0126 0128 0131 0127 0125 0123 0119 0116 0113 0118 0126 0136
0141 0151 0147 0139 0129 0123 0119 0117 0123 0132 0145 0155 0155 1957 0113 0437.
0163 0167 0170 0174 0177 0179 0180 0181 0182 0184 0191 0197
0205 0209 0206 0195 0181 0169 0164 0163 0169 0173 0183 0192 0210 0945 0155 2001.
0200 0205 0208 0207 0206 0203 0202 0201 0196 0192 0197 0204
0208 0211 0206 0195 0181 0165 0155 0153 0154 0157 0166 0172 0212 1006 0152 1603.
0176 0178 0175 0170 0171 0170 0171 0169 0163 0162 0167 0171
0178 0184 0184 0172 0158 0150 0146 0144 0148 0153 0160 0164 0185 0949 0144 1539.
0167 0169 0171 0173 0169 0164 0163 0162 0157 0161 0161 0165
0170 0169 0169 0160 0150 0139 0136 0139 0140 0143 0150 0152 0174 1036 0136 1458.
0154 0156 0154 0152 0148 0147 0141 0134 0127 0130 0130 0134
0137 0138 0130 0117 0107 0096 0084 0080 0085 0090 0095 0104 0156 2150 0080 1547.
0108 0113 0115 0116 0110 0106 0099 0090 0087 0088 0088 0094
0099 0105 0103 0097 0087 0078 0071 0070 0075 0080 0087 0094 0118 0017 0070 1446.
0100 0104 0105 0107 0107 0106 0103 0100 0098 0102 0105 0109
0113 0117 0117 0108 0096 0084 0079 0078 0080 0087 0091 0097 0119 0943 0077 1551.
0102 0109 0107 0106 0104 0100 0093 0087 0086 0084 0086 0091
0095 0098 0093 0082 0069 0059 0053 0051 0054 0061 0068 0074 0111 2323 0051 1516.
0081 0087 0092 0095 0091 0093 0094 0092 0093 0094 0101 0110
0118 0127 0132 0128 0121 0113 0109 0110 0115 0124 0133 0139 0139 1940 0074 2001.
0143 0146 0145 0142 0142 0140 0140 0138 0135 0136 0139 0141
0144 0146 0141 0127 0111 0097 0087 0082 0080 0081 0081 0083 0146 2140 0079 1702.
0087 0087 0085 0078 0073 0070 0066 0061 0055 0053 0058 0065
0069 0071 0070 0054 0042 0030 0024 0030 0037 0052 0063 0070 0089 2114 0024 1458.
0080 0083 0087 0089 0093 0098 0101 0101 0103 0110 0117 0126
0138 0147 0150 0147 0144 0141 0142 0145 0147 0160 0170 0177 0177 1949 0070 2001.
0183 0190 0196 0197 0198 0202 0201 0198 0199 0198 0205 0212
0216 0223 0223 0214 0202 0190 0179 0183 0185 0191 0194 0195 0224 1011 0177 2001.
0200 0204 0205 0199 0194 0187 0187 0179 0176 0174 0179 0182
0186 0190 0184 0171 0159 0147 0142 0141 0140 0144 0150 0153 0205 2246 0139 1525.
0159 0159 0160 0160 0153 0148 0147 0146 0141 0146 0153 0159
0166 0175 0170 0165 0154 0145 0142 0142 0144 0152 0159 0163 0175 0952 0139 0523.
0171 0172 0175 0175 0172 0174 0172 0169 0165 0167 0174 0183
0189 0193 0194 0181 0168 0154 0146 0144 0145 0148 0153 0155 0196 1015 0144 1526=
0218 0222 0186 0218
0241 0265 0252 0264
0267 0289 0268 0298
0310 0325 0301 0302
0289 0287 0286 0311
0320 0315 0281 0293
0294 0302 0292 0313
0311 0310 0271 0276
0264 0253 0219 0233
0235 0236 0223 0238
0243 0252 0231 0242
0238 0234 0214 0234
0238 0251 0251 0274
0276 0281 0263 0287
0289 0303 0289 0322
0346 0366 0337 0361
0372 0375 0334 0343
0339 0341 0318 0333
0332 0333 0306 0320
0315 0302 0263 0272
0273 0262 0246 0262
0274 0277 0251 0264
0267 0258 0225 0241
0260 0277 0280 0306
0307 0308 0261 0249
0235 0232 0193 0236
0262 0293 0307 0346
0370 0382 0360 0365
0357 0351 0315 0322
0316 0328 0312 0331
0341 0351 0320 0323=
TB
0097 0096 0096 0095 0095 0095 0094 0094 0094 0095 0095 0096
0098 0102 0107 0116 0123 0123 0127 0126 0123 0120 0117 0114 0128 1529 0094 0124.
0111 0105 0102 0099 0095 0094 0093 0090 0088 0093 0092 0092
0098 0106 0112 0144 0161 0171 0162 0159 0149 0136 0118 0112 0172 1409 0088 0427.
0099 0090 0086 0077 0075 0071 0067 0066 0069 0060 0060 0064
0079 0092 0115 0129 0137 0145 0143 0139 0134 0128 0123 0117 0147 1353 0056 0638.
0113 0109 0104 0097 0090 0086 0084 0082 0082 0082 0082 0082
0085 0091 0099 0106 0111 0110 0107 0106 0103 0097 0091 0078 0117 2003 0078 1958.
0072 0069 0065 0063 0061 0061 0064 0065 0064 0066 0066 0066
0068 0070 0070 0068 0067 0073 0078 0079 0079 0077 0076 0073 0080 1533 0060 0104.
0074 0068 0064 0062 0064 0061 0058 0053 0050 0052 0050 0052
0061 0077 0090 0106 0111 0123 0127 0127 0115 0106 0103 0096 0132 1541 0049 0429.
0090 0087 0083 0078 0067 0066 0061 0057 0052 0050 0060 0059
0060 0064 0067 0072 0071 0068 0072 0072 0069 0068 0070 0067 0096 2001 0049 0558.
0074 0077 0078 0078 0074 0069 0063 0059 0060 0056 0062 0064
0069 0074 0081 0088 0100 0103 0099 0096 0092 0091 0090 0089 0103 1358 0056 0547.
0087 0082 0080 0080 0080 0080 0078 0078 0077 0077 0077 0075
0081 0088 0091 0097 0105 0111 0111 0108 0104 0101 0099 0097 0113 1354 0074 0736.
0095 0094 0093 0092 0092 0091 0090 0089 0089 0087 0088 0089
0095 0100 0102 0103 0104 0107 0106 0106 0104 0102 0101 0100 0107 1349 0087 0540.
0099 0097 0096 0093 0092 0090 0092 0090 0090 0089 0089 0090
0094 0091 0091 0094 0092 0090 0088 0087 0085 0084 0084 0084 0101 2011 0083 1919.
0083 0083 0080 0078 0078 0078 0076 0076 0074 0073 0072 0072
0071 0066 0066 0068 0070 0072 0074 0076 0076 0076 0076 0078 0084 2001 0065 1034.
0074 0074 0072 0074 0075 0077 0076 0075 0075 0075 0074 0072
0068 0067 0071 0078 0083 0085 0085 0086 0086 0082 0081 0080 0087 1530 0066 0939.
0079 0077 0073 0072 0070 0070 0069 0071 0072 0073 0073 0075
0081 0085 0088 0095 0100 0099 0099 0100 0099 0095 0093 0090 0102 1525 0069 0238.
0088 0086 0084 0082 0078 0076 0070 0067 0066 0065 0065 0070
0080 0093 0104 0116 0110 0113 0112 0117 0109 0101 0098 0089 0120 1149 0064 0528.
0086 0079 0073 0065 0056 0051 0046 0045 0044 0038 0035 0039
0057 0065 0079 0085 0092 0095 0100 0099 0086 0075 0068 0058 0105 1448 0034 0707.
0052 0050 0038 0025 0018 0014 0011 0004 0002 -004 -003 -003
0019 0048 0063 0070 0076 0085 0090 0086 0079 0066 0059 0044 0094 1414 -006 0709.
0036 0035 0029 0030 0032 0024 0024 0018 0015 0020 0020 0026
0036 0044 0052 0066 0073 0085 0090 0084 0076 0069 0066 0063 0093 1502 0014 0507.
0059 0060 0060 0056 0056 0055 0055 0055 0053 0054 0053 0053
0058 0066 0071 0079 0080 0080 0078 0079 0077 0074 0069 0066 0082 1247 0051 0739.
0063 0062 0058 0052 0048 0044 0041 0039 0039 0038 0039 0040
0042 0059 0068 0080 0086 0093 0093 0089 0078 0067 0059 0054 0096 1413 0037 0621.
0046 0046 0046 0044 0041 0042 0042 0039 0039 0039 0040 0040
0041 0042 0040 0040 0042 0044 0046 0047 0048 0049 0048 0048 0054 2001 0038 0413.
0048 0048 0049 0050 0050 0049 0048 0047 0046 0041 0040 0043
0045 0048 0053 0059 0064 0066 0069 0072 0072 0071 0070 0069 0073 1601 0040 0601.
0069 0069 0068 0068 0067 0066 0056 0059 0059 0057 0058 0056
0057 0060 0062 0065 0068 0069 0067 0068 0068 0066 0065 0063 0070 2114 0053 0309.
0063 0058 0057 0057 0056 0058 0061 0061 0061 0062 0062 0062
0063 0071 0074 0077 0081 0090 0094 0093 0090 0086 0082 0082 0095 1522 0056 2345.
0081 0081 0078 0074 0073 0075 0072 0065 0056 0062 0063 0059
0062 0068 0098 0119 0136 0138 0144 0141 0134 0119 0102 0090 0147 1505 0055 0534.
0080 0075 0069 0060 0055 0050 0048 0045 0040 0038 0033 0033
0051 0080 0101 0141 0160 0162 0164 0149 0135 0124 0114 0109 0167 1435 0030 0741.
0105 0096 0085 0075 0069 0062 0060 0052 0050 0047 0044 0046
0057 0082 0091 0100 0110 0111 0110 0100 0091 0078 0067 0056 0113 1315 0043 0703.
0049 0046 0041 0042 0042 0039 0037 0038 0036 0035 0035 0035
0036 0036 0039 0041 0042 0045 0046 0047 0048 0048 0046 0046 0056 2001 0034 0733.
0047 0047 0047 0046 0045 0045 0045 0045 0044 0044 0044 0046
0049 0051 0059 0063 0071 0076 0076 0077 0073 0068 0064 0057 0079 1438 0044 0409.
0051 0046 0040 0038 0033 0030 0031 0030 0031 0031 0030 0033
0038 0040 0056 0076 0098 0112 0127 0127 0117 0107 0100 0092 0134 1526 0028 0207.
0086 0084 0076 0075 0068 0064 0058 0051 0047 0039 0037 0036
0042 0058 0086 0113 0131 0138 0140 0141 0133 0117 0110 0094 0147 1536 0034 0744=
IB
=
0089 0088 0090 0089 0089 0086 0089 0089 0089 0089 0089 0085
0086 0090 0090 0093 0084 0082 0078 0079 0080 0090 0091 0091.
0090 0089 0094 0087 0089 0089 0088 0085 0084 0090 0089 0089
0095 0103 0107 0102 0051 0051 0046 0046 0034 0031 0043 0042.
0062 0068 0055 0055 0058 0060 0058 0057 0055 0046 0048 0052
0065 0059 0066 0060 0026 0024 0002 0005 0011 0021 0030 0035.
0047 0052 0052 0071 0071 0062 0060 0058 0067 0068 0071 0055
0021 0010 0008 -021 -023 -024 -010 -002 -017 -020 -002 0019.
0040 0044 0045 0046 0052 0054 0058 0055 0054 0056 0060 0059
0062 0063 0063 0059 0056 0064 0061 0065 0059 0062 0059 0058.
0065 0061 0057 0056 0060 0057 0052 0047 0041 0048 0046 0046
0055 0055 0054 0062 0058 0068 0063 0058 0064 0058 0047 0050.
0050 0047 0045 0042 0040 0044 0038 0040 0035 0038 0053 0052
0050 0058 0056 0058 0052 0051 0055 0055 0054 0050 0053 0052.
0057 0062 0059 0061 0057 0052 0056 0053 0054 0052 0059 0061
0065 0067 0062 0059 0054 0051 0049 0038 0048 0051 0054 0053.
0062 0065 0061 0063 0060 0060 0059 0063 0062 0063 0065 0058
0067 0064 0067 0068 0063 0043 0048 0038 0043 0049 0047 0053.
0055 0059 0062 0066 0066 0062 0059 0060 0058 0060 0061 0062
0066 0056 0060 0055 0050 0048 0041 0052 0048 0052 0049 0052.
0059 0064 0058 0053 0054 0057 0075 0074 0071 0072 0067 0073
0070 0067 0053 0050 0050 0042 0046 0039 0039 0040 0040 0037.
0025 0030 0035 0025 0027 0040 0044 0052 0050 0044 0045 0047
0048 0054 0059 0062 0059 0060 0067 0064 0065 0069 0069 0071.
0068 0070 0068 0065 0071 0073 0072 0066 0071 0066 0070 0063
0062 0060 0064 0069 0072 0071 0073 0069 0074 0070 0066 0058.
0054 0052 0049 0047 0047 0048 0049 0052 0050 0048 0053 0060
0062 0066 0061 0060 0060 0053 0053 0058 0059 0057 0060 0073.
0074 0067 0069 0068 0067 0065 0058 0056 0051 0055 0058 0061
0066 0066 0045 0024 0013 0015 0017 0016 0006 0004 -010 0004.
-004 0004 0014 0024 0019 0018 0021 0032 0029 0026 0022 0029
0022 -046 -052 -047 -055 -052 -044 -037 -046 -043 -052 -074.
-101 -092 -057 -032 -020 -024 -028 -035 -025 -020 -017 -025
-036 -019 -057 -094 -073 -077 -072 -080 -082 -085 -077 -068.
-069 -062 -037 -047 -021 -025 -018 -031 -028 -023 -009 -005
-010 -025 -046 -057 -071 -047 -056 -062 -069 -068 -074 -070.
-067 -066 -059 -037 -022 -036 -036 -028 -028 -017 -010 -014
-021 -025 -021 -049 -069 -094 -079 -074 -064 -053 -045 -045.
-042 -043 -035 -026 -021 -008 -009 -003 -003 -004 -003 0005
0007 0005 -014 -015 -018 -026 -017 -007 -007 0004 -004 -002.
0018 0023 0018 0019 0023 0026 0026 0024 0026 0021 0019 0015
0023 0022 0028 0031 0032 0024 0026 0024 0025 0029 0030 0030.
0028 0025 0031 0027 0032 0034 0033 0035 0034 0035 0034 0037
0039 0041 0041 0041 0036 0041 0039 0034 0038 0039 0038 0037.
0037 0046 0045 0048 0045 0046 0044 0050 0049 0048 0051 0047
0050 0053 0055 0051 0050 0054 0045 0050 0056 0057 0048 0041.
0041 0046 0045 0048 0047 0046 0055 0051 0055 0052 0056 0058
0057 0064 0065 0060 0064 0066 0067 0064 0066 0064 0068 0070.
0070 0069 0072 0068 0064 0071 0068 0061 0050 0056 0059 0056
0059 0065 0067 0058 0060 0049 0050 0033 0038 0046 0054 0052.
0058 0055 0055 0046 0043 0044 0042 0041 0036 0034 0023 0023
0036 0033 0029 0014 0021 0043 0028 0040 0030 0049 0053 0050.
0051 0054 0056 0055 0049 0045 0050 0045 0037 0035 0037 0039
0051 0058 0045 0044 0047 0039 0040 0024 0020 0021 0004 0004.
-005 -004 -007 0000 0002 -001 -001 0001 -004 -001 0000 -001
0001 0003 0004 0008 0009 0006 0006 0005 0006 0002 0004 0002.
0008 0010 0012 0013 0012 0014 0015 0017 0016 0011 0014 0018
0019 0019 0014 0016 0022 0019 0023 0026 0020 0023 0023 0020.
0033 0033 0027 0031 0026 0024 0025 0020 0027 0027 0027 0026
0031 0037 0049 0057 0050 0049 0047 0036 0044 0044 0044 0042.
0050 0052 0051 0053 0041 0052 0051 0044 0037 0029 0024 0026
0036 0052 0055 0021 -005 -010 -001 -011 -039 -025 -002 0008=
EA
114 113 115 114 114 112 114 114 114 114 114 111
111 114 114 117 110 109 106 106 107 115 115 116.
115 114 118 112 114 114 114 111 110 115 114 114
119 125 129 125 088 088 085 085 078 076 083 082.
095 099 090 090 092 094 092 092 090 085 086 088
097 093 098 094 074 073 062 063 066 071 076 078.
086 089 088 101 101 095 094 092 098 099 101 090
071 066 065 052 052 051 057 060 054 053 060 070.
081 084 084 085 088 089 092 090 089 091 094 093
095 095 095 093 091 096 094 097 093 095 093 092.
097 094 091 091 093 091 088 085 082 086 085 085
090 090 089 095 092 099 095 092 096 092 085 087.
087 085 084 082 081 084 080 081 079 080 089 088
087 092 091 092 089 088 090 090 089 087 089 088.
092 095 093 094 092 088 091 089 090 088 093 094
096 098 095 093 090 088 087 080 086 088 089 089.
094 097 094 095 093 093 093 095 095 096 097 092
098 096 098 099 095 083 086 080 083 086 085 089.
090 093 095 098 098 095 093 093 092 093 094 095
097 091 093 090 087 086 082 088 086 088 086 088.
093 096 092 089 090 092 103 103 101 101 098 102
100 098 089 087 087 083 085 081 081 082 082 079.
073 075 078 073 074 081 083 089 087 084 084 085
086 090 093 095 093 093 098 096 097 099 099 100.
099 100 098 097 101 102 101 097 101 097 100 095
095 093 096 099 102 101 102 099 103 100 097 092.
089 088 087 085 085 086 087 089 087 086 089 093
095 098 094 094 093 089 089 092 093 091 094 102.
103 098 099 099 098 097 092 091 088 090 092 094
098 097 084 072 067 068 069 069 064 063 057 063.
059 063 067 073 070 069 071 077 075 074 071 075
071 044 042 043 041 042 044 046 044 045 041 035.
028 031 040 048 053 051 050 047 051 053 054 051
047 053 040 030 035 034 036 033 033 032 034 037.
036 038 047 043 052 051 054 049 050 051 057 059
057 051 043 040 036 043 040 039 037 037 035 036.
037 037 039 046 052 047 047 050 050 054 057 055
053 051 052 043 036 030 034 035 038 041 044 044.
045 045 047 050 052 058 057 060 060 059 060 063
064 063 055 055 054 050 054 058 058 063 059 060.
070 072 070 070 072 073 073 073 073 071 070 068
072 072 075 076 077 073 074 073 073 075 076 076.
075 073 076 074 077 078 077 079 078 079 078 080
081 082 082 082 079 082 081 078 080 081 080 080.
080 085 084 086 084 085 084 087 086 086 088 085
087 089 090 088 087 089 084 087 091 092 086 082.
082 085 084 086 085 085 090 088 090 088 091 092
092 096 097 093 096 098 098 096 098 096 099 100.
100 099 102 099 096 101 098 094 087 091 093 091
093 097 098 092 093 087 087 077 080 085 090 088.
092 090 090 085 083 084 083 082 079 078 072 072
079 077 075 068 071 083 075 081 076 086 089 087.
088 090 091 090 087 084 087 084 079 079 079 081
088 092 084 083 085 081 081 072 070 071 063 063.
059 059 058 061 062 061 060 062 059 060 061 060
062 062 063 065 065 064 064 063 064 062 063 062.
065 066 067 067 067 067 068 069 069 066 068 070
070 070 068 069 072 070 072 074 071 072 072 070.
077 077 074 076 074 073 073 070 074 074 074 074
076 080 086 092 087 086 085 079 084 084 083 083.
087 088 088 089 082 088 088 083 079 075 072 073
079 088 090 071 059 057 061 056 046 051 060 065=
UB
95 95 96 96 96 94 97 97 97 96 96 93
92 92 89 86 77 76 72 73 75 82 84 86 71 1509.
87 90 95 92 96 97 97 97 97 98 98 98
98 98 97 76 48 45 46 47 46 49 60 62 42 1334.
78 86 81 86 89 93 94 94 91 91 92 92
91 80 72 63 47 44 38 40 43 48 53 57 35 1511.
64 68 70 84 88 85 85 85 90 91 93 83
64 57 53 41 39 39 44 47 43 44 52 66 36 1213.
80 84 87 89 94 95 96 93 93 93 96 95
96 95 95 94 93 94 89 91 87 90 89 90 67 2003.
94 95 95 96 97 97 96 96 94 97 97 96
96 86 78 74 70 69 65 63 71 72 68 73 58 1535.
76 76 77 78 83 86 85 89 89 92 95 95
93 96 93 91 88 89 89 89 90 88 89 90 72 2003.
89 90 88 89 89 89 95 96 96 97 98 98
97 95 88 82 73 70 71 67 74 76 78 78 65 1422.
84 89 88 89 87 87 88 90 90 91 92 89
91 85 85 82 75 63 65 62 66 70 70 74 61 1433.
76 79 81 84 84 82 81 82 81 83 83 83
82 74 75 72 69 67 64 69 68 71 70 72 64 1444.
76 80 77 76 77 80 89 90 88 89 86 89
85 85 77 74 75 72 75 72 73 74 74 72 70 2004.
67 69 73 69 70 77 80 85 85 82 83 84
85 92 95 96 93 92 95 92 93 95 95 95 66 2123.
96 97 97 94 97 97 97 94 97 94 97 94
96 95 95 94 93 91 92 89 92 92 90 86 84 1924.
84 84 85 84 85 86 87 88 86 84 87 90
88 88 83 79 76 73 73 75 76 77 80 89 70 1456.
91 88 90 91 93 93 92 93 90 93 95 94
91 83 67 53 51 51 52 50 49 51 47 55 47 1701.
53 59 66 75 77 79 84 91 90 92 91 93
78 45 39 39 35 35 36 38 39 43 42 38 33 1433.
32 35 50 66 76 76 75 75 82 89 90 85
67 62 42 30 34 31 31 30 31 33 37 44 27 1518.
46 49 62 57 68 70 74 70 73 73 81 80
72 61 49 41 35 39 35 35 35 37 36 38 33 1449.
40 40 42 51 57 52 52 55 56 60 64 62
57 52 52 40 34 28 32 33 36 40 44 45 27 1318.
47 47 51 57 61 69 70 74 74 74 74 78
78 68 56 51 48 43 46 51 55 64 64 67 42 1352.
82 85 82 84 88 89 89 90 91 88 86 84
88 87 92 94 93 87 87 85 85 87 88 88 65 2001.
87 85 88 85 88 90 90 92 92 96 96 96
96 95 92 88 82 84 81 77 79 80 80 80 75 1627.
80 85 85 87 86 87 92 94 93 94 95 94
95 95 95 91 88 90 86 88 92 94 89 86 77 2058.
86 92 92 94 94 92 96 93 96 93 96 97
96 95 94 89 89 85 83 82 85 86 91 92 78 1538.
93 92 96 96 94 97 97 97 96 96 97 98
98 98 81 66 60 55 53 48 52 61 72 77 47 1608.
86 87 91 91 92 96 96 97 97 97 93 93
90 72 61 42 39 45 40 48 49 60 66 67 36 1340.
69 75 82 87 87 89 93 95 91 92 95 95
96 85 73 68 65 61 62 59 61 67 64 69 56 1534.
68 70 71 74 75 75 76 77 75 77 78 77
78 79 78 79 79 76 75 74 74 72 74 73 67 2003.
76 77 78 79 79 80 81 82 82 79 81 82
81 80 73 72 71 67 69 70 69 73 75 77 66 1403.
88 91 91 95 95 96 96 93 97 97 98 95
95 98 95 88 72 65 58 54 61 65 68 71 52 1530.
78 80 84 86 83 92 95 95 93 93 91 93
96 96 81 53 39 36 38 35 30 37 46 55 29 1725=
N=
H=
C=
V=
R6
0003 0000 0003
0000 0000 0000
0000 0000 0000
0013 0005 0018
0099 0074 0173
0000 0000 0000
0000 0000 0000
0000 0000 0000
0000 0000 0000
0000 0000 0000
0000 0000 0000
0000 0037 0037
0018 0002 0020
0000 0000 0000
0000 0000 0000
0000 0000 0000
0000 0000 0000
0000 0000 0000
0000 0000 0000
0000 0000 0000
0000 0000 0000
0003 0000 0003
0021 0010 0031
0008 0001 0009
0000 0000 0000
0000 0000 0000
0000 0000 0000
0000 0000 0000
0000 0000 0000
0000 0000 0000
0000 0000 0000=
0001 0000 0000 0001 0000 0000 0001 0000 0000 0000 0000 0000
0000 0000 0000 0000 0000 0000 0000 0000 0000 0000 0000 0000.
0000 0000 0000 0000 0000 0000 0000 0000 0000 0000 0000 0000
0000 0000 0000 0000 0000 0000 0000 0000 0000 0000 0000 0000.
0000 0000 0000 0000 0000 0000 0000 0000 0000 0000 0000 0000
0000 0000 0000 0000 0000 0000 0000 0000 0000 0000 0000 0000.
0000 0000 0000 0000 0006 0002 0001 0000 0002 0002 0000 0000
0000 0000 0000 0000 0001 0000 0000 0000 0000 0000 0000 0004.
0003 0003 0011 0015 0013 0014 0012 0009 0005 0004 0004 0006
0008 0011 0016 0013 0013 0009 0001 0003 0000 0000 0000 0000.
0000 0000 0000 0000 0000 0000 0000 0000 0000 0000 0000 0000
0000 0000 0000 0000 0000 0000 0000 0000 0000 0000 0000 0000.
0000 0000 0000 0000 0000 0000 0000 0000 0000 0000 0000 0000
0000 0000 0000 0000 0000 0000 0000 0000 0000 0000 0000 0000.
0000 0000 0000 0000 0000 0000 0000 0000 0000 0000 0000 0000
0000 0000 0000 0000 0000 0000 0000 0000 0000 0000 0000 0000.
0000 0000 0000 0000 0000 0000 0000 0000 0000 0000 0000 0000
0000 0000 0000 0000 0000 0000 0000 0000 0000 0000 0000 0000.
0000 0000 0000 0000 0000 0000 0000 0000 0000 0000 0000 0000
0000 0000 0000 0000 0000 0000 0000 0000 0000 0000 0000 0000.
0000 0000 0000 0000 0000 0000 0000 0000 0000 0000 0000 0000
0000 0000 0000 0000 0000 0000 0000 0000 0000 0000 0000 0000.
0000 0000 0000 0000 0000 0000 0000 0000 0000 0000 0000 0000
0000 0000 0004 0008 0007 0006 0003 0005 0002 0000 0001 0001.
0001 0001 0001 0000 0001 0003 0003 0001 0006 0001 0000 0000
0000 0001 0001 0000 0000 0000 0000 0000 0000 0000 0000 0000.
0000 0000 0000 0000 0000 0000 0000 0000 0000 0000 0000 0000
0000 0000 0000 0000 0000 0000 0000 0000 0000 0000 0000 0000.
0000 0000 0000 0000 0000 0000 0000 0000 0000 0000 0000 0000
0000 0000 0000 0000 0000 0000 0000 0000 0000 0000 0000 0000.
0000 0000 0000 0000 0000 0000 0000 0000 0000 0000 0000 0000
0000 0000 0000 0000 0000 0000 0000 0000 0000 0000 0000 0000.
0000 0000 0000 0000 0000 0000 0000 0000 0000 0000 0000 0000
0000 0000 0000 0000 0000 0000 0000 0000 0000 0000 0000 0000.
0000 0000 0000 0000 0000 0000 0000 0000 0000 0000 0000 0000
0000 0000 0000 0000 0000 0000 0000 0000 0000 0000 0000 0000.
0000 0000 0000 0000 0000 0000 0000 0000 0000 0000 0000 0000
0000 0000 0000 0000 0000 0000 0000 0000 0000 0000 0000 0000.
0000 0000 0000 0000 0000 0000 0000 0000 0000 0000 0000 0000
0000 0000 0000 0000 0000 0000 0000 0000 0000 0000 0000 0000.
0000 0000 0000 0000 0000 0000 0000 0000 0000 0000 0000 0000
0000 0000 0000 0000 0000 0000 0000 0000 0000 0000 0000 0000.
0000 0000 0000 0000 0000 0000 0000 0000 0001 0002 0000 0000
0000 0000 0000 0000 0000 0000 0000 0000 0000 0000 0000 0000.
0000 0000 0000 0000 0000 0000 0000 0000 0005 0007 0001 0008
0005 0001 0000 0000 0000 0000 0003 0001 0000 0000 0000 0000.
0000 0006 0000 0000 0001 0000 0000 0000 0000 0001 0000 0000
0000 0001 0000 0000 0000 0000 0000 0000 0000 0000 0000 0000.
0000 0000 0000 0000 0000 0000 0000 0000 0000 0000 0000 0000
0000 0000 0000 0000 0000 0000 0000 0000 0000 0000 0000 0000.
0000 0000 0000 0000 0000 0000 0000 0000 0000 0000 0000 0000
0000 0000 0000 0000 0000 0000 0000 0000 0000 0000 0000 0000.
0000 0000 0000 0000 0000 0000 0000 0000 0000 0000 0000 0000
0000 0000 0000 0000 0000 0000 0000 0000 0000 0000 0000 0000.
0000 0000 0000 0000 0000 0000 0000 0000 0000 0000 0000 0000
0000 0000 0000 0000 0000 0000 0000 0000 0000 0000 0000 0000.
0000 0000 0000 0000 0000 0000 0000 0000 0000 0000 0000 0000
0000 0000 0000 0000 0000 0000 0000 0000 0000 0000 0000 0000.
0000 0000 0000 0000 0000 0000 0000 0000 0000 0000 0000 0000
0000 0000 0000 0000 0000 0000 0000 0000 0000 0000 0000 0000.
0000 0000 0000 0000 0000 0000 0000 0000 0000 0000 0000 0000
0000 0000 0000 0000 0000 0000 0000 0000 0000 0000 0000 0000=
0000 ////////// 00000=
W=
LA
=
001 000 000 001 000 000 002 000 000 000 000 000
000 000 000 000 000 000 001 000 000 000 000 000 005.
001 000 000 001 000 001 001 000 000 001 000 000
001 000 000 001 001 001 001 001 001 000 000 001 013.
000 000 001 000 000 001 000 001 001 000 000 001
000 000 000 002 000 001 001 000 000 001 000 000 010.
000 000 000 000 001 001 000 000 000 001 001 000
000 001 000 002 001 001 000 001 000 001 000 000 011.
001 000 002 002 004 007 011 012 006 006 006 007
006 008 012 013 010 014 006 005 003 003 002 000 146.
000 001 000 001 000 000 001 000 000 000 001 000
001 000 000 001 001 000 001 001 000 001 000 000 010.
001 001 000 001 000 000 000 001 001 000 001 000
000 000 001 000 000 000 001 000 000 000 001 001 010.
000 000 001 000 000 001 000 001 000 001 000 000
000 000 001 000 002 000 000 000 000 000 000 001 008.
000 000 000 000 000 000 001 000 001 000 000 000
001 000 001 000 000 001 001 000 000 000 001 001 008.
000 000 001 000 000 001 000 000 000 000 000 002
000 001 000 000 000 000 000 001 001 000 000 000 007.
000 001 000 000 000 001 000 001 000 001 000 000
000 000 000 001 000 001 001 000 000 001 000 000 008.
001 001 000 000 001 001 000 000 000 000 000 000
000 000 000 003 001 000 000 002 000 001 000 000 011.
000 000 000 001 001 000 001 000 001 001 000 001
000 001 000 000 000 001 000 000 000 000 000 000 008.
000 001 001 000 000 000 001 000 000 000 000 000
000 001 000 001 000 000 001 000 000 000 000 000 006.
000 000 000 000 001 000 001 000 000 001 000 000
001 000 000 002 000 001 002 000 000 001 000 000 010.
001 000 001 000 000 001 000 001 000 000 001 000
000 002 000 002 001 001 001 001 001 001 000 002 017.
000 001 001 000 001 000 000 001 000 001 001 000
000 001 001 001 001 001 001 001 001 001 000 001 016.
000 001 000 001 000 001 000 002 000 000 001 000
000 001 001 000 001 001 001 002 000 000 000 001 014.
001 000 000 001 000 001 000 000 001 000 000 000
001 000 001 000 001 001 000 001 000 000 000 000 009.
002 000 000 001 001 000 000 001 000 000 001 000
001 000 001 001 001 001 000 001 000 000 001 001 014.
000 000 000 001 000 001 000 001 000 000 000 001
000 001 000 000 000 000 001 000 000 001 000 000 007.
000 000 001 000 000 000 001 000 000 000 001 000
000 001 000 001 000 000 000 000 000 001 000 000 006.
000 000 000 000 000 001 000 001 000 002 001 000
001 001 001 000 001 000 000 000 000 000 000 000 009.
001 000 000 000 000 001 000 001 000 000 000 000
000 001 000 000 000 000 000 000 000 000 000 000 004.
000 001 000 000 000 001 000 001 000 001 000 000
000 000 000 001 000 002 000 002 000 000 000 000 009.
000 001 000 001 000 000 001 000 001 000 000 000
000 002 000 001 000 002 001 001 000 001 000 000 012.
000 000 000 001 000 001 000 000 000 001 000 001
000 000 000 000 001 001 001 000 000 001 000 001 009.
000 001 001 000 001 001 001 000 000 001 000 000
002 000 001 000 001 000 000 001 000 000 000 001 012.
000 000 001 000 000 001 000 001 000 000 000 001
000 000 001 000 000 000 001 000 000 000 000 000 006.
001 000 001 001 000 000 000 001 000 000 000 001
000 000 000 001 000 001 000 001 000 000 000 000 008.
000 001 000 001 000 000 000 000 000 001 000 001
001 000 000 001 001 001 001 002 000 000 001 000 012=
Z=
G=
FN
099015 096010 083006 100008 054005 059008
042006 053008 357005 064008 069006 053008
057011 150009 153010 307009 246006 163010
086013 170017 111013 146012 123012 069011.
090007 164009 085005 322010 259008 351005
281009 230006 087007 PPC000 089010 040003
339003 256006 284009 065009 156027 131020
109033 122024 143017 099010 053009 349014.
010010 325013 285008 331005 337009 291007
PPC000 PPC001 258010 256006 105006 305008
276008 188012 197012 218012 136019 130020
149019 124014 123016 111011 159009 PPC000.
247008 210009 333010 015011 345006 246011
257017 291008 278015 212008 121010 115019
100025 110012 086013 143016 172013 143010
154010 102015 119019 115017 152015 120009.
269010 314007 339006 060007 027007 264006
187005 297007 273010 252005 260008 243009
342003 335006 276014 274015 313007 276011
200010 164009 159009 208006 199007 151010.
116010 088006 110008 014007 275015 274014
258009 304005 238007 262012 259009 275008
286008 303008 219008 144014 121019 098014
161021 143021 115017 098022 110016 096022.
110020 029010 086009 108011 085007 122012
094014 125010 116011 169007 101008 125015
162012 131013 168010 090013 133021 087022
165017 129018 074015 079016 031008 359009.
126005 257007 014004 269010 287011 240009
046008 110010 107010 030007 025009 082011
066008 074014 122011 117013 020008 305011
350006 099016 125010 111007 103011 101011.
126010 262005 251004 270006 224008 098011
097006 152014 006006 061006 097009 101011
162019 086011 077014 075011 096014 087015
094010 128020 160018 095011 157009 067008.
001005 347004 238004 121006 225009 087013
077008 097012 106013 130004 PPC000 086005
102009 108012 090008 081014 182010 102016
107016 158011 194008 136008 115007 081009.
PPC000 140005 097004 240005 PPC002 348008
264008 281011 265010 231006 287006 221004
145009 117014 091016 131013 125017 118015
134015 128019 119022 168011 148011 163014.
161012 093010 147011 156015 166009 332006
171007 234014 268005 PPC000 109008 061011
115011 093018 080010 060012 097011 100006
120009 090009 096013 147006 162008 106011.
113011 054005 180007 PPC000 263006 214004
275008 305008 171006 082006 093017 127014
132018 134017 097017 115007 045004 096012
105007 128009 107013 089015 147008 136011.
125020 113012 079012 085016 104015 065011
072010 098011 063007 115009 128007 118005
061004 168006 147005 127013 072011 154009
132009 142004 054003 113008 282008 279012.
257007 264006 254010 038009 042011 310005
006008 PPC001 001009 318006 018005 166009
029004 091012 112022 151019 116020 128018
133021 172012 122022 111014 139014 081009.
087012 079010 312005 027007 065008 327008
306006 271013 249010 335011 248005 094013
105012 152024 118016 114022 088032 131032
172026 173023 095035 133024 110021 162015.
179017 168013 320007 215011 PPC000 341007
013007 PPC001 267010 330008 277005 219003
327003 261006 080014 137017 139026 119021
104022 128031 127024 114019 108023 076011.
028009 285008 011008 043007 316007 174007
222007 355006 007006 243006 PPC000 155010
PPC002 072014 163013 259008 070018 153013
326004 150028 122018 107018 096012 124013.
PPC000 PPC000 136006 339006 207013 332007
255005 228006 PPC001 135007 165007 095010
128007 029006 127011 143015 278006 090007
195009 131014 101010 112013 092018 119015.
109017 116013 092014 131020 106024 108016
103010 024010 101015 118016 098010 068011
061008 121017 043014 149010 143012 166020
125027 118021 113022 108022 107021 099013.
066015 095012 059009 101015 062010 116009
088011 114015 077020 095008 122011 065019
079012 069010 058010 073007 031010 054009
100012 093015 130009 097011 111021 135014.
096019 122013 072009 117008 167006 125013
108011 125012 131010 115017 123014 111011
124015 111013 123012 104008 327005 036008
137011 217006 125006 110010 PPC002 055004.
139004 237006 327008 292007 288006 029004
140007 120008 137010 114008 095011 102016
093009 038007 347008 333004 270008 231006
171009 105010 107010 110013 150021 161014.
160017 106013 101014 079013 069010 300007
313005 189005 270008 274012 114005 108014
PPC002 267006 111005 180007 281009 319006
161005 090008 115011 093007 085009 102008.
161007 309005 271009 066006 PPC000 PPC002
222005 004007 313006 326010 295008 280010
322009 318006 134007 194014 160013 110017
143019 121019 149023 111013 068011 351010.
343019 268007 259008 338003 352004 PPC000
345012 323007 330007 003006 011008 054007
353011 091009 240007 156009 184011 160025
136024 134038 107028 103018 063008 127005.
339007 349009 340015 005017 349008 359006
321009 057010 353010 000007 072007 223006
320006 115009 104012 125028 182022 162025
148027 132025 134036 131024 100026 089031.
116022 119021 122019 139021 125026 128024
113025 098013 098009 102019 116020 123019
131025 126015 068014 174015 132011 115013
115024 098021 101011 107015 097025 088013.
082008 049005 096010 119009 120007 099009
096010 092013 116006 088012 097015 100011
105016 096015 337011 328012 063012 153014
151014 097008 099009 118011 105011 PPC001.
318007 011006 319008 265007 298008 318008
231005 092003 141010 160005 093007 345007
282008 339008 253007 250007 138018 143015
105020 162022 150011 103013 100013 093014.
071009 098007 112004 PPC002 251006 300009
331006 007008 360006 338008 340009 PPC002
333010 353009 284010 133014 167016 138019
152009 152015 114017 093012 123013 106013=
104016 086006 081005 083009 047006 057006
053007 061006 005004 060008 068008 028007
062010 128007 155010 347012 290008 136014
100010 174015 124013 132010 107010 086010.
104007 180007 079006 304007 260008 PPC002
280009 228008 067006 PPC001 101009 066005
356006 250009 276009 117010 165024 132019
123033 131029 148021 120009 062008 013008.
001012 329011 283009 331007 328008 306007
PPC001 139003 257009 292007 PPC002 281004
305009 215009 227012 201008 148017 133021
149020 150015 119017 115010 144008 PPC000.
226003 167003 348009 018012 348007 252013
255017 314007 256010 227007 090013 105019
103019 096016 096013 114020 136015 155008
154014 115013 113018 112017 151017 107007.
289005 305008 340005 090006 033007 290004
183006 286008 270008 253003 270010 232008
347004 004003 277013 265014 328007 272009
225008 167009 153009 218008 203006 177008.
115010 086008 121010 023006 275012 263012
273010 291007 235006 259011 266007 288009
230007 328007 156012 113016 138020 128018
155022 156024 115024 102018 117020 104019.
107019 054013 086011 101010 085008 123011
099012 122011 102012 151004 073009 142013
156011 124011 182009 117015 129018 110023
144014 110016 075016 070014 035008 014008.
128004 250009 335005 274008 280011 255009
012007 106011 099009 044007 032006 086008
090009 067012 132010 110011 092011 255011
315005 091014 128009 123010 108010 098010.
114012 313004 285006 260006 207009 110007
110006 136014 001005 081006 100008 115012
155016 096008 089013 085014 154010 107015
122012 117017 152015 117015 157011 075006.
021005 049004 229007 113005 220010 084015
082010 091013 106012 PPC002 PPC000 090006
097009 117011 083009 068013 161010 131014
101016 156012 163009 120009 108008 095009.
014003 118004 096007 PPC002 013005 002007
253009 276009 276011 251006 295007 225003
156009 128016 116015 123015 129018 115018
146017 126016 128019 158013 156011 160013.
162010 099014 162008 146013 157010 275005
170009 225011 246008 PPC000 114010 070007
124010 099014 095008 062013 101011 094007
112011 066007 098012 124007 159009 125009.
106011 092011 146010 PPC000 264007 203004
269008 322007 200005 096007 100013 132016
117015 132016 101013 121006 045004 108008
118007 133010 097011 096017 152009 132014.
130016 108011 079013 087016 111011 065009
068009 096009 088007 103008 134006 078003
073005 083004 175007 157012 083010 158010
151010 140005 PPC002 128009 287009 277011.
228004 263007 269010 013011 028011 335011
004008 PPC002 348013 318006 356006 171008
031005 127015 118021 135020 129017 131022
130018 162019 126019 118014 133016 072011.
095012 088009 008006 036007 062008 338009
331005 292010 218009 332008 250006 096012
116013 172017 121016 116023 106025 124029
160027 167023 105030 131025 111025 160014.
175016 166012 282008 230009 243003 344006
034007 352003 279008 314007 282006 244005
332005 043009 132015 115019 109023 135022
100023 113029 108024 118021 115019 072010.
033008 267007 008008 030008 268011 140003
169003 341003 354006 218004 PPC002 156011
309007 110013 149013 319008 087016 154019
083008 121020 129019 106018 124013 126008.
137004 073003 103006 005005 209008 339008
280006 224006 PPC002 128007 119009 090008
113007 019007 144009 164012 219013 092014
166012 167012 113010 121014 092015 112016.
104013 126014 108016 112019 104023 107019
100008 024010 073011 112011 102010 063011
073011 104016 082012 182011 143015 152019
113020 137023 121027 102020 102019 100017.
086015 068013 057010 100015 067010 112009
109010 111019 100017 087015 107013 072018
063013 065014 067011 077011 070011 067012
084012 115012 136012 108010 114015 121013.
098019 112015 091009 117011 146009 126013
101012 124011 115011 109016 115016 124014
106017 116014 119016 100010 305006 031005
094009 189007 082007 103011 062006 074004.
119005 245007 299004 288006 305003 PPC002
128006 137009 114012 111010 091011 102015
093011 040007 005007 032003 271010 233008
169007 101011 094012 110012 155021 155015.
154012 106012 105014 079012 071010 141006
227005 052004 193007 291007 PPC002 116014
093009 132006 036006 155006 269010 288008
156004 091011 117012 086011 088007 098008.
184007 290007 275007 057004 PPC000 064004
195005 032007 318007 315008 268010 273011
348008 284008 301007 191013 153018 138021
149021 123024 148020 103015 069011 353010.
333016 304006 266008 300003 PPC001 294004
322010 296009 316006 350004 342009 045007
346007 100012 314012 181011 218012 147016
137026 132033 116028 102021 067011 116007.
334007 344010 337014 002014 004009 350008
320009 053009 025007 349008 022006 206007
317007 192008 127013 142022 166025 161026
155021 136029 138027 123028 116027 104027.
107022 126026 109022 141024 130025 123022
116022 101015 075015 102021 119016 103021
122019 121018 095015 154021 122014 094011
101022 098017 092013 100012 099019 083014.
078008 085008 112010 101011 103009 076010
081010 091012 109008 090011 113013 097011
108012 096012 045006 337011 066011 154013
155013 087009 180004 115009 107010 100004.
263007 357007 326008 301008 279010 321003
279004 060004 157010 210004 091006 343007
293008 342008 248008 236007 139015 135015
095020 156017 139015 111009 107013 089013.
047007 095008 101005 313006 252005 306007
PPC002 004009 027006 354006 346009 221005
309007 336010 296009 135010 155012 127019
136016 138016 118013 090013 118013 104013=
018098 2021 026119 2021
034129 1548 052142 1540
024130 1402 033156 1331
023098 0955 039105 0813
018275 1124 023278 1327
028142 1528 038133 1631
024101 2028 037136 1308
021086 1611 028068 1607
024137 1510 038085 1532
016090 1042 023068 0154
026160 1438 036150 1432
017103 1037 024096 2201
021134 0753 028128 0744
020126 2020 027142 2016
026154 1137 036150 1130
034157 1615 049082 1710
029113 1600 047125 1446
024121 1543 039111 1434
016144 1205 023102 1356
033127 1639 045139 1632
025099 0437 034079 0515
019100 2055 026102 0855
021155 1859 028164 1907
016154 2002 021130 2123
026125 1432 035164 1516
037139 1609 054139 1601
033159 1347 051153 1340
030099 2043 044088 0135
018150 1404 024147 1402
022137 1446 032142 1530
023137 1346 031150 1402=
DB
0096 0097 0099 0097 0098 0097 0097 0098 0098 0098 0097 0102
0104 0120 0136 0184 0195 0182 0164 0141 0122 0116 0110 0107 0213 1233 0096 2017.
0103 0089 0085 0080 0068 0082 0079 0079 0076 0093 0084 0094
0121 0148 0177 0285 0272 0277 0225 0191 0129 0088 0076 0070 0296 1227 0065 0050.
0068 0057 0053 0046 0047 0042 0037 0034 0033 0030 0029 0064
0127 0123 0245 0217 0236 0198 0170 0143 0119 0104 0098 0097 0273 1233 0024 0640.
0096 0097 0093 0091 0090 0084 0079 0081 0084 0083 0078 0079
0097 0136 0171 0183 0191 0170 0142 0124 0099 0089 0072 0079 0203 1313 0066 1916.
0080 0077 0074 0073 0071 0072 0075 0074 0073 0075 0074 0075
0082 0085 0086 0086 0094 0110 0106 0101 0091 0083 0079 0058 0121 1411 0058 1955.
0065 0047 0037 0068 0072 0069 0055 0028 0035 0057 0059 0064
0103 0155 0219 0264 0256 0255 0229 0180 0111 0086 0096 0092 0269 1153 0023 0431.
0090 0087 0078 0064 0048 0042 0037 0034 0031 0041 0066 0067
0080 0090 0112 0124 0146 0123 0112 0096 0083 0076 0079 0069 0164 1311 0028 0524.
0081 0081 0082 0081 0059 0034 0034 0031 0051 0065 0068 0074
0092 0095 0114 0143 0168 0175 0127 0101 0093 0088 0088 0085 0187 1358 0029 0225.
0083 0084 0080 0079 0078 0078 0077 0074 0078 0077 0074 0073
0087 0109 0123 0165 0187 0189 0149 0114 0101 0096 0094 0094 0200 1338 0065 0728.
0093 0093 0091 0091 0091 0087 0086 0085 0085 0087 0087 0093
0118 0133 0129 0128 0129 0130 0125 0112 0102 0096 0094 0092 0136 0946 0084 0308.
0093 0091 0090 0090 0089 0088 0087 0086 0085 0085 0085 0090
0092 0087 0097 0115 0105 0107 0094 0087 0082 0081 0080 0079 0118 1206 0079 1836.
0079 0077 0077 0075 0075 0076 0075 0076 0074 0076 0069 0073
0073 0072 0076 0083 0083 0091 0087 0087 0080 0080 0080 0080 0093 1403 0069 0655.
0079 0079 0078 0079 0079 0082 0080 0079 0077 0076 0076 0076
0078 0080 0097 0114 0116 0108 0103 0102 0091 0081 0080 0076 0118 1307 0071 0828.
0073 0073 0071 0070 0070 0069 0069 0074 0076 0075 0073 0079
0096 0106 0115 0152 0145 0126 0130 0117 0104 0086 0085 0078 0158 1155 0068 0137.
0080 0075 0075 0070 0071 0066 0044 0054 0051 0056 0059 0069
0118 0142 0198 0238 0162 0175 0146 0172 0102 0072 0078 0067 0243 1151 0042 0241.
0061 0051 0051 0037 0026 0020 0013 0010 0029 0008 0005 0029
0103 0093 0190 0217 0218 0208 0195 0147 0077 0047 0038 0020 0237 1232 0003 0727.
0012 0008 -006 -014 -019 -022 -024 -029 -034 -035 -038 -022
0084 0162 0192 0219 0216 0209 0198 0138 0066 0032 0021 0003 0233 1213 -041 0714.
0000 -003 -003 0022 0025 -005 0001 -004 -012 0016 0001 0026
0066 0086 0126 0200 0178 0221 0198 0128 0073 0059 0053 0049 0229 1335 -015 0449.
0049 0050 0050 0049 0048 0050 0050 0050 0049 0046 0045 0048
0075 0109 0109 0141 0125 0114 0102 0091 0074 0062 0058 0055 0161 1154 0044 0711.
0053 0052 0050 0047 0044 0042 0040 0040 0038 0038 0038 0040
0059 0140 0170 0206 0197 0190 0163 0116 0070 0045 0035 0028 0211 1154 0028 1959.
0027 0045 0047 0044 0033 0042 0046 0042 0043 0043 0044 0044
0046 0048 0049 0053 0057 0059 0055 0055 0052 0050 0048 0049 0061 1353 0025 2103.
0050 0050 0052 0052 0053 0051 0052 0047 0050 0046 0044 0046
0050 0064 0079 0096 0093 0106 0091 0101 0079 0070 0069 0067 0110 1403 0043 0608.
0066 0066 0066 0066 0065 0054 0025 0058 0057 0058 0059 0057
0063 0073 0078 0082 0085 0077 0074 0074 0071 0064 0060 0058 0088 1127 0024 0302.
0058 0058 0057 0057 0058 0062 0062 0063 0061 0061 0060 0061
0070 0094 0086 0099 0109 0140 0120 0105 0087 0077 0067 0070 0145 1355 0055 2134.
0068 0068 0064 0059 0061 0071 0052 0056 0024 0059 0064 0067
0085 0118 0215 0268 0268 0254 0241 0192 0119 0082 0060 0049 0279 1245 0023 0501.
0049 0032 0023 0016 0012 0010 0007 0004 0002 -001 -001 0009
0097 0190 0225 0278 0291 0258 0245 0188 0123 0100 0083 0080 0298 1236 -001 0559.
0073 0050 0038 0037 0030 0020 0017 0011 0008 0005 0006 0013
0084 0158 0163 0164 0196 0189 0169 0099 0084 0063 0059 0051 0204 1314 0002 0616.
0050 0048 0045 0044 0044 0040 0039 0041 0040 0038 0038 0038
0041 0047 0057 0061 0064 0065 0066 0058 0053 0049 0046 0046 0074 1333 0037 0727.
0046 0047 0046 0045 0045 0044 0045 0044 0044 0045 0044 0049
0058 0076 0105 0118 0160 0162 0128 0106 0069 0038 0034 0027 0165 1259 0027 1958.
0016 0014 0012 0005 0002 -005 0007 0002 -007 0017 0025 0042
0059 0075 0149 0159 0221 0199 0222 0140 0108 0074 0072 0071 0237 1325 -009 0505.
0065 0063 0048 0051 0033 0022 0014 0012 0004 0000 -003 0003
0069 0145 0196 0246 0260 0251 0228 0178 0108 0070 0075 0041 0269 1235 -005 0709=
0115 0114 0114 0114 0113 0113 0113 0113 0112 0112 0112 0112
0113 0115 0120 0125 0138 0142 0143 0142 0137 0133 0130 0127.
0125 0121 0118 0114 0110 0107 0107 0106 0104 0105 0106 0106
0109 0116 0125 0145 0163 0171 0170 0163 0152 0141 0131 0124.
0118 0113 0108 0103 0099 0095 0092 0089 0086 0084 0081 0079
0085 0095 0110 0125 0137 0145 0141 0137 0132 0126 0122 0119.
0117 0116 0115 0114 0112 0111 0109 0107 0107 0106 0105 0104
0105 0110 0119 0128 0134 0139 0137 0133 0127 0121 0116 0113.
0111 0109 0107 0105 0103 0101 0101 0100 0099 0098 0098 0098
0098 0099 0100 0102 0102 0107 0112 0113 0112 0109 0106 0104.
0100 0095 0090 0089 0091 0092 0091 0087 0081 0081 0082 0083
0088 0097 0110 0128 0146 0156 0159 0153 0141 0130 0123 0119.
0116 0114 0111 0107 0101 0097 0092 0088 0084 0081 0084 0086
0089 0093 0098 0104 0109 0116 0116 0114 0111 0107 0105 0102.
0101 0101 0100 0100 0099 0092 0086 0082 0079 0082 0085 0086
0089 0093 0098 0104 0115 0120 0119 0116 0112 0109 0107 0105.
0104 0103 0102 0101 0100 0099 0098 0098 0097 0097 0096 0094
0096 0099 0105 0112 0122 0131 0133 0127 0121 0117 0113 0112.
0110 0109 0108 0108 0107 0106 0105 0104 0103 0103 0102 0102
0105 0111 0114 0115 0117 0118 0119 0118 0115 0113 0111 0110.
0109 0108 0107 0106 0106 0105 0104 0103 0103 0102 0102 0101
0103 0103 0103 0105 0107 0107 0107 0104 0102 0101 0100 0099.
0098 0097 0096 0096 0095 0094 0094 0094 0094 0094 0094 0093
0093 0094 0094 0095 0096 0098 0099 0100 0099 0098 0097 0097.
0096 0096 0096 0096 0095 0095 0095 0095 0094 0094 0094 0093
0093 0093 0097 0102 0105 0107 0107 0108 0107 0104 0102 0100.
0098 0096 0095 0094 0093 0092 0092 0091 0092 0092 0092 0091
0094 0097 0101 0106 0113 0115 0114 0115 0113 0110 0106 0104.
0102 0100 0098 0096 0093 0093 0088 0086 0085 0083 0083 0083
0087 0097 0110 0125 0131 0130 0129 0129 0123 0115 0107 0103.
0099 0096 0093 0088 0083 0078 0074 0070 0068 0066 0063 0060
0066 0079 0087 0105 0121 0130 0132 0125 0113 0100 0091 0083.
0077 0072 0067 0062 0057 0052 0049 0045 0042 0038 0035 0033
0035 0050 0070 0090 0108 0118 0120 0114 0101 0088 0078 0071.
0065 0061 0057 0057 0058 0057 0051 0049 0046 0047 0047 0047
0053 0061 0070 0084 0098 0110 0114 0110 0099 0091 0084 0080.
0078 0077 0076 0075 0074 0073 0072 0072 0072 0071 0070 0070
0072 0077 0083 0090 0095 0096 0095 0093 0089 0086 0082 0080.
0077 0075 0074 0073 0071 0070 0069 0068 0067 0066 0065 0065
0066 0073 0085 0101 0113 0120 0121 0115 0105 0094 0085 0079.
0074 0073 0073 0073 0071 0070 0071 0070 0070 0069 0069 0069
0069 0069 0070 0071 0073 0074 0075 0074 0074 0073 0072 0072.
0071 0071 0071 0071 0071 0071 0071 0071 0070 0070 0069 0069
0070 0071 0075 0081 0086 0086 0089 0089 0089 0087 0085 0083.
0082 0081 0081 0080 0080 0080 0074 0072 0074 0074 0074 0074
0075 0076 0079 0082 0084 0085 0085 0086 0085 0083 0082 0080.
0079 0078 0077 0077 0077 0077 0077 0077 0077 0076 0076 0076
0077 0080 0084 0087 0090 0097 0100 0100 0098 0095 0091 0089.
0087 0086 0085 0082 0081 0081 0080 0078 0076 0071 0074 0076
0079 0085 0099 0119 0137 0148 0150 0145 0133 0121 0111 0102.
0095 0089 0083 0078 0073 0069 0065 0062 0059 0056 0053 0051
0053 0067 0088 0111 0131 0140 0144 0138 0127 0117 0111 0107.
0103 0097 0090 0084 0080 0075 0071 0067 0063 0060 0057 0055
0058 0070 0087 0101 0108 0116 0119 0115 0105 0097 0091 0086.
0082 0080 0078 0076 0075 0073 0071 0070 0070 0069 0068 0067
0066 0067 0068 0070 0071 0073 0075 0074 0073 0072 0070 0069.
0068 0068 0068 0067 0067 0066 0066 0066 0065 0065 0065 0065
0066 0068 0075 0080 0087 0094 0100 0099 0095 0086 0079 0074.
0069 0065 0062 0057 0054 0051 0048 0048 0045 0044 0046 0049
0054 0060 0071 0087 0098 0116 0120 0120 0112 0103 0096 0092.
0089 0087 0083 0080 0077 0071 0067 0062 0059 0055 0052 0049
0051 0062 0080 0101 0120 0132 0136 0131 0121 0108 0101 0092=
0119 0119 0118 0118 0118 0117 0117 0117 0117 0116 0116 0116
0116 0117 0118 0121 0126 0132 0135 0137 0136 0135 0133 0131.
0129 0128 0125 0123 0120 0118 0116 0114 0113 0112 0112 0112
0112 0115 0119 0126 0138 0147 0152 0153 0151 0146 0140 0135.
0130 0126 0122 0118 0114 0111 0108 0105 0102 0100 0097 0095
0095 0097 0103 0112 0121 0128 0132 0133 0132 0129 0127 0125.
0123 0121 0120 0119 0118 0117 0116 0115 0114 0113 0112 0111
0111 0112 0115 0120 0125 0130 0132 0132 0130 0127 0124 0121.
0119 0117 0115 0114 0112 0110 0109 0108 0107 0106 0106 0105
0105 0105 0105 0106 0106 0107 0111 0112 0113 0113 0112 0110.
0108 0106 0103 0100 0099 0099 0099 0098 0095 0093 0092 0092
0093 0096 0102 0110 0121 0131 0138 0140 0138 0134 0129 0125.
0123 0120 0118 0116 0113 0110 0106 0102 0099 0096 0095 0095
0096 0097 0099 0103 0106 0110 0113 0114 0114 0112 0110 0109.
0107 0107 0106 0106 0105 0103 0100 0096 0093 0092 0092 0093
0094 0096 0098 0101 0106 0112 0115 0115 0114 0113 0111 0110.
0109 0108 0107 0106 0106 0105 0104 0104 0103 0103 0102 0102
0101 0102 0104 0107 0113 0118 0123 0124 0123 0120 0118 0116.
0115 0114 0113 0112 0112 0111 0110 0110 0109 0108 0108 0107
0108 0109 0112 0114 0115 0117 0118 0118 0118 0117 0115 0114.
0113 0113 0112 0111 0111 0110 0110 0109 0108 0108 0107 0107
0107 0107 0107 0107 0109 0109 0110 0109 0108 0107 0106 0105.
0104 0104 0103 0103 0102 0101 0101 0101 0100 0100 0100 0099
0099 0099 0099 0099 0100 0101 0102 0102 0102 0102 0102 0102.
0101 0101 0101 0101 0100 0100 0100 0100 0100 0099 0099 0099
0098 0098 0099 0101 0104 0106 0107 0108 0108 0108 0106 0105.
0104 0103 0102 0101 0100 0099 0098 0098 0097 0097 0097 0097
0097 0098 0100 0103 0107 0110 0112 0113 0113 0112 0111 0109.
0107 0106 0105 0103 0102 0100 0099 0096 0095 0093 0092 0092
0092 0095 0101 0108 0117 0120 0122 0123 0123 0120 0115 0112.
0109 0106 0103 0100 0097 0094 0090 0086 0083 0082 0079 0077
0076 0080 0084 0092 0102 0110 0116 0118 0116 0110 0104 0099.
0094 0089 0085 0081 0077 0073 0069 0066 0063 0060 0057 0054
0052 0055 0063 0074 0085 0096 0103 0105 0103 0098 0091 0086.
0081 0077 0073 0071 0070 0069 0067 0065 0063 0061 0060 0060
0060 0063 0068 0075 0083 0091 0098 0102 0100 0096 0092 0089.
0086 0085 0083 0082 0081 0081 0080 0079 0079 0078 0078 0077
0077 0079 0082 0085 0090 0092 0094 0094 0093 0091 0089 0087.
0085 0084 0082 0081 0080 0079 0078 0077 0076 0075 0074 0073
0073 0075 0079 0087 0095 0103 0107 0109 0106 0102 0096 0092.
0087 0084 0083 0082 0081 0080 0079 0078 0078 0077 0077 0077
0076 0076 0076 0077 0077 0078 0079 0079 0079 0079 0078 0078.
0078 0077 0077 0077 0077 0077 0077 0077 0076 0076 0076 0076
0075 0076 0077 0079 0083 0085 0087 0088 0089 0089 0088 0087.
0087 0086 0085 0085 0085 0084 0083 0080 0080 0080 0080 0080
0080 0080 0081 0083 0084 0085 0086 0087 0087 0087 0086 0085.
0085 0084 0083 0083 0082 0082 0082 0082 0082 0081 0081 0081
0081 0082 0084 0086 0088 0091 0094 0096 0097 0096 0095 0093.
0092 0091 0090 0089 0087 0086 0086 0085 0084 0081 0080 0081
0082 0084 0088 0097 0109 0120 0127 0130 0128 0123 0117 0112.
0106 0102 0097 0093 0089 0085 0081 0078 0075 0072 0069 0067
0065 0068 0076 0088 0101 0113 0120 0123 0122 0118 0114 0110.
0108 0105 0100 0096 0092 0089 0085 0082 0079 0076 0073 0070
0069 0071 0078 0087 0094 0101 0106 0108 0107 0103 0098 0095.
0092 0089 0087 0086 0084 0083 0081 0080 0079 0078 0077 0076
0075 0075 0075 0075 0076 0077 0078 0079 0079 0078 0077 0076.
0076 0075 0075 0074 0074 0073 0073 0073 0072 0072 0072 0072
0072 0072 0074 0078 0081 0086 0091 0094 0094 0092 0088 0084.
0081 0077 0074 0071 0068 0066 0063 0061 0060 0058 0057 0058
0059 0062 0066 0074 0082 0092 0100 0105 0105 0103 0099 0096.
0094 0092 0090 0087 0085 0083 0079 0076 0073 0070 0067 0064
0062 0064 0071 0081 0093 0105 0112 0116 0115 0110 0105 0101=
0124 0124 0124 0123 0123 0123 0123 0122 0122 0122 0122 0121
0121 0121 0122 0123 0125 0128 0131 0134 0135 0135 0135 0134.
0133 0132 0131 0129 0128 0126 0124 0123 0122 0121 0120 0120
0119 0120 0121 0124 0129 0135 0141 0145 0146 0145 0143 0141.
0137 0135 0132 0129 0126 0123 0121 0118 0116 0114 0111 0109
0108 0107 0109 0112 0117 0122 0127 0129 0131 0131 0130 0129.
0128 0127 0126 0125 0124 0124 0123 0122 0121 0120 0120 0119
0118 0118 0119 0121 0123 0126 0129 0131 0131 0131 0129 0128.
0126 0125 0123 0122 0121 0119 0118 0117 0116 0115 0114 0114
0113 0113 0112 0112 0112 0112 0114 0115 0116 0117 0117 0116.
0115 0114 0113 0111 0109 0108 0108 0107 0106 0104 0103 0102
0102 0102 0105 0108 0114 0120 0126 0130 0133 0133 0131 0129.
0127 0126 0124 0123 0121 0119 0117 0114 0112 0109 0107 0106
0105 0105 0106 0107 0109 0111 0114 0115 0116 0116 0116 0115.
0114 0113 0113 0112 0112 0111 0110 0107 0105 0103 0102 0102
0102 0103 0104 0105 0107 0110 0113 0115 0116 0116 0115 0115.
0114 0114 0113 0112 0112 0111 0111 0110 0110 0109 0109 0109
0108 0108 0108 0110 0112 0115 0119 0121 0122 0122 0121 0120.
0120 0119 0118 0118 0117 0117 0116 0116 0115 0114 0114 0113
0113 0114 0115 0116 0117 0118 0119 0120 0120 0120 0120 0119.
0118 0118 0117 0117 0116 0116 0115 0115 0114 0114 0113 0113
0113 0112 0113 0113 0113 0113 0114 0114 0114 0113 0112 0112.
0111 0111 0110 0110 0109 0108 0108 0108 0107 0107 0107 0106
0106 0106 0106 0106 0106 0106 0107 0107 0107 0107 0107 0107.
0107 0107 0107 0107 0106 0106 0106 0106 0106 0105 0105 0105
0105 0104 0104 0105 0106 0108 0109 0110 0111 0111 0111 0110.
0110 0109 0108 0107 0107 0106 0106 0105 0104 0104 0104 0104
0103 0104 0104 0106 0107 0110 0112 0113 0114 0114 0114 0113.
0112 0112 0111 0110 0109 0108 0107 0105 0104 0103 0101 0101
0100 0100 0102 0106 0111 0115 0118 0119 0121 0121 0119 0117.
0115 0114 0112 0110 0108 0105 0103 0100 0098 0095 0093 0091
0089 0089 0091 0094 0098 0104 0109 0113 0114 0113 0111 0108.
0105 0102 0099 0096 0093 0089 0086 0083 0081 0078 0075 0073
0071 0070 0071 0076 0082 0088 0094 0099 0101 0101 0099 0096.
0093 0090 0087 0084 0083 0081 0080 0079 0077 0075 0074 0073
0072 0073 0074 0077 0081 0086 0092 0096 0098 0098 0097 0095.
0094 0092 0091 0090 0089 0089 0088 0087 0087 0086 0086 0085
0085 0085 0086 0088 0090 0092 0094 0095 0096 0095 0095 0094.
0093 0092 0091 0090 0089 0088 0087 0086 0085 0084 0083 0083
0082 0082 0083 0086 0091 0096 0100 0103 0105 0104 0102 0099.
0097 0094 0092 0091 0090 0089 0088 0087 0087 0086 0086 0085
0085 0084 0084 0084 0084 0084 0085 0085 0085 0085 0085 0085.
0085 0085 0084 0084 0084 0084 0084 0084 0083 0083 0083 0083
0083 0083 0083 0084 0085 0087 0088 0090 0091 0092 0092 0092.
0091 0091 0091 0090 0090 0090 0090 0088 0087 0087 0087 0086
0086 0086 0086 0087 0088 0089 0090 0090 0091 0091 0091 0091.
0090 0090 0089 0089 0089 0088 0088 0088 0088 0087 0087 0087
0087 0087 0088 0089 0090 0091 0093 0096 0097 0098 0098 0097.
0096 0096 0095 0094 0094 0093 0092 0092 0091 0090 0088 0088
0088 0088 0090 0093 0099 0106 0112 0117 0120 0120 0118 0115.
0112 0109 0106 0103 0100 0097 0094 0091 0089 0086 0084 0081
0079 0079 0080 0085 0092 0100 0106 0112 0114 0115 0114 0112.
0111 0109 0107 0104 0102 0099 0096 0094 0091 0089 0086 0084
0082 0081 0083 0086 0091 0095 0100 0103 0105 0105 0103 0101.
0099 0097 0096 0094 0093 0091 0090 0089 0088 0087 0086 0085
0084 0084 0083 0083 0083 0084 0084 0085 0085 0085 0084 0084.
0083 0083 0082 0082 0081 0081 0081 0081 0080 0080 0080 0079
0079 0079 0080 0081 0083 0086 0089 0092 0093 0094 0093 0091.
0089 0087 0085 0083 0080 0078 0076 0074 0073 0071 0070 0069
0069 0070 0071 0074 0079 0084 0090 0095 0098 0100 0099 0098.
0097 0096 0095 0093 0092 0090 0088 0086 0084 0082 0079 0077
0075 0074 0075 0079 0085 0092 0099 0104 0107 0108 0106 0104=
0126 0126 0126 0125 0125 0125 0125 0124 0124 0124 0124 0124
0124 0124 0124 0124 0124 0126 0128 0130 0131 0132 0133 0133.
0133 0132 0132 0131 0130 0129 0128 0127 0126 0125 0124 0124
0123 0123 0123 0124 0126 0129 0132 0136 0138 0140 0140 0139.
0138 0137 0135 0133 0131 0129 0127 0125 0124 0122 0120 0118
0117 0115 0115 0115 0117 0120 0123 0125 0127 0128 0129 0129.
0128 0128 0128 0127 0127 0126 0126 0125 0125 0124 0123 0123
0122 0122 0121 0122 0123 0125 0126 0128 0129 0130 0130 0129.
0128 0127 0127 0126 0125 0124 0123 0121 0121 0120 0119 0118
0118 0117 0117 0116 0116 0116 0116 0117 0117 0118 0118 0118.
0118 0118 0117 0116 0115 0114 0113 0113 0112 0111 0110 0109
0108 0108 0108 0109 0111 0115 0118 0122 0125 0127 0128 0127.
0127 0126 0125 0125 0124 0123 0121 0120 0118 0116 0115 0113
0112 0111 0111 0111 0112 0113 0114 0115 0116 0117 0117 0117.
0116 0116 0116 0115 0115 0115 0114 0113 0112 0110 0109 0108
0108 0108 0107 0108 0109 0110 0112 0114 0115 0116 0116 0116.
0116 0115 0115 0115 0115 0114 0114 0113 0113 0113 0112 0112
0112 0111 0111 0112 0112 0114 0116 0118 0119 0120 0120 0120.
0120 0120 0119 0119 0119 0118 0118 0118 0117 0117 0116 0116
0116 0116 0116 0116 0117 0118 0118 0119 0120 0120 0120 0120.
0120 0119 0119 0119 0118 0118 0118 0117 0117 0117 0116 0116
0116 0115 0115 0115 0115 0115 0115 0116 0116 0115 0115 0115.
0114 0114 0114 0113 0113 0112 0112 0111 0111 0111 0110 0110
0110 0110 0109 0109 0109 0109 0109 0109 0110 0110 0110 0110.
0110 0110 0110 0110 0109 0109 0109 0109 0109 0109 0108 0108
0108 0108 0108 0108 0108 0109 0109 0110 0111 0111 0112 0112.
0111 0111 0111 0110 0110 0109 0109 0109 0108 0108 0107 0107
0107 0107 0107 0107 0108 0109 0110 0112 0112 0113 0114 0114.
0114 0113 0113 0112 0112 0111 0110 0110 0109 0108 0107 0106
0105 0105 0105 0106 0108 0111 0113 0115 0117 0118 0118 0118.
0117 0116 0115 0114 0112 0111 0109 0107 0105 0104 0102 0100
0099 0097 0097 0097 0099 0102 0105 0108 0110 0111 0111 0111.
0109 0107 0105 0103 0101 0099 0097 0095 0092 0090 0088 0086
0084 0082 0081 0082 0084 0087 0091 0094 0097 0099 0099 0099.
0097 0096 0094 0092 0091 0089 0088 0087 0086 0084 0083 0082
0081 0081 0081 0082 0083 0086 0089 0092 0094 0096 0096 0096.
0096 0095 0095 0094 0093 0093 0092 0092 0091 0091 0090 0090
0090 0089 0089 0090 0091 0092 0094 0095 0096 0096 0096 0096.
0095 0095 0094 0094 0093 0092 0092 0091 0090 0090 0089 0088
0088 0087 0087 0088 0090 0092 0095 0098 0100 0101 0102 0101.
0100 0098 0097 0096 0095 0094 0093 0092 0092 0091 0091 0090
0090 0089 0089 0089 0089 0088 0089 0089 0089 0089 0089 0089.
0089 0089 0088 0088 0088 0088 0088 0088 0087 0087 0087 0087
0087 0087 0086 0087 0087 0088 0089 0090 0091 0092 0092 0093.
0093 0093 0093 0092 0092 0092 0092 0092 0091 0091 0090 0090
0090 0090 0089 0090 0090 0090 0091 0091 0092 0092 0092 0092.
0092 0092 0092 0092 0092 0091 0091 0091 0091 0091 0090 0090
0090 0090 0090 0090 0091 0092 0093 0094 0095 0096 0097 0097.
0097 0097 0097 0096 0096 0095 0095 0094 0094 0093 0093 0092
0091 0091 0092 0093 0095 0098 0102 0106 0110 0112 0113 0112.
0111 0110 0108 0106 0104 0102 0100 0098 0096 0094 0092 0090
0089 0087 0086 0087 0090 0093 0098 0102 0106 0108 0109 0109.
0109 0108 0107 0106 0105 0103 0101 0100 0098 0096 0094 0092
0090 0089 0088 0089 0091 0093 0096 0098 0101 0102 0102 0102.
0101 0100 0099 0098 0097 0096 0095 0094 0093 0092 0091 0091
0090 0089 0089 0088 0088 0088 0088 0088 0088 0088 0088 0088.
0087 0087 0087 0086 0086 0086 0085 0085 0085 0084 0084 0084
0084 0084 0083 0084 0085 0086 0087 0089 0091 0092 0093 0092.
0092 0091 0089 0088 0087 0085 0084 0082 0081 0079 0078 0077
0076 0076 0076 0077 0079 0081 0085 0088 0092 0094 0095 0096.
0096 0096 0095 0095 0094 0093 0092 0091 0089 0088 0086 0085
0083 0082 0081 0082 0084 0087 0091 0095 0099 0101 0102 0102=
0137 0137 0137 0137 0137 0137 0137 0138 0137 0138 0138 0138
0138 0138 0138 0138 0138 0138 0138 0138 0138 0138 0138 0138.
0139 0139 0139 0139 0139 0139 0139 0139 0139 0139 0139 0139
0139 0139 0139 0139 0139 0139 0139 0139 0139 0139 0139 0140.
0140 0140 0140 0140 0140 0140 0140 0140 0140 0139 0139 0139
0138 0138 0138 0138 0137 0137 0137 0137 0137 0137 0137 0137.
0137 0137 0137 0137 0137 0137 0137 0137 0137 0137 0137 0137
0137 0137 0137 0137 0137 0136 0136 0136 0136 0136 0136 0136.
0136 0136 0136 0136 0136 0136 0136 0136 0136 0135 0135 0135
0135 0135 0134 0134 0134 0134 0134 0133 0133 0133 0133 0133.
0133 0133 0133 0133 0133 0133 0132 0132 0132 0132 0132 0132
0132 0131 0131 0131 0131 0131 0131 0131 0131 0131 0131 0131.
0131 0131 0131 0132 0131 0132 0132 0132 0132 0131 0131 0131
0131 0131 0131 0130 0130 0130 0130 0130 0130 0130 0129 0129.
0129 0129 0129 0129 0129 0129 0129 0129 0129 0129 0129 0129
0128 0128 0128 0128 0128 0128 0128 0128 0128 0128 0128 0128.
0128 0128 0128 0128 0128 0128 0128 0128 0128 0128 0128 0128
0128 0128 0128 0128 0128 0128 0128 0128 0128 0128 0128 0128.
0128 0128 0128 0128 0128 0128 0128 0128 0129 0128 0128 0128
0129 0129 0129 0129 0129 0128 0129 0129 0129 0129 0129 0129.
0129 0129 0129 0129 0129 0129 0129 0129 0129 0129 0129 0129
0129 0129 0129 0129 0129 0129 0129 0129 0129 0129 0129 0129.
0129 0129 0129 0129 0128 0128 0128 0128 0128 0128 0128 0128
0128 0128 0128 0127 0127 0127 0127 0127 0127 0127 0127 0127.
0127 0127 0127 0126 0126 0126 0126 0126 0126 0126 0126 0126
0126 0126 0126 0126 0126 0126 0126 0126 0126 0126 0126 0125.
0125 0125 0126 0125 0126 0125 0125 0125 0125 0125 0125 0125
0125 0125 0125 0125 0125 0125 0125 0125 0125 0125 0125 0125.
0125 0125 0125 0125 0125 0125 0125 0125 0125 0125 0125 0125
0125 0125 0125 0125 0124 0124 0124 0124 0124 0125 0125 0125.
0125 0125 0125 0125 0125 0125 0125 0124 0124 0124 0124 0124
0123 0123 0123 0123 0122 0122 0122 0122 0122 0121 0121 0121.
0121 0121 0121 0121 0121 0121 0120 0120 0120 0119 0119 0118
0118 0117 0117 0117 0116 0116 0115 0115 0115 0115 0115 0114.
0114 0114 0114 0114 0114 0114 0113 0113 0113 0112 0112 0112
0112 0111 0111 0111 0110 0110 0110 0110 0110 0110 0110 0110.
0110 0110 0110 0110 0110 0110 0110 0110 0110 0110 0110 0110
0110 0110 0110 0109 0109 0109 0109 0109 0109 0109 0110 0109.
0109 0110 0110 0110 0110 0110 0110 0110 0109 0109 0109 0109
0109 0109 0109 0109 0109 0109 0109 0109 0109 0109 0109 0109.
0109 0110 0110 0110 0110 0110 0110 0110 0109 0109 0109 0109
0109 0109 0109 0109 0109 0109 0109 0108 0108 0108 0108 0108.
0108 0108 0108 0108 0108 0108 0108 0108 0108 0108 0107 0107
0107 0107 0107 0107 0107 0107 0107 0107 0107 0107 0107 0107.
0107 0107 0107 0107 0107 0108 0108 0108 0108 0108 0108 0108
0108 0108 0108 0108 0108 0108 0108 0108 0108 0108 0108 0108.
0108 0108 0108 0108 0108 0108 0108 0108 0108 0108 0108 0108
0108 0108 0108 0108 0108 0108 0108 0108 0108 0108 0108 0108.
0108 0108 0109 0109 0109 0109 0109 0109 0109 0109 0109 0109
0109 0109 0109 0109 0109 0109 0109 0109 0109 0110 0110 0110.
0110 0111 0111 0111 0111 0111 0111 0111 0111 0111 0111 0110
0110 0110 0110 0109 0109 0109 0109 0109 0109 0109 0109 0109.
0110 0110 0110 0110 0110 0110 0110 0110 0110 0110 0110 0110
0110 0110 0110 0109 0109 0109 0109 0109 0108 0109 0109 0109.
0109 0109 0109 0109 0109 0109 0109 0109 0108 0108 0108 0108
0108 0108 0107 0107 0107 0107 0107 0107 0106 0106 0106 0106.
0106 0106 0106 0105 0105 0105 0105 0105 0105 0105 0105 0105
0104 0104 0104 0104 0104 0104 0104 0104 0104 0104 0104 0104.
0104 0104 0104 0104 0104 0104 0104 0104 0104 0104 0103 0103
0103 0103 0102 0102 0102 0102 0102 0102 0102 0102 0102 0102.
0102 0103 0103 0103 0103 0103 0103 0103 0103 0103 0103 0103
0103 0103 0103 0103 0103 0103 0103 0103 0103 0103 0103 0103=
KB
0155 0155 0155 0155 0155 0155 0155 0155 0155 0155 0155 0155
0155 0155 0155 0155 0155 0155 0155 0155 0155 0155 0155 0155.
0155 0155 0155 0155 0155 0155 0155 0155 0155 0155 0155 0155
0155 0155 0155 0155 0155 0155 0155 0155 0155 0155 0155 0155.
0155 0155 0155 0155 0155 0155 0155 0155 0155 0155 0155 0155
0155 0155 0155 0155 0155 0154 0155 0155 0154 0154 0154 0154.
0154 0154 0154 0154 0154 0154 0154 0154 0154 0154 0154 0154
0153 0153 0153 0153 0153 0153 0153 0153 0153 0153 0153 0153.
0153 0153 0153 0153 0153 0153 0153 0153 0153 0153 0153 0153
0153 0152 0152 0152 0152 0152 0152 0152 0152 0152 0152 0151.
0151 0151 0151 0151 0151 0151 0151 0151 0151 0151 0151 0151
0150 0150 0150 0150 0150 0150 0150 0150 0150 0150 0150 0150.
0150 0150 0149 0149 0149 0149 0149 0149 0149 0149 0149 0149
0149 0149 0149 0149 0149 0149 0149 0149 0149 0148 0148 0148.
0148 0148 0148 0148 0148 0148 0148 0148 0148 0148 0148 0148
0148 0147 0148 0147 0147 0147 0147 0147 0147 0147 0147 0147.
0147 0147 0147 0147 0147 0147 0147 0146 0146 0146 0146 0146
0146 0146 0146 0146 0146 0146 0146 0146 0146 0146 0146 0146.
0146 0146 0146 0145 0145 0145 0145 0145 0145 0145 0145 0145
0145 0145 0145 0145 0145 0145 0145 0145 0145 0145 0145 0145.
0145 0145 0145 0145 0145 0145 0145 0145 0145 0145 0145 0145
0145 0145 0145 0145 0145 0145 0145 0145 0145 0145 0145 0145.
0145 0145 0145 0145 0145 0145 0145 0145 0145 0145 0145 0145
0145 0145 0144 0144 0144 0144 0144 0144 0144 0144 0144 0144.
0144 0144 0144 0144 0144 0144 0144 0144 0144 0144 0144 0144
0144 0144 0144 0143 0143 0143 0143 0143 0143 0143 0143 0143.
0143 0143 0143 0143 0143 0143 0143 0143 0143 0143 0143 0143
0143 0143 0143 0143 0143 0143 0143 0143 0142 0142 0142 0142.
0142 0142 0142 0142 0142 0142 0142 0142 0142 0142 0142 0142
0142 0142 0142 0142 0142 0142 0142 0142 0142 0142 0142 0141.
0141 0141 0141 0141 0141 0141 0141 0141 0141 0141 0141 0141
0141 0141 0141 0141 0141 0141 0141 0141 0141 0141 0140 0140.
0140 0140 0140 0140 0140 0140 0140 0140 0140 0140 0139 0139
0139 0139 0139 0139 0139 0139 0139 0139 0139 0138 0138 0138.
0138 0138 0138 0137 0137 0137 0137 0137 0137 0137 0136 0136
0136 0136 0136 0136 0136 0136 0136 0135 0135 0135 0135 0135.
0135 0134 0134 0134 0134 0134 0134 0134 0134 0133 0133 0133
0133 0133 0133 0133 0133 0133 0133 0132 0132 0132 0132 0132.
0132 0132 0132 0132 0132 0132 0132 0132 0131 0131 0131 0131
0131 0131 0131 0131 0131 0131 0131 0131 0131 0131 0131 0131.
0131 0130 0130 0130 0130 0130 0130 0130 0130 0130 0130 0130
0130 0130 0130 0130 0130 0130 0130 0130 0130 0130 0130 0130.
0130 0130 0129 0129 0129 0129 0129 0129 0129 0129 0129 0129
0129 0129 0129 0129 0129 0129 0129 0129 0129 0129 0128 0128.
0128 0128 0128 0128 0128 0128 0128 0128 0128 0128 0128 0128
0128 0128 0128 0128 0128 0128 0128 0128 0128 0128 0128 0127.
0127 0127 0127 0127 0127 0127 0127 0127 0127 0127 0127 0127
0127 0127 0127 0127 0127 0127 0127 0127 0127 0127 0127 0127.
0127 0127 0127 0127 0127 0127 0127 0127 0127 0127 0127 0127
0127 0127 0127 0127 0127 0127 0127 0127 0127 0127 0127 0127.
0127 0127 0126 0127 0127 0127 0127 0127 0127 0127 0127 0127
0127 0127 0127 0127 0127 0127 0127 0127 0127 0127 0127 0126.
0126 0126 0126 0126 0126 0126 0126 0126 0126 0126 0126 0126
0126 0126 0126 0126 0126 0126 0126 0126 0126 0126 0126 0126.
0126 0126 0126 0126 0126 0126 0126 0126 0126 0126 0126 0125
0126 0125 0125 0125 0125 0125 0125 0125 0125 0125 0125 0125.
0125 0125 0125 0125 0125 0125 0125 0125 0125 0125 0125 0124
0124 0124 0124 0124 0124 0124 0124 0124 0124 0124 0124 0124.
0124 0124 0124 0124 0124 0124 0123 0124 0123 0123 0123 0123
0123 0123 0123 0123 0123 0123 0123 0123 0123 0123 0123 0123.
0123 0123 0122 0122 0122 0122 0122 0122 0122 0122 0122 0122
0122 0122 0122 0122 0122 0122 0122 0122 0122 0122 0122 0122=
0191 0191 0191 0191 0191 0191 0191 0191 0191 0191 0191 0191
0191 0191 0191 0191 0191 0191 0191 0191 0190 0190 0190 0190.
0190 0190 0190 0190 0190 0190 0190 0190 0190 0190 0190 0190
0190 0189 0189 0189 0189 0189 0189 0189 0189 0189 0189 0189.
0189 0189 0189 0189 0189 0189 0189 0189 0189 0189 0188 0188
0188 0188 0188 0188 0188 0188 0188 0188 0188 0188 0188 0188.
0188 0188 0188 0188 0188 0188 0187 0188 0187 0187 0187 0187
0187 0187 0187 0187 0187 0187 0187 0187 0187 0187 0187 0187.
0187 0187 0187 0187 0187 0186 0186 0186 0186 0186 0186 0186
0186 0186 0186 0186 0186 0186 0186 0186 0186 0186 0186 0186.
0186 0186 0186 0186 0186 0185 0185 0185 0185 0185 0185 0185
0185 0185 0185 0185 0185 0185 0185 0185 0185 0185 0185 0185.
0185 0185 0184 0184 0184 0184 0184 0184 0184 0184 0184 0184
0184 0184 0184 0184 0184 0184 0184 0184 0184 0184 0184 0184.
0184 0184 0184 0183 0183 0183 0183 0183 0183 0183 0183 0183
0183 0183 0183 0183 0183 0183 0183 0183 0183 0183 0183 0183.
0183 0183 0183 0182 0182 0182 0182 0182 0182 0182 0182 0182
0182 0182 0182 0182 0182 0182 0182 0182 0182 0182 0182 0182.
0182 0182 0182 0181 0181 0181 0181 0181 0181 0181 0181 0181
0181 0181 0181 0181 0181 0181 0181 0181 0181 0181 0181 0181.
0180 0181 0180 0180 0180 0180 0180 0180 0180 0180 0180 0180
0180 0180 0180 0180 0180 0180 0180 0180 0180 0180 0180 0179.
0179 0179 0179 0179 0179 0179 0179 0179 0179 0179 0179 0179
0179 0179 0179 0179 0179 0179 0179 0179 0179 0179 0179 0179.
0179 0179 0179 0179 0178 0178 0178 0178 0178 0178 0178 0178
0178 0178 0178 0178 0178 0178 0178 0178 0178 0178 0178 0178.
0178 0178 0178 0178 0178 0177 0177 0177 0177 0177 0177 0177
0177 0177 0177 0177 0177 0177 0177 0177 0177 0177 0177 0177.
0177 0177 0177 0177 0177 0177 0177 0177 0177 0177 0177 0176
0176 0176 0176 0176 0176 0176 0176 0176 0176 0176 0176 0176.
0176 0176 0176 0176 0176 0176 0176 0176 0176 0176 0176 0176
0175 0176 0176 0175 0176 0175 0175 0175 0175 0175 0175 0175.
0175 0175 0175 0175 0175 0175 0175 0175 0175 0175 0175 0175
0175 0175 0175 0175 0175 0175 0175 0175 0174 0174 0174 0174.
0174 0174 0174 0174 0174 0174 0174 0174 0174 0174 0174 0174
0174 0174 0174 0174 0174 0174 0174 0174 0174 0174 0174 0174.
0173 0173 0173 0173 0173 0173 0173 0173 0173 0173 0173 0173
0173 0173 0173 0173 0173 0173 0173 0173 0173 0173 0173 0173.
0172 0172 0172 0172 0172 0172 0172 0172 0172 0172 0172 0172
0172 0172 0172 0172 0172 0172 0172 0172 0172 0172 0172 0172.
0172 0171 0171 0171 0171 0171 0171 0171 0171 0171 0171 0171
0171 0171 0171 0171 0171 0171 0171 0171 0171 0171 0170 0170.
0170 0170 0170 0170 0170 0170 0170 0170 0170 0170 0170 0170
0170 0170 0170 0170 0170 0169 0170 0169 0169 0169 0169 0169.
0169 0169 0169 0169 0169 0169 0169 0169 0169 0169 0169 0169
0169 0169 0169 0169 0169 0168 0169 0168 0168 0168 0168 0168.
0168 0168 0168 0168 0168 0168 0168 0168 0168 0168 0168 0168
0168 0168 0168 0167 0167 0167 0167 0167 0167 0167 0167 0167.
0167 0167 0167 0167 0167 0167 0167 0167 0167 0167 0167 0167
0167 0167 0167 0166 0166 0166 0166 0166 0166 0166 0166 0166.
0166 0166 0166 0166 0166 0166 0166 0166 0166 0166 0165 0165
0165 0165 0166 0165 0166 0165 0165 0165 0165 0165 0165 0165.
0165 0165 0165 0165 0165 0165 0165 0165 0165 0165 0165 0165
0165 0165 0165 0165 0165 0164 0164 0164 0164 0164 0164 0164.
0164 0164 0164 0164 0164 0164 0164 0164 0164 0164 0164 0164
0164 0164 0164 0164 0164 0164 0164 0163 0163 0163 0163 0163.
0163 0163 0163 0163 0163 0163 0163 0163 0163 0163 0163 0163
0163 0163 0163 0163 0163 0163 0163 0163 0163 0163 0163 0163.
0163 0162 0162 0162 0162 0162 0162 0162 0162 0162 0162 0162
0162 0162 0162 0162 0162 0162 0162 0162 0162 0162 0162 0162.
0162 0162 0162 0162 0162 0162 0161 0161 0161 0161 0161 0161
0161 0161 0161 0161 0161 0161 0161 0161 0161 0161 0161 0161=
0210 0210 0210 0210 0210 0210 0210 0210 0210 0210 0210 0210
0210 0210 0210 0210 0210 0210 0210 0210 0210 0210 0210 0210.
0210 0210 0210 0210 0209 0209 0209 0209 0209 0209 0209 0209
0209 0209 0209 0209 0210 0209 0209 0209 0209 0209 0209 0209.
0209 0209 0209 0209 0209 0209 0209 0209 0209 0209 0209 0209
0209 0209 0209 0209 0209 0209 0209 0209 0209 0209 0209 0209.
0209 0209 0209 0209 0209 0209 0209 0209 0209 0209 0209 0209
0209 0209 0209 0209 0209 0209 0209 0208 0209 0208 0209 0209.
0208 0208 0208 0208 0208 0208 0208 0208 0208 0208 0208 0208
0208 0208 0208 0208 0208 0208 0208 0208 0208 0208 0208 0208.
0208 0208 0208 0208 0208 0208 0208 0208 0208 0208 0208 0208
0208 0208 0208 0208 0208 0208 0208 0208 0208 0208 0208 0208.
0208 0208 0208 0208 0208 0208 0208 0208 0208 0208 0208 0207
0207 0208 0207 0208 0207 0207 0207 0207 0207 0207 0207 0207.
0207 0207 0207 0207 0207 0207 0207 0207 0207 0207 0207 0207
0207 0207 0207 0207 0207 0207 0207 0207 0207 0207 0207 0207.
0207 0207 0207 0207 0207 0207 0207 0207 0207 0207 0207 0207
0207 0207 0207 0207 0207 0207 0207 0207 0207 0207 0207 0207.
0206 0206 0207 0206 0206 0206 0206 0206 0206 0206 0206 0206
0206 0206 0206 0206 0206 0206 0206 0206 0206 0206 0206 0206.
0206 0206 0206 0206 0206 0206 0206 0206 0206 0206 0206 0206
0206 0206 0206 0206 0206 0206 0206 0206 0206 0206 0206 0206.
0206 0206 0206 0206 0206 0206 0206 0206 0206 0205 0205 0205
0205 0205 0205 0205 0205 0205 0205 0205 0205 0205 0205 0205.
0205 0205 0205 0205 0205 0205 0205 0205 0205 0205 0205 0205
0205 0205 0205 0205 0205 0205 0205 0205 0205 0205 0205 0205.
0205 0205 0205 0205 0205 0205 0205 0205 0205 0205 0205 0205
0205 0204 0204 0205 0204 0204 0204 0204 0204 0204 0204 0204.
0204 0204 0204 0204 0204 0204 0204 0204 0204 0204 0204 0204
0204 0204 0204 0204 0204 0204 0204 0204 0204 0204 0204 0204.
0204 0204 0204 0204 0204 0204 0204 0204 0204 0204 0204 0204
0204 0204 0204 0204 0204 0204 0204 0204 0203 0203 0203 0203.
0203 0203 0203 0203 0203 0203 0203 0203 0203 0203 0203 0203
0203 0203 0203 0203 0203 0203 0203 0203 0203 0203 0203 0203.
0203 0203 0203 0203 0203 0203 0203 0203 0203 0203 0203 0203
0203 0203 0203 0203 0203 0203 0203 0203 0203 0203 0203 0203.
0202 0202 0202 0202 0202 0202 0202 0202 0202 0202 0202 0202
0202 0202 0202 0202 0202 0202 0202 0202 0202 0202 0202 0202.
0202 0202 0202 0202 0202 0202 0202 0202 0202 0202 0202 0202
0202 0202 0202 0202 0202 0202 0202 0202 0202 0202 0202 0202.
0202 0202 0202 0202 0201 0202 0202 0201 0201 0201 0201 0201
0201 0201 0201 0201 0201 0201 0201 0201 0201 0201 0201 0201.
0201 0201 0201 0201 0201 0201 0201 0201 0201 0201 0201 0201
0201 0201 0201 0201 0201 0201 0201 0201 0201 0201 0201 0201.
0201 0201 0201 0201 0201 0201 0201 0201 0201 0201 0201 0201
0201 0200 0200 0200 0200 0200 0200 0200 0200 0200 0200 0200.
0200 0200 0200 0200 0200 0200 0200 0200 0200 0200 0200 0200
0200 0200 0200 0200 0200 0200 0200 0200 0200 0200 0200 0200.
0200 0200 0200 0200 0200 0200 0200 0200 0200 0200 0200 0200
0200 0200 0200 0200 0200 0200 0200 0199 0200 0199 0199 0199.
0199 0199 0199 0199 0199 0199 0199 0199 0199 0199 0199 0199
0199 0199 0199 0199 0199 0199 0199 0199 0199 0199 0199 0199.
0199 0199 0199 0199 0199 0199 0199 0199 0199 0199 0199 0199
0199 0199 0199 0199 0199 0199 0199 0199 0199 0199 0199 0199.
0198 0198 0198 0198 0198 0198 0198 0198 0198 0198 0198 0198
0198 0198 0198 0198 0198 0198 0198 0198 0198 0198 0198 0198.
0198 0198 0198 0198 0198 0198 0198 0198 0198 0198 0198 0198
0198 0198 0198 0198 0198 0198 0198 0198 0198 0198 0198 0198.
0198 0197 0198 0197 0197 0197 0197 0197 0197 0197 0197 0197
0197 0197 0197 0197 0197 0197 0197 0197 0197 0197 0197 0197.
0197 0197 0197 0197 0197 0197 0197 0197 0197 0197 0197 0197
0197 0197 0197 0197 0197 0197 0197 0197 0197 0197 0197 0197=
A=
SA=
BA
0085 0085 0086 0084 0085 0085 0085 0086 0086 0085 0085 0091
0094 0114 0130 0169 0183 0180 0158 0134 0109 0102 0095 0090 0199 1233 0084 2359.
0084 0062 0059 0052 0037 0057 0055 0056 0052 0079 0067 0079
0111 0150 0169 0296 0292 0282 0215 0171 0112 0052 0036 0033 0302 1334 0032 1954.
0033 0018 0013 0006 0010 0002 0001 -004 -004 -003 -008 0032
0105 0118 0253 0222 0245 0205 0168 0135 0105 0085 0077 0077 0278 1233 -011 0632.
0076 0076 0076 0077 0074 0069 0066 0066 0069 0065 0061 0068
0084 0111 0145 0176 0192 0167 0137 0113 0083 0072 0056 0059 0209 1313 0054 1917.
0059 0058 0057 0055 0055 0054 0059 0060 0059 0058 0059 0063
0070 0073 0077 0078 0082 0106 0097 0093 0078 0067 0060 0032 0113 1410 0032 2000.
0048 0018 0004 0049 0061 0059 0033 -002 0004 0042 0044 0051
0091 0123 0192 0249 0261 0260 0217 0156 0094 0062 0079 0077 0279 1336 -008 0436.
0075 0072 0056 0040 0012 0008 0003 0001 -002 0008 0053 0055
0071 0084 0110 0119 0149 0119 0110 0087 0069 0062 0063 0046 0161 1307 -010 0533.
0066 0068 0069 0068 0037 0002 0001 -002 0024 0053 0057 0063
0086 0087 0114 0142 0167 0175 0116 0089 0080 0073 0073 0071 0185 1358 -005 0225.
0070 0069 0065 0065 0064 0063 0063 0063 0064 0061 0058 0059
0080 0104 0114 0160 0186 0190 0141 0104 0088 0082 0081 0080 0200 1340 0047 0725.
0078 0077 0077 0077 0076 0073 0072 0071 0071 0072 0072 0081
0112 0131 0125 0121 0125 0127 0116 0104 0091 0082 0080 0078 0134 0946 0071 0308.
0079 0078 0075 0074 0075 0074 0073 0072 0072 0070 0072 0076
0083 0078 0087 0110 0097 0099 0084 0076 0070 0069 0067 0067 0114 1205 0066 1932.
0066 0063 0065 0062 0062 0064 0064 0065 0062 0063 0058 0060
0061 0063 0065 0074 0075 0083 0077 0078 0070 0069 0069 0070 0084 1403 0057 0717.
0068 0069 0067 0068 0067 0071 0069 0068 0064 0064 0065 0067
0070 0072 0094 0107 0105 0099 0093 0093 0079 0067 0066 0062 0112 1311 0062 0836.
0060 0058 0057 0056 0056 0053 0055 0061 0063 0062 0060 0065
0087 0098 0107 0143 0131 0119 0120 0107 0092 0070 0068 0058 0148 1156 0052 0153.
0062 0056 0056 0055 0056 0051 0018 0032 0031 0036 0041 0055
0098 0133 0191 0226 0160 0179 0142 0162 0087 0050 0057 0043 0239 1153 0015 0240.
0037 0023 0023 0008 -008 -015 -020 -022 -002 -016 -026 -010
0077 0081 0187 0208 0229 0231 0188 0119 0058 0025 0015 -012 0253 1319 -027 0729.
-020 -024 -043 -053 -058 -062 -062 -068 -070 -073 -078 -062
0010 0106 0195 0221 0233 0241 0192 0113 0045 0008 -002 -031 0259 1351 -079 0706.
-037 -037 -037 0001 0008 -038 -027 -033 -044 -006 -020 0009
0057 0081 0129 0200 0180 0250 0195 0109 0063 0045 0038 0032 0259 1337 -046 0224.
0031 0033 0032 0033 0033 0034 0035 0035 0032 0031 0029 0033
0066 0107 0110 0149 0130 0111 0100 0087 0065 0048 0046 0042 0162 1148 0028 2035.
0040 0039 0038 0036 0034 0031 0029 0028 0025 0026 0025 0028
0046 0131 0171 0214 0225 0215 0165 0108 0057 0025 0014 0005 0230 1302 0005 1959.
0008 0033 0035 0031 0015 0028 0036 0032 0034 0032 0033 0033
0038 0039 0040 0046 0049 0052 0047 0048 0042 0039 0038 0039 0055 1353 0005 2006.
0039 0039 0040 0041 0042 0041 0041 0040 0041 0038 0037 0040
0044 0060 0078 0090 0084 0093 0079 0092 0067 0057 0056 0054 0098 1404 0036 0554.
0054 0055 0055 0055 0053 0040 -001 0047 0048 0049 0050 0048
0054 0066 0071 0076 0081 0073 0068 0067 0061 0055 0052 0050 0082 1127 -004 0309.
0049 0048 0047 0047 0048 0052 0052 0053 0051 0051 0050 0053
0062 0090 0079 0092 0106 0129 0110 0093 0074 0063 0048 0054 0134 1355 0047 2124.
0052 0053 0049 0039 0044 0062 0036 0041 -001 0042 0058 0061
0080 0107 0181 0251 0292 0270 0238 0163 0098 0055 0027 0015 0297 1252 -004 0511.
0022 0000 -012 -017 -018 -023 -020 -027 -026 -028 -029 -019
0056 0133 0226 0292 0324 0277 0250 0174 0112 0084 0063 0060 0330 1311 -029 0441.
0050 0021 0005 0009 0000 -012 -012 -017 -019 -022 -020 -015
0061 0129 0160 0176 0204 0202 0171 0092 0073 0048 0047 0040 0213 1314 -025 0626.
0040 0039 0035 0035 0036 0031 0029 0031 0029 0028 0029 0028
0033 0041 0049 0057 0061 0061 0061 0051 0043 0039 0035 0036 0070 1332 0027 0553.
0035 0036 0036 0035 0034 0034 0034 0033 0033 0034 0034 0038
0051 0071 0104 0123 0164 0174 0133 0102 0055 0010 0008 0001 0175 1401 0001 1959.
-014 -015 -015 -020 -025 -030 -018 -022 -033 -001 0013 0035
0056 0072 0137 0159 0239 0216 0224 0138 0100 0055 0056 0056 0263 1340 -034 0503.
0047 0045 0026 0030 0011 -007 -010 -016 -018 -026 -029 -024
0051 0115 0189 0251 0285 0279 0231 0163 0086 0043 0057 0010 0299 1311 -032 0709=
=
??????
******
YF
19011










20160114=
JY
8888=
GK
01/
05/=
BZ
10/03/08;14;20

10/24/24
11/=
######
