57461 3042N 11118E 001331 001343 105 000 S14 11111999919199111991 0 2016 09
PC
9878 9881 9884 9884 9881 9876 9873 9870 9870 9873 9876 9879
9880 9877 9871 9863 9854 9847 9840 9835 9835 9840 9845 9855 9885 2308 9834 1610.
9864 9871 9872 9873 9875 9877 9876 9879 9881 9885 9892 9895
9897 9897 9893 9886 9881 9874 9866 9859 9860 9862 9868 9879 9899 0938 9855 2001.
9888 9894 9897 9899 9897 9896 9895 9894 9895 9895 9902 9909
9911 9911 9911 9908 9906 9900 9896 9896 9899 9900 9904 9912 9913 0925 9879 2001.
9921 9926 9929 9931 9930 9931 9930 9929 9930 9934 9939 9944
9947 9951 9951 9947 9940 9934 9928 9924 9922 9924 9927 9932 9953 1015 9913 2001.
9941 9947 9948 9948 9949 9948 9944 9940 9945 9949 9950 9952
9957 9958 9957 9951 9945 9941 9937 9936 9937 9938 9942 9950 9960 1038 9932 2001.
9954 9954 9953 9951 9949 9947 9943 9938 9940 9947 9948 9951
9955 9955 9952 9951 9949 9943 9934 9935 9932 9932 9931 9935 9956 2116 9930 1812.
9942 9946 9946 9945 9941 9940 9936 9936 9938 9939 9943 9943
9947 9947 9942 9935 9927 9923 9917 9912 9911 9913 9915 9921 9948 0906 9911 1632.
9930 9932 9938 9938 9938 9935 9934 9932 9932 9935 9939 9945
9947 9946 9945 9941 9939 9932 9927 9922 9923 9922 9924 9931 9948 1018 9921 2001.
9936 9939 9943 9940 9936 9933 9929 9929 9929 9933 9937 9942
9947 9952 9954 9949 9949 9952 9954 9952 9954 9955 9958 9962 9962 1959 9928 0326.
9968 9971 9970 9969 9963 9959 9955 9956 9955 9959 9963 9969
9969 9968 9963 9953 9948 9940 9933 9928 9928 9930 9935 9944 9972 2150 9928 1534.
9953 9958 9958 9958 9958 9954 9953 9953 9955 9960 9963 9968
9968 9968 9964 9958 9950 9941 9934 9932 9933 9937 9940 9951 9969 0913 9931 1604.
9963 9969 9973 9973 9972 9972 9971 9974 9976 9980 9987 9992
9993 9996 9993 9988 9981 9977 9972 9970 9971 9974 9979 9986 9998 1005 9951 2001.
9995 0001 0002 0002 0001 9998 9997 9997 9998 0000 0005 0010
0012 0016 0015 0009 0000 9990 9983 9979 9977 9979 9982 9990 0018 1035 9977 1629.
9998 0004 0005 0004 0001 9995 9992 9990 9991 9993 0000 9999
0000 0000 9995 9986 9979 9966 9960 9956 9955 9958 9964 9970 0006 2301 9955 1646.
9979 9980 9980 9978 9978 9976 9972 9971 9973 9975 9977 9977
9979 9981 9976 9969 9961 9952 9945 9941 9941 9943 9950 9958 9981 2209 9940 1610.
9964 9966 9965 9964 9962 9960 9955 9954 9956 9960 9964 9967
9971 9971 9967 9960 9951 9940 9934 9930 9930 9935 9941 9951 9972 0904 9929 1546.
9959 9961 9961 9964 9965 9965 9968 9969 9973 9977 9983 9988
9991 9992 9986 9981 9972 9963 9957 9954 9954 9956 9962 9971 9993 0923 9951 2001.
9977 9980 9984 9989 9991 9989 9988 9988 9986 9988 9993 9997
9999 9998 9994 9989 9979 9970 9963 9958 9958 9958 9962 9973 0000 0854 9957 1614.
9982 9988 9991 9994 9994 9993 9994 9993 9993 9997 0000 0010
0013 0019 0020 0016 0010 0005 0004 0005 0010 0011 0016 0024 0024 1957 9973 2001.
0034 0038 0038 0040 0039 0042 0042 0040 0040 0043 0049 0057
0060 0065 0061 0057 0049 0040 0034 0031 0031 0032 0035 0041 0065 0949 0025 2001.
0046 0050 0048 0048 0045 0040 0040 0038 0041 0044 0049 0055
0057 0058 0052 0042 0033 0023 0017 0014 0012 0013 0013 0020 0058 0914 0012 1652.
0026 0028 0027 0025 0022 0020 0015 0015 0017 0021 0024 0026
0027 0028 0023 0014 0002 9990 9981 9977 9976 9976 9980 9988 0029 2221 9975 1702.
9994 9997 9998 9997 9996 9990 9989 9986 9985 9986 9989 9990
9994 9995 9989 9984 9972 9964 9958 9954 9952 9955 9959 9967 9999 2125 9952 1636.
9972 9975 9972 9970 9965 9958 9956 9951 9951 9954 9960 9961
9963 9964 9963 9956 9946 9942 9937 9937 9941 9943 9944 9946 9975 2142 9936 1517.
9954 9956 9956 9953 9949 9946 9943 9941 9944 9949 9956 9964
9970 9971 9966 9958 9950 9944 9935 9939 9942 9944 9945 9953 9971 0916 9935 1459.
9960 9959 9958 9955 9952 9950 9947 9946 9947 9951 9950 9957
9959 9961 9960 9951 9943 9935 9930 9931 9934 9938 9942 9951 9961 2114 9930 1459.
9960 9964 9967 9966 9966 9963 9960 9959 9961 9964 9968 9973
9981 9988 9988 9988 9980 9978 9978 9975 9974 9976 9983 9990 9990 1038 9951 2001.
9999 0004 0001 9997 9995 9988 9987 9986 9990 9998 0001 0011
0017 0024 0027 0021 0016 0014 0011 0013 0015 0018 0019 0026 0028 1117 9985 0321.
0031 0030 0028 0028 0021 0017 0015 0011 0010 0013 0013 0020
0023 0025 0021 0012 0002 9994 9988 9986 9988 9992 9999 0005 0031 2057 9986 1525.
0012 0011 0007 0005 0002 9998 9993 9988 9988 9988 9991 9992
9992 9994 9992 9985 9978 9971 9966 9963 9967 9969 9974 9983 0012 2058 9963 1544=
0028 0031 9997 0007
0027 0047 0024 0031
0046 0061 0051 0065
0082 0097 0086 0084
0100 0105 0093 0104
0100 0105 0096 0089
0094 0097 0076 0074
0087 0098 0084 0084
0085 0095 0106 0117
0114 0125 0093 0098
0107 0122 0093 0104
0124 0146 0130 0140
0151 0164 0143 0144
0148 0153 0119 0124
0129 0131 0104 0112
0113 0121 0092 0105
0118 0142 0116 0125
0143 0152 0123 0127
0146 0165 0160 0180
0198 0214 0196 0198
0196 0212 0178 0176
0175 0182 0144 0143
0144 0145 0118 0122
0112 0116 0096 0101
0100 0119 0098 0108
0105 0112 0089 0106
0117 0127 0133 0145
0144 0167 0170 0183
0174 0178 0151 0163
0155 0149 0127 0139=
TB
0264 0251 0244 0240 0235 0231 0228 0230 0229 0225 0228 0249
0275 0295 0313 0331 0346 0355 0358 0352 0341 0328 0313 0296 0364 1438 0225 0600.
0285 0277 0266 0258 0250 0249 0243 0239 0231 0227 0229 0248
0277 0306 0331 0345 0354 0363 0365 0365 0360 0343 0328 0307 0371 1542 0225 0610.
0300 0288 0275 0265 0257 0250 0245 0239 0233 0231 0233 0245
0269 0286 0303 0327 0329 0341 0334 0325 0328 0319 0305 0293 0342 1355 0229 0634.
0279 0275 0271 0268 0263 0260 0258 0256 0254 0254 0252 0256
0267 0283 0292 0307 0317 0330 0341 0343 0335 0327 0313 0304 0344 1549 0250 0711.
0287 0276 0265 0264 0257 0254 0249 0246 0248 0247 0247 0250
0257 0266 0278 0297 0302 0310 0311 0309 0306 0298 0289 0270 0314 1431 0246 0317.
0259 0254 0252 0250 0248 0246 0242 0241 0235 0229 0232 0243
0257 0275 0277 0278 0279 0291 0295 0302 0300 0293 0280 0266 0315 1528 0228 0603.
0252 0242 0236 0230 0220 0218 0215 0212 0212 0211 0215 0238
0259 0287 0302 0313 0328 0312 0308 0310 0308 0305 0295 0284 0330 1305 0210 0439.
0278 0271 0261 0255 0251 0248 0246 0245 0243 0241 0241 0253
0268 0284 0295 0298 0307 0313 0316 0313 0312 0306 0293 0286 0317 1341 0239 0625.
0278 0273 0268 0262 0258 0255 0252 0250 0248 0247 0248 0251
0257 0260 0261 0262 0264 0253 0239 0244 0247 0244 0240 0235 0286 2001 0235 1953.
0233 0229 0223 0220 0213 0211 0207 0208 0205 0205 0205 0219
0242 0264 0291 0306 0313 0326 0330 0334 0331 0322 0303 0285 0337 1513 0202 0536.
0265 0252 0243 0239 0233 0228 0221 0219 0216 0213 0213 0232
0262 0287 0312 0329 0343 0347 0348 0347 0341 0329 0316 0308 0354 1506 0211 0626.
0287 0269 0256 0251 0241 0236 0230 0225 0220 0216 0217 0239
0260 0275 0295 0307 0321 0327 0341 0338 0330 0321 0305 0299 0346 1455 0214 0622.
0271 0259 0251 0247 0243 0235 0231 0228 0223 0222 0225 0235
0251 0278 0287 0293 0296 0320 0327 0319 0314 0310 0299 0289 0327 1459 0221 0618.
0284 0271 0258 0253 0244 0241 0237 0237 0237 0233 0232 0243
0262 0278 0296 0307 0320 0325 0329 0325 0326 0316 0297 0287 0332 1516 0229 0630.
0268 0261 0257 0251 0250 0246 0246 0238 0235 0238 0240 0244
0259 0277 0308 0320 0323 0326 0326 0324 0324 0311 0294 0283 0338 1439 0235 0439.
0273 0264 0254 0245 0238 0233 0224 0221 0218 0217 0217 0231
0253 0279 0301 0316 0321 0333 0338 0327 0318 0307 0296 0287 0339 1441 0215 0633.
0282 0259 0247 0241 0235 0230 0225 0221 0218 0214 0215 0229
0248 0278 0297 0297 0314 0321 0321 0320 0317 0310 0296 0282 0327 1410 0213 0601.
0271 0256 0247 0241 0233 0228 0222 0220 0214 0210 0208 0228
0250 0277 0298 0303 0312 0324 0328 0330 0319 0308 0293 0282 0332 1556 0207 0651.
0267 0254 0245 0240 0241 0236 0236 0235 0233 0232 0234 0237
0249 0260 0275 0281 0277 0281 0271 0264 0250 0240 0237 0233 0283 2004 0232 0504.
0232 0230 0229 0228 0224 0221 0219 0214 0212 0210 0210 0218
0227 0243 0254 0252 0262 0269 0261 0260 0255 0251 0247 0244 0269 1400 0208 0651.
0237 0231 0224 0221 0217 0213 0212 0213 0209 0207 0211 0212
0223 0250 0254 0266 0284 0289 0291 0289 0280 0277 0267 0257 0295 1357 0207 0517.
0244 0235 0225 0218 0212 0207 0202 0197 0196 0190 0191 0208
0226 0251 0276 0288 0301 0306 0307 0309 0301 0291 0281 0272 0314 1504 0188 0612.
0260 0250 0247 0239 0230 0227 0222 0222 0220 0219 0217 0228
0234 0239 0253 0270 0276 0278 0278 0275 0274 0270 0265 0259 0284 1442 0217 0653.
0253 0248 0245 0237 0234 0232 0229 0227 0225 0223 0224 0228
0234 0250 0252 0256 0270 0273 0269 0265 0258 0254 0249 0248 0274 1348 0222 0535.
0245 0242 0240 0234 0231 0229 0227 0226 0226 0224 0215 0216
0218 0228 0244 0259 0256 0258 0261 0261 0258 0250 0246 0241 0267 1518 0215 0652.
0243 0240 0235 0235 0231 0229 0228 0227 0224 0223 0224 0229
0233 0242 0247 0253 0266 0274 0281 0282 0277 0273 0269 0260 0285 1604 0221 0525.
0254 0253 0248 0248 0246 0243 0241 0242 0239 0238 0236 0244
0246 0247 0247 0244 0242 0238 0239 0241 0249 0241 0242 0236 0260 2001 0236 0651.
0237 0234 0232 0232 0231 0228 0227 0228 0227 0221 0219 0214
0215 0223 0225 0226 0229 0227 0222 0220 0219 0217 0213 0213 0240 2018 0213 0817.
0211 0211 0211 0210 0206 0203 0203 0200 0199 0198 0196 0200
0204 0208 0220 0224 0226 0227 0229 0228 0225 0221 0214 0206 0232 1510 0195 0717.
0200 0201 0199 0199 0198 0198 0197 0198 0197 0198 0200 0205
0212 0220 0232 0245 0252 0248 0259 0252 0244 0239 0236 0231 0261 1451 0197 0246=
IB
=
0169 0188 0192 0186 0177 0184 0190 0185 0176 0178 0179 0181
0179 0177 0169 0177 0174 0147 0150 0150 0165 0193 0203 0202.
0194 0198 0204 0199 0211 0199 0196 0185 0195 0187 0193 0196
0195 0193 0169 0104 0098 0090 0099 0099 0102 0115 0130 0130.
0141 0160 0174 0170 0171 0177 0177 0181 0180 0173 0180 0180
0179 0175 0177 0181 0163 0169 0145 0159 0166 0154 0165 0193.
0189 0193 0187 0189 0192 0192 0194 0190 0195 0193 0193 0204
0196 0195 0204 0194 0190 0176 0165 0162 0164 0165 0186 0185.
0193 0194 0191 0195 0196 0198 0195 0194 0205 0206 0208 0207
0203 0204 0204 0211 0199 0194 0181 0141 0166 0169 0174 0213.
0205 0200 0202 0203 0196 0197 0182 0183 0175 0176 0172 0180
0184 0177 0184 0193 0191 0182 0152 0139 0129 0127 0139 0130.
0155 0174 0161 0161 0174 0172 0165 0170 0168 0177 0177 0187
0191 0182 0183 0172 0158 0175 0175 0177 0175 0179 0180 0179.
0176 0187 0197 0199 0197 0201 0199 0193 0198 0194 0198 0199
0197 0193 0192 0179 0178 0161 0171 0172 0164 0170 0202 0198.
0199 0194 0204 0198 0201 0203 0198 0198 0199 0206 0209 0210
0212 0219 0218 0214 0200 0187 0192 0174 0162 0159 0155 0165.
0161 0157 0181 0184 0185 0192 0183 0186 0179 0188 0184 0183
0177 0177 0156 0151 0157 0156 0155 0145 0116 0119 0160 0174.
0159 0158 0175 0172 0177 0179 0181 0177 0168 0173 0167 0174
0176 0156 0148 0135 0132 0135 0125 0124 0135 0150 0143 0156.
0166 0177 0173 0173 0166 0174 0175 0165 0165 0166 0167 0167
0176 0168 0170 0167 0160 0148 0100 0128 0110 0108 0124 0124.
0148 0144 0146 0151 0150 0153 0162 0161 0163 0162 0165 0170
0171 0155 0153 0161 0178 0175 0152 0162 0162 0170 0170 0178.
0182 0179 0190 0185 0192 0192 0186 0190 0190 0188 0200 0202
0196 0191 0178 0181 0171 0172 0163 0127 0117 0134 0135 0134.
0155 0161 0165 0157 0167 0158 0155 0168 0163 0171 0160 0172
0165 0160 0148 0123 0115 0112 0112 0121 0136 0134 0144 0138.
0140 0155 0154 0152 0158 0154 0155 0162 0154 0153 0158 0154
0156 0152 0150 0151 0138 0134 0116 0124 0135 0135 0142 0142.
0151 0162 0164 0159 0158 0158 0172 0170 0170 0159 0165 0176
0162 0155 0158 0162 0166 0147 0143 0146 0135 0124 0142 0141.
0142 0141 0151 0151 0151 0156 0162 0167 0159 0164 0160 0166
0156 0147 0127 0131 0100 0104 0096 0098 0088 0097 0104 0109.
0120 0126 0131 0129 0142 0146 0143 0139 0151 0153 0149 0157
0150 0148 0152 0154 0147 0147 0145 0155 0162 0158 0162 0164.
0155 0168 0160 0154 0153 0135 0168 0166 0160 0162 0155 0154
0151 0141 0126 0114 0108 0118 0107 0110 0105 0113 0120 0120.
0124 0136 0135 0147 0141 0135 0136 0145 0148 0146 0143 0141
0139 0139 0130 0123 0123 0119 0125 0128 0116 0125 0131 0125.
0130 0150 0149 0152 0146 0157 0152 0147 0153 0147 0156 0158
0155 0151 0146 0139 0138 0143 0139 0132 0134 0137 0140 0139.
0138 0145 0145 0149 0163 0158 0162 0162 0161 0160 0164 0156
0160 0169 0162 0154 0149 0151 0155 0165 0164 0157 0152 0159.
0153 0157 0162 0177 0172 0172 0167 0167 0172 0179 0178 0175
0172 0177 0174 0165 0157 0166 0165 0173 0172 0173 0179 0175.
0177 0182 0180 0174 0184 0180 0185 0182 0179 0180 0196 0206
0203 0203 0199 0193 0185 0192 0185 0193 0197 0200 0194 0190.
0185 0180 0182 0179 0182 0193 0190 0187 0188 0185 0196 0202
0197 0199 0195 0194 0197 0192 0191 0186 0187 0194 0195 0192.
0200 0194 0199 0192 0194 0202 0196 0199 0196 0195 0203 0197
0207 0195 0191 0197 0205 0207 0218 0204 0214 0204 0207 0213.
0192 0200 0207 0202 0204 0198 0202 0201 0199 0204 0200 0202
0201 0170 0165 0144 0142 0143 0138 0134 0125 0123 0122 0116.
0114 0109 0112 0108 0101 0095 0089 0077 0080 0108 0126 0084
0078 0084 0095 0085 0091 0091 0093 0099 0090 0093 0099 0104.
0110 0099 0119 0122 0128 0135 0132 0135 0141 0140 0144 0146
0141 0149 0137 0100 0107 0095 0101 0099 0096 0095 0088 0112=
EA
193 217 223 215 203 212 219 213 201 204 205 208
206 202 192 202 198 168 170 171 187 224 238 236.
226 230 240 232 250 233 228 213 226 215 223 228
227 224 192 126 121 115 122 122 125 135 149 150.
161 182 198 194 195 203 203 208 206 198 206 206
206 200 203 208 185 193 165 181 189 175 188 224.
218 224 215 218 222 222 226 220 227 224 224 240
228 227 239 225 220 201 187 184 186 188 215 213.
224 225 222 227 228 230 227 226 241 243 246 244
238 240 239 250 232 225 208 161 189 193 199 253.
241 234 237 238 228 229 208 210 200 201 196 207
211 202 212 224 222 209 173 159 148 147 159 150.
176 199 183 183 198 196 187 194 191 203 202 215
220 209 210 197 179 200 200 202 200 205 206 205.
202 215 230 232 229 235 232 224 231 225 231 232
229 224 223 206 203 183 195 197 186 193 236 231.
232 225 240 231 236 238 231 231 232 243 247 248
251 262 260 255 234 216 222 199 184 180 176 188.
183 179 207 211 213 223 210 214 205 217 212 210
202 203 177 171 178 177 176 165 137 139 181 198.
180 179 200 196 203 205 207 202 191 197 190 199
201 177 168 155 151 155 145 144 155 170 163 178.
189 202 197 198 189 198 199 188 188 188 189 190
202 191 194 190 182 168 123 147 131 129 144 143.
169 164 166 171 170 174 184 183 186 185 188 194
194 176 173 183 203 200 173 184 184 193 194 203.
209 204 219 213 223 222 214 220 220 217 233 237
228 220 203 208 195 196 185 147 138 153 154 154.
176 183 188 178 190 179 176 192 185 195 182 196
187 182 169 143 135 133 133 141 156 154 164 158.
160 175 175 172 180 174 176 183 175 174 179 175
177 173 171 172 158 153 137 143 155 155 162 161.
172 184 187 180 179 180 196 194 193 181 187 201
185 176 179 183 188 167 163 166 154 144 162 161.
161 161 171 171 172 178 185 190 181 186 182 189
177 167 147 151 123 126 119 121 113 120 126 130.
140 146 151 149 162 166 163 159 172 173 170 179
170 168 173 175 167 167 165 175 184 179 185 186.
176 191 181 175 173 154 192 189 181 184 176 175
171 161 146 135 129 138 128 131 127 134 140 141.
144 155 154 168 161 154 156 165 168 166 163 161
159 158 149 143 143 139 145 147 136 145 151 145.
150 171 169 172 166 178 173 167 173 167 177 179
175 172 166 158 158 162 159 152 154 157 160 159.
158 165 165 169 185 179 185 185 182 181 187 178
181 193 184 175 170 172 176 187 186 178 173 180.
174 178 184 202 196 196 190 190 196 205 203 200
196 203 199 187 178 189 188 197 196 198 205 200.
203 208 206 199 212 207 212 208 206 206 228 242
238 239 232 224 213 223 213 223 229 234 226 219.
213 206 208 206 209 223 219 215 217 213 227 237
229 232 227 226 230 223 220 214 215 225 227 222.
234 226 232 222 226 237 228 232 228 227 239 229
244 227 221 229 242 245 261 240 255 240 245 253.
223 233 244 236 240 230 237 236 232 239 234 237
236 194 188 164 162 163 158 153 144 143 142 137.
135 130 133 129 124 119 114 105 107 129 146 110
105 110 119 111 115 116 117 122 114 117 122 126.
131 122 139 142 148 155 151 155 161 159 164 166
161 169 156 123 128 119 124 122 119 119 114 133=
UB
56 68 73 72 70 75 79 76 72 75 74 66
56 49 42 40 36 29 29 30 35 45 52 57 26 1442.
58 62 69 70 79 74 75 72 80 78 80 73
61 51 38 23 21 19 20 20 21 25 30 34 17 1334.
38 46 54 56 59 64 66 70 72 70 72 67
58 51 47 42 37 36 32 37 38 37 43 55 27 1439.
58 61 60 62 65 66 68 67 70 69 70 73
65 59 59 51 47 40 35 34 36 38 47 49 31 1517.
57 61 64 66 69 71 72 73 77 78 79 77
72 69 64 60 54 50 46 36 43 46 50 71 30 1615.
72 72 74 75 73 74 69 70 69 72 69 68
64 55 57 60 59 52 42 37 35 36 42 43 33 1646.
55 66 63 65 75 75 73 77 76 81 79 73
66 53 49 43 36 44 45 45 45 47 50 53 34 1231.
54 60 68 71 72 75 75 73 76 75 77 72
65 58 54 49 46 40 42 43 41 44 58 59 38 1417.
62 62 68 68 71 73 72 73 74 78 79 78
76 78 77 75 68 67 75 65 59 59 59 65 55 1813.
64 64 77 80 84 89 86 87 85 90 88 80
67 59 44 39 39 36 35 32 27 29 42 51 26 1659.
52 56 66 66 71 74 78 77 74 78 75 70
59 45 37 31 28 28 26 26 29 34 35 40 25 1507.
48 57 60 62 63 68 71 69 71 73 73 64
60 52 47 43 38 34 23 28 26 27 33 34 23 1458.
47 49 52 55 56 60 65 66 69 69 69 67
61 47 44 45 49 42 35 39 40 43 46 51 33 1452.
54 57 66 66 73 74 73 75 75 76 82 78
67 59 49 47 41 40 37 30 28 33 37 39 28 1657.
50 54 57 56 60 58 57 65 64 66 61 64
56 49 38 30 28 27 27 29 32 34 40 41 24 1444.
44 51 54 56 61 61 65 69 67 67 69 62
55 46 40 37 33 30 26 29 33 35 39 41 26 1500.
45 55 60 60 62 64 72 73 74 71 73 72
59 47 43 44 41 35 34 35 33 32 39 42 31 1711.
45 49 55 57 60 64 69 72 71 75 74 68
56 45 35 35 27 26 24 24 24 27 31 34 22 1552.
40 45 49 50 54 57 56 55 60 61 59 61
54 50 47 46 45 44 46 51 58 60 63 65 33 2001.
62 68 65 63 64 58 73 74 72 74 71 67
62 53 45 42 38 39 38 39 39 42 45 46 36 1319.
49 55 57 63 62 61 62 65 68 68 65 64
59 50 46 41 37 35 36 37 36 39 43 44 31 1329.
49 59 62 66 66 73 73 73 76 76 80 73
64 54 45 40 37 37 36 34 36 39 42 44 32 1505.
47 52 53 57 66 65 69 69 69 69 72 64
63 65 57 49 46 46 47 51 51 50 50 54 43 2002.
54 57 60 69 68 69 68 69 72 76 75 72
68 64 62 57 50 52 53 57 59 61 65 64 49 1254.
66 69 69 69 75 74 77 76 75 76 89 94
91 86 76 67 65 67 63 66 69 74 73 73 61 1523.
70 69 72 71 74 80 79 78 80 79 84 85
80 77 73 70 66 61 58 56 58 62 64 66 55 1440.
72 70 74 71 73 78 76 77 77 77 82 75
79 73 71 75 80 83 88 80 81 80 81 87 66 2002.
76 81 86 83 85 83 86 85 84 90 89 93
92 72 69 60 58 59 59 58 55 55 56 54 53 1927.
54 52 53 52 51 50 48 45 46 56 64 47
44 45 45 41 42 42 42 44 42 44 48 52 39 1456.
56 52 60 61 64 67 66 67 70 69 70 69
64 64 55 40 40 38 37 38 39 40 39 47 35 1456=
N=
H=
C=
V=
R=
W=
LA
=
001 003 000 001 002 001 000 002 001 001 000 002
002 002 002 002 001 003 004 002 004 003 003 002 044.
003 000 002 002 000 001 002 001 001 001 000 005
003 001 002 003 003 003 004 002 003 005 006 002 055.
002 002 001 002 001 001 001 001 002 000 002 000
002 001 002 002 002 001 003 002 003 001 001 001 036.
002 001 001 002 001 000 002 000 002 000 001 000
003 000 001 001 002 000 003 001 004 001 001 002 031.
002 001 000 002 001 001 001 000 002 000 001 000
002 002 000 001 001 001 001 002 001 000 000 001 023.
001 001 000 001 001 002 000 000 002 001 001 001
002 001 001 000 001 000 003 002 002 003 002 000 028.
003 000 000 002 000 001 001 002 001 001 000 001
001 002 001 002 001 006 001 002 004 001 007 002 042.
000 002 001 001 001 001 000 001 001 000 000 001
001 002 001 001 002 001 002 002 002 003 002 000 028.
002 001 001 001 000 001 000 001 000 001 001 001
000 001 000 001 000 002 000 001 002 002 003 002 024.
001 001 001 001 000 001 000 001 000 001 001 001
001 002 001 003 003 000 002 004 002 003 002 001 033.
000 002 001 002 000 001 001 001 000 002 000 001
001 003 002 001 003 003 002 005 003 003 002 002 041.
001 002 001 002 002 000 001 001 001 001 000 002
001 003 000 001 002 002 000 003 000 000 000 000 026.
000 000 000 000 000 000 000 000 000 000 000 000
000 000 000 000 000 000 000 000 000 000 000 000 000.
000 000 000 000 000 000 000 000 000 000 000 000
000 000 000 000 000 000 000 000 000 000 000 000 000.
000 000 000 000 000 000 000 000 000 000 000 000
000 000 000 000 000 000 000 000 000 000 000 000 000.
000 000 000 000 000 000 000 000 000 000 000 000
000 000 000 000 000 000 000 000 000 000 000 000 000.
000 000 000 000 000 000 000 000 000 000 000 000
000 000 000 000 000 000 000 000 000 000 000 000 000.
000 000 000 000 000 000 000 000 000 000 000 000
000 000 000 000 000 000 000 000 000 000 000 000 000.
000 000 000 000 000 000 000 000 000 000 000 000
000 000 000 000 000 000 000 000 000 000 000 000 000.
000 000 000 000 000 000 000 000 000 000 000 000
000 000 000 000 000 000 000 000 000 000 000 000 000.
000 000 000 000 000 000 000 000 000 000 000 000
000 000 000 000 000 000 000 000 000 000 000 000 000.
000 000 000 000 000 000 000 000 000 000 000 000
000 000 000 000 000 000 000 000 000 000 000 000 000.
000 000 000 000 000 000 000 000 000 000 000 000
000 000 000 000 000 000 000 000 000 000 000 000 000.
000 000 000 000 000 000 000 000 000 000 000 000
000 000 000 000 000 000 000 000 000 000 000 000 000.
000 000 000 000 000 000 000 000 000 000 000 000
000 000 000 000 000 000 000 000 000 000 000 000 000.
000 000 000 000 000 000 000 000 000 000 000 000
000 000 000 000 000 000 000 000 000 000 000 000 000.
000 000 000 000 000 000 000 000 000 000 000 000
000 000 000 000 000 000 000 000 000 000 000 000 000.
000 000 000 000 000 000 000 000 000 000 000 000
000 000 000 000 000 000 000 000 000 000 000 000 000.
000 000 000 000 000 000 000 000 000 000 000 000
000 000 000 000 000 000 000 000 000 000 000 000 000.
000 000 000 000 000 000 000 000 000 000 000 000
000 000 000 000 000 000 000 000 000 000 000 000 000=
Z=
G=
FN
017005 330013 214008 254011 293008 317009
338012 301013 311018 328017 316015 286009
296015 274020 282025 261027 234010 056006
174023 146026 155023 132020 113015 080017.
048008 352007 267007 305006 328022 272012
320019 347008 002010 012011 011007 346010
283013 257018 299005 334017 170023 196018
221015 242019 163015 135029 146018 068017.
075011 309010 328012 352009 304006 329012
334016 275008 242007 217011 336006 339008
060013 246007 164012 261017 236017 305012
059011 072013 090004 085009 021008 048004.
331012 250009 252008 261005 030005 009009
358006 256008 349010 229008 332011 300006
320009 305006 203013 283010 194012 084012
190019 160011 154021 182014 164012 263008.
347012 324018 331010 229007 317007 334014
287008 228004 017007 335011 263008 278006
252015 306010 261011 171010 295012 322007
173015 119017 135006 093006 237007 271013.
256012 284009 331004 274007 289009 322006
PPC000 265011 254007 316007 250011 324011
265014 182009 221006 183018 229013 190013
132026 181021 127024 157021 160017 PPC000.
321016 270008 237010 236007 247005 219008
239008 PPC000 257010 299007 329008 354009
281011 001011 216015 164010 174017 178038
173032 113018 131025 151021 131012 067011.
080010 066014 316011 311005 336008 298007
225007 196005 PPC000 356005 038006 336013
005007 000010 233010 138016 185021 187019
160017 136022 123017 140014 140019 069016.
058011 360009 257007 PPC001 236006 331008
026005 349014 077007 339010 188006 324007
151008 286007 225013 128023 183015 196022
169020 208011 185014 154019 168015 158011.
201009 166009 177012 316008 291005 291009
325010 269010 322011 256008 300009 287019
317012 256014 238009 229011 185021 157020
259008 164024 126028 136016 164015 159003.
339011 356012 359008 249008 324007 342013
314007 275011 263007 287008 311009 333013
250012 329011 321009 201022 167027 171018
186022 165028 164022 151018 167017 129016.
357010 335016 350015 340013 316003 260009
PPC000 262010 274006 298005 239005 191009
332011 341010 063011 263011 027015 348010
192018 189027 156029 160017 168017 152014.
012011 325011 333010 PPC000 308006 306006
250007 212009 229007 274007 338006 250011
344010 007006 046006 005009 185011 194018
322012 180012 110023 137018 118016 086007.
068009 199005 304008 306006 264009 240005
PPC001 253003 287005 250007 PPC002 226006
347010 226007 219010 228011 089019 012010
104024 141018 097025 089021 043016 019010.
340012 328012 328007 244008 284006 320007
269016 258006 296007 243007 277009 313008
274015 238013 020011 000018 054026 057024
054026 037016 050012 065013 066013 039013.
018007 345010 268013 283012 291008 312010
PPC002 264008 307008 276007 319006 325009
255013 250014 186017 322013 002016 078013
082028 136024 133033 119015 150013 157011.
148005 358007 022009 355011 350008 013008
003008 352007 355008 342012 274006 337011
227011 021007 144013 161029 143013 184012
145018 123025 132021 135018 132014 071007.
339014 042011 351015 321009 356009 326019
327008 337009 287004 270012 280003 339005
174010 260008 139014 266026 302011 353015
133017 078024 098018 090028 080010 056010.
336013 338009 343010 332011 279011 315007
321012 359012 000006 PPC000 061005 006006
329013 025015 064016 043007 003013 113022
125029 107029 119029 140021 210012 186012.
156007 179014 156018 142011 120012 297003
310007 251011 255014 277003 236007 259009
338007 303012 296010 156011 198024 169018
187014 204008 183015 148016 159012 186006.
281006 309007 213008 266005 293008 229008
273005 PPC001 PPC002 150004 228006 303007
289008 194010 067013 329010 170017 171023
192026 179025 166027 183011 156016 076008.
034006 324006 326009 333012 320010 307008
261009 236006 284006 247007 243004 319007
341013 047005 109011 165015 165020 191017
160029 159021 154027 122023 138030 093017.
054013 045008 118004 345011 328008 PPC001
309005 181005 010008 PPC000 309005 147009
203007 351007 049007 174019 143014 163012
159028 139020 146018 152017 102021 054009.
055009 050008 000009 330010 320004 270010
275005 223007 196007 327008 352007 334006
PPC000 222005 022006 012013 104012 349012
062010 344010 349009 340014 339006 354005.
327012 359018 013009 359011 353012 342007
348007 054009 047007 045006 040004 053006
353009 018010 277005 351009 201016 311012
238015 287013 229011 269013 245010 239005.
135016 154013 155004 162007 182006 180006
PPC001 135006 101007 173003 217006 258010
292004 207007 022011 143008 076013 131009
173017 075011 090014 160009 131015 109015.
137013 160011 180010 151015 261007 146009
354004 131006 062009 162013 307003 281010
180013 132019 175011 172011 139006 257012
342014 315005 276017 265011 304008 020008.
PPC002 287011 288010 258011 263015 272013
243017 252009 339009 297007 276016 261016
358020 351016 007011 003017 010020 030022
020019 009019 012021 018017 008017 028018.
035018 055014 019013 044024 028025 043019
020029 032017 042017 333013 PPC002 029016
007021 009015 015009 024014 034013 193004
115012 009010 181017 073018 054023 054018.
218004 280011 280012 304010 289006 210011
293007 280009 266010 263009 190007 PPC000
218009 252008 140013 113017 237016 180019
153021 165031 129031 145028 157016 124030=
360004 328011 239007 254010 299009 312010
328013 318015 311013 326015 316015 296011
290016 265021 281025 257019 270016 169014
178020 161029 140034 137031 113023 073016.
055010 009007 270009 311008 352016 274010
316018 342009 008010 013011 351007 345011
296012 268016 250010 283016 211021 218018
185018 200017 177017 136025 141015 065018.
088010 309011 319011 359007 341008 357011
335020 280007 256004 209010 328003 351007
002011 228009 282012 224014 247016 348013
049011 057013 066008 073006 037008 049005.
340013 230009 269007 297008 006005 354009
336008 283008 322010 251008 311009 258008
308009 274006 166008 233011 224011 329012
184019 176011 159019 165014 178014 224007.
345012 324016 329010 235007 310007 317010
268011 286005 007007 334011 293008 241008
256013 288012 269013 165006 236013 301006
173016 142013 141006 079005 227008 289010.
265011 298008 329007 288006 317009 286008
PPC001 256008 242010 320007 256008 321007
254010 238010 197007 202016 229014 183014
153018 183018 127023 157022 165013 PPC002.
320013 250007 231009 240008 258006 238008
250007 236003 270009 311006 324006 346011
303013 301012 229017 154013 185021 168035
165031 123021 126028 148022 149013 072013.
062011 067012 333010 313006 338009 262008
215006 236007 038004 345008 019007 332014
329005 333008 242010 151016 188020 177020
149019 127022 135018 140017 137023 066014.
061009 011007 257008 246005 231008 311003
PPC002 356010 049006 327006 180006 322006
210006 272011 213012 134021 156019 194020
169018 198012 160014 163019 161015 152013.
186012 171008 170008 288007 263006 291011
318009 267010 316009 254009 279008 278016
293011 255014 212014 293017 182028 182021
158016 163016 143025 126020 162017 115006.
342010 002009 349007 243008 286005 325010
284009 288008 281007 267008 313009 335012
288009 270014 344010 220020 186022 180021
188028 164023 170028 164018 167018 142017.
000011 329016 343017 334017 288005 269009
283007 268010 282005 288006 261006 186008
312011 319011 001009 234015 065014 021008
194017 192022 166026 162017 167014 150015.
007009 329009 333009 PPC001 270006 267007
271004 220007 221005 264008 332007 245010
309008 210008 140009 029007 188014 209018
287011 196014 126026 125018 118015 109010.
075012 208004 306009 283008 298008 268004
PPC001 206003 251007 248007 227006 216006
333010 232006 185014 181012 106015 106013
114022 126017 097023 097021 064014 020010.
340010 324009 283011 314009 292007 320008
269012 262009 265006 253008 279010 322008
276013 249014 049018 039024 056033 042020
033028 037019 057014 071022 046014 049011.
029008 348010 265011 272012 283010 284009
240006 260007 295008 282009 322006 327010
258011 283014 297012 075020 009021 095019
077020 144031 127031 114017 141014 164009.
152008 356004 025008 328006 015007 004007
357006 310006 355008 347010 274005 309009
206010 358009 174011 196023 083013 202014
191016 138024 123020 133018 126014 082006.
347010 359011 353013 324008 003008 333014
327010 335009 306006 289007 289004 338008
185012 263008 114013 282023 022010 264016
130017 080022 118026 107022 091016 056013.
332014 348009 010009 331008 266008 315008
323013 007009 000007 PPC001 043007 354007
335008 343012 053012 049012 042013 125021
106027 104027 132033 133027 163015 191011.
166007 163012 156016 154013 092008 003003
291007 252012 248012 299008 265007 251007
345008 318013 309010 163020 212018 216017
180014 185011 165015 148016 164012 186007.
272004 292007 219007 287005 297009 238007
276004 262005 215005 206004 240006 294008
248008 245012 076011 245011 194017 171023
126026 178025 161025 178016 164016 103009.
056008 281008 324008 326011 331009 283006
277007 261006 261008 252007 PPC001 287006
348012 226010 111010 140018 131021 186028
162028 158021 136031 145020 135023 103016.
047009 051008 077005 347010 320009 319006
325005 142009 358009 355004 324008 172007
205007 340010 112007 208016 148016 172017
158023 129020 153026 145017 103018 079010.
084008 027008 348008 324010 289006 255008
246005 232008 202007 320005 354008 315006
350004 142006 232007 024009 069011 351011
060009 348010 353010 334012 340008 003008.
338013 348013 006009 011011 007008 356010
008006 034008 053006 035007 033008 017007
004009 002009 048007 329009 199013 263011
257015 267012 251010 273012 258010 252004.
124017 128012 175006 137008 177008 184008
144006 127007 107008 087005 220007 230009
006003 249006 335008 139013 079013 124013
190012 079009 096013 111012 131015 096014.
162012 159011 181009 158013 219008 165012
326004 128008 087006 177009 267003 262008
169012 126014 157011 167015 141006 248011
301008 290008 270011 258007 274010 001009.
290005 281011 276010 261012 279013 275014
252011 264007 308010 277011 290015 255017
000010 000016 026010 003023 006021 032019
018020 013027 021022 014021 008020 002029.
019017 031019 025016 041023 023021 037022
024021 032021 049015 326014 290007 024012
020016 004013 004011 031018 009015 269006
124011 011011 161013 046016 065020 079022.
186005 263009 279015 288009 277008 212009
305005 265009 273011 269009 179005 PPC000
201007 147007 154013 098012 229015 165018
153023 155029 133028 136027 159018 121027=
039159 1747 054162 1746
027129 1804 039142 1757
023335 0256 031309 0254
023162 1514 034184 1516
018271 1037 026281 0834
030132 1635 044130 1630
042161 1352 055159 1346
027132 1623 040130 1843
026167 1337 035156 1529
029179 1256 041147 1546
033182 1515 045193 1450
028163 1632 041170 1704
027131 1658 036085 1714
030085 1710 047085 1714
033013 1252 058354 1202
035138 1557 052119 1554
030132 1613 044145 1609
030104 1742 049099 1707
035139 1655 046113 1643
027234 1342 036170 1324
030156 1653 042176 1405
031186 1353 046156 1652
029143 1642 038162 1634
016333 1138 022323 1346
017268 1811 025266 1811
019134 1624 027150 1619
021155 1037 026128 1034
033023 1345 063303 1336
034085 1945 050096 1938
031138 1621 044159 1617=
DB
0247 0240 0238 0234 0229 0231 0223 0219 0216 0214 0220 0253
0282 0354 0429 0494 0519 0507 0470 0391 0339 0323 0284 0267 0521 1302 0213 0553.
0258 0253 0248 0243 0241 0235 0228 0222 0217 0215 0223 0256
0291 0380 0467 0527 0545 0527 0497 0434 0376 0310 0277 0259 0545 1300 0214 0610.
0264 0261 0254 0245 0242 0234 0231 0226 0226 0225 0244 0265
0325 0375 0476 0515 0418 0470 0370 0327 0342 0303 0277 0273 0525 1202 0220 0431.
0263 0262 0262 0258 0256 0254 0253 0251 0248 0247 0255 0275
0303 0333 0368 0413 0433 0485 0480 0421 0364 0310 0278 0273 0502 1342 0247 0523.
0267 0255 0252 0247 0245 0245 0245 0244 0245 0244 0252 0264
0284 0303 0345 0377 0386 0373 0361 0324 0306 0283 0269 0261 0400 1308 0243 0320.
0253 0251 0250 0249 0245 0244 0238 0233 0223 0224 0234 0256
0283 0332 0305 0325 0333 0389 0352 0376 0339 0289 0256 0233 0457 1420 0220 0522.
0226 0219 0215 0210 0207 0206 0204 0204 0205 0206 0217 0259
0279 0386 0456 0421 0553 0379 0353 0345 0317 0296 0266 0258 0554 1301 0203 0343.
0254 0250 0247 0245 0241 0241 0240 0239 0235 0234 0247 0280
0300 0354 0375 0391 0441 0415 0410 0375 0331 0293 0271 0265 0463 1339 0233 0547.
0261 0257 0255 0253 0248 0248 0247 0245 0245 0245 0249 0269
0285 0296 0290 0292 0283 0268 0276 0263 0266 0244 0233 0228 0297 0957 0228 1931.
0224 0219 0218 0219 0210 0210 0206 0202 0198 0196 0211 0235
0279 0328 0422 0508 0523 0510 0473 0417 0350 0295 0263 0246 0533 1241 0195 0520.
0236 0228 0221 0216 0211 0208 0204 0201 0197 0193 0207 0244
0286 0385 0479 0537 0546 0527 0484 0415 0356 0309 0268 0255 0551 1230 0193 0558.
0246 0237 0229 0226 0218 0215 0211 0206 0203 0199 0212 0250
0294 0334 0447 0472 0472 0382 0467 0405 0338 0290 0258 0245 0515 1223 0198 0601.
0235 0227 0227 0227 0226 0219 0216 0213 0207 0208 0232 0255
0300 0374 0417 0396 0432 0499 0482 0367 0336 0307 0262 0255 0518 1336 0204 0537.
0251 0242 0236 0232 0228 0229 0222 0233 0228 0220 0235 0258
0307 0367 0466 0525 0530 0512 0463 0383 0353 0289 0253 0247 0535 1303 0217 0610.
0241 0234 0232 0234 0236 0231 0229 0228 0230 0230 0233 0255
0299 0369 0461 0515 0527 0436 0433 0373 0344 0296 0256 0245 0536 1219 0226 0622.
0233 0227 0221 0216 0213 0209 0206 0203 0200 0199 0210 0245
0292 0386 0466 0474 0443 0516 0467 0395 0345 0292 0255 0243 0539 1235 0197 0615.
0235 0226 0221 0215 0212 0208 0204 0201 0199 0197 0210 0247
0296 0392 0472 0440 0529 0510 0448 0411 0351 0299 0256 0254 0532 1311 0197 0600.
0238 0226 0221 0215 0211 0206 0202 0198 0194 0190 0202 0242
0291 0391 0437 0518 0471 0471 0474 0413 0337 0277 0244 0235 0548 1317 0190 0600.
0225 0223 0218 0218 0215 0220 0222 0221 0222 0222 0227 0248
0279 0341 0369 0388 0343 0374 0319 0312 0287 0252 0229 0228 0397 1151 0212 0110.
0220 0220 0215 0221 0208 0214 0216 0207 0203 0206 0211 0239
0271 0338 0383 0374 0400 0397 0347 0307 0266 0246 0233 0229 0440 1323 0203 0451.
0225 0221 0212 0215 0212 0205 0207 0209 0208 0207 0214 0221
0269 0385 0368 0394 0503 0498 0447 0371 0310 0269 0235 0224 0512 1252 0205 0159.
0216 0210 0204 0199 0193 0189 0186 0182 0180 0177 0188 0230
0274 0370 0453 0505 0516 0501 0446 0393 0324 0273 0250 0238 0524 1232 0176 0602.
0233 0225 0220 0217 0211 0216 0208 0215 0213 0213 0218 0253
0254 0270 0350 0428 0378 0369 0376 0336 0305 0267 0249 0242 0430 1202 0207 0304.
0237 0231 0231 0225 0227 0223 0220 0221 0219 0220 0223 0237
0256 0304 0295 0317 0370 0345 0287 0272 0259 0251 0245 0240 0412 1241 0218 0311.
0238 0236 0235 0231 0231 0229 0228 0228 0227 0223 0222 0229
0259 0285 0298 0336 0331 0305 0329 0304 0280 0259 0248 0235 0361 1149 0219 0634.
0235 0227 0232 0231 0225 0229 0228 0226 0216 0225 0236 0250
0254 0279 0296 0344 0374 0383 0383 0350 0299 0270 0259 0254 0396 1422 0215 0505.
0250 0248 0245 0243 0242 0239 0240 0237 0238 0236 0238 0264
0269 0271 0265 0255 0255 0256 0260 0261 0276 0244 0238 0236 0285 1655 0234 0628.
0235 0232 0232 0231 0229 0227 0227 0228 0225 0225 0223 0223
0227 0221 0227 0219 0219 0214 0208 0204 0200 0199 0195 0190 0236 2001 0189 1955.
0192 0192 0193 0187 0187 0185 0185 0183 0186 0186 0193 0198
0211 0239 0278 0282 0283 0274 0267 0256 0241 0215 0204 0199 0298 1249 0182 0332.
0198 0197 0194 0196 0197 0197 0197 0196 0196 0197 0203 0221
0240 0273 0331 0383 0355 0323 0403 0298 0263 0234 0224 0218 0410 1232 0192 2120=
0279 0275 0271 0268 0265 0262 0260 0257 0254 0252 0250 0251
0258 0271 0286 0305 0323 0335 0339 0336 0326 0317 0308 0300.
0293 0288 0284 0280 0276 0273 0270 0266 0263 0259 0257 0259
0267 0279 0297 0316 0332 0342 0346 0342 0334 0322 0311 0302.
0296 0293 0289 0284 0280 0276 0273 0270 0266 0264 0263 0266
0273 0285 0299 0315 0323 0326 0326 0318 0313 0308 0303 0297.
0293 0289 0286 0284 0282 0279 0278 0276 0274 0273 0271 0272
0277 0283 0290 0299 0309 0321 0331 0332 0326 0318 0309 0301.
0297 0292 0288 0284 0281 0278 0276 0274 0272 0271 0270 0271
0274 0278 0283 0291 0298 0304 0306 0303 0299 0295 0291 0287.
0283 0280 0277 0275 0273 0271 0269 0267 0264 0261 0259 0261
0268 0277 0282 0284 0287 0295 0301 0304 0300 0294 0286 0279.
0273 0268 0264 0260 0257 0254 0251 0249 0247 0246 0245 0248
0256 0268 0282 0299 0310 0314 0308 0305 0301 0295 0289 0283.
0280 0276 0274 0271 0269 0267 0266 0264 0263 0261 0261 0263
0270 0280 0287 0293 0301 0309 0312 0312 0308 0301 0294 0289.
0284 0281 0279 0277 0274 0272 0271 0269 0268 0267 0266 0267
0271 0273 0276 0278 0279 0277 0276 0275 0273 0271 0267 0263.
0260 0257 0254 0253 0251 0249 0247 0245 0242 0240 0239 0241
0248 0261 0278 0295 0310 0321 0325 0323 0317 0307 0297 0289.
0282 0276 0271 0266 0262 0258 0255 0251 0248 0246 0244 0246
0254 0267 0286 0305 0320 0330 0333 0329 0322 0313 0303 0294.
0288 0282 0277 0273 0269 0264 0261 0257 0254 0251 0249 0251
0259 0271 0280 0294 0307 0312 0317 0318 0313 0304 0295 0287.
0281 0275 0271 0268 0265 0262 0260 0257 0254 0251 0250 0254
0260 0270 0277 0287 0291 0308 0317 0317 0310 0304 0295 0288.
0284 0279 0275 0271 0268 0265 0262 0261 0260 0258 0256 0259
0265 0275 0290 0307 0321 0331 0332 0326 0317 0308 0298 0290.
0285 0279 0275 0272 0270 0268 0265 0264 0262 0260 0259 0260
0265 0273 0286 0303 0315 0318 0320 0318 0312 0304 0294 0287.
0281 0275 0271 0267 0263 0260 0257 0254 0251 0248 0247 0249
0256 0267 0284 0300 0312 0321 0326 0322 0313 0304 0295 0287.
0281 0276 0271 0267 0263 0260 0256 0253 0250 0248 0246 0249
0256 0268 0284 0300 0312 0323 0327 0323 0317 0308 0298 0290.
0284 0278 0273 0268 0264 0260 0257 0253 0250 0247 0244 0247
0255 0267 0283 0299 0314 0322 0322 0320 0313 0302 0291 0283.
0277 0272 0268 0264 0262 0259 0258 0256 0255 0254 0253 0254
0258 0264 0273 0280 0283 0285 0286 0284 0280 0274 0269 0264.
0261 0257 0255 0253 0251 0248 0248 0246 0244 0242 0241 0243
0248 0255 0264 0271 0276 0284 0285 0283 0276 0271 0265 0261.
0258 0255 0253 0250 0248 0246 0244 0243 0242 0240 0240 0240
0243 0254 0266 0280 0290 0302 0307 0305 0296 0288 0279 0272.
0266 0261 0256 0252 0248 0245 0241 0238 0235 0233 0230 0233
0240 0252 0269 0286 0300 0310 0313 0311 0304 0294 0284 0277.
0271 0267 0263 0259 0256 0254 0252 0250 0248 0247 0246 0247
0251 0253 0259 0272 0278 0280 0286 0285 0283 0277 0271 0267.
0263 0261 0258 0256 0254 0253 0251 0249 0248 0247 0246 0247
0249 0255 0259 0262 0271 0274 0273 0270 0267 0264 0261 0259.
0257 0255 0253 0252 0250 0249 0248 0247 0246 0246 0245 0245
0246 0252 0263 0274 0276 0276 0278 0279 0275 0271 0266 0262.
0259 0256 0254 0252 0251 0250 0248 0248 0246 0244 0245 0247
0249 0253 0257 0263 0272 0279 0284 0284 0282 0276 0271 0267.
0264 0262 0260 0258 0257 0256 0255 0254 0253 0252 0251 0254
0256 0257 0257 0257 0256 0258 0259 0259 0262 0260 0257 0255.
0253 0252 0250 0249 0248 0247 0246 0246 0245 0244 0243 0242
0242 0241 0241 0239 0238 0237 0235 0233 0232 0230 0228 0226.
0225 0223 0222 0221 0220 0218 0216 0215 0214 0213 0213 0215
0216 0218 0224 0228 0233 0234 0236 0237 0235 0232 0228 0225.
0223 0222 0221 0220 0219 0219 0218 0218 0217 0217 0217 0219
0222 0227 0233 0245 0255 0254 0260 0260 0255 0248 0243 0239=
0284 0281 0278 0275 0272 0269 0267 0265 0263 0261 0259 0257
0259 0264 0272 0282 0295 0306 0314 0317 0316 0312 0307 0302.
0297 0293 0289 0286 0283 0280 0277 0274 0271 0268 0266 0265
0267 0271 0280 0291 0303 0314 0321 0324 0323 0319 0312 0306.
0301 0297 0294 0291 0287 0284 0281 0278 0275 0273 0271 0270
0272 0277 0284 0294 0303 0308 0312 0311 0308 0306 0303 0299.
0296 0293 0290 0288 0286 0284 0282 0281 0279 0278 0276 0276
0277 0279 0283 0288 0294 0301 0310 0315 0315 0313 0309 0304.
0300 0297 0293 0290 0287 0284 0282 0280 0278 0277 0276 0275
0275 0277 0279 0283 0287 0292 0296 0297 0296 0294 0292 0289.
0287 0284 0282 0280 0278 0277 0275 0273 0271 0269 0267 0266
0268 0272 0276 0278 0281 0284 0290 0293 0294 0292 0289 0285.
0280 0277 0273 0269 0266 0264 0261 0259 0257 0255 0254 0253
0256 0261 0269 0280 0288 0296 0297 0297 0296 0293 0290 0287.
0283 0281 0278 0276 0274 0272 0271 0269 0268 0267 0265 0265
0268 0272 0277 0282 0287 0293 0297 0300 0300 0298 0295 0291.
0288 0285 0283 0281 0279 0277 0275 0274 0273 0271 0270 0270
0271 0272 0274 0275 0276 0277 0276 0275 0275 0274 0272 0269.
0267 0264 0262 0260 0258 0257 0255 0253 0251 0249 0248 0247
0249 0254 0262 0273 0284 0294 0302 0306 0305 0302 0297 0292.
0287 0282 0278 0274 0271 0267 0264 0261 0258 0256 0254 0253
0254 0260 0269 0280 0292 0302 0309 0312 0311 0308 0303 0297.
0292 0288 0284 0280 0277 0273 0270 0267 0264 0261 0259 0258
0259 0264 0270 0278 0287 0294 0298 0302 0303 0300 0296 0291.
0286 0282 0278 0275 0272 0270 0267 0265 0263 0260 0258 0258
0260 0264 0269 0275 0280 0287 0296 0301 0301 0299 0295 0290.
0287 0284 0280 0277 0274 0272 0270 0267 0266 0265 0263 0262
0264 0268 0275 0285 0295 0305 0311 0312 0310 0306 0300 0295.
0290 0286 0282 0279 0276 0274 0272 0270 0268 0267 0265 0265
0265 0268 0274 0283 0293 0300 0303 0305 0304 0301 0296 0291.
0287 0282 0279 0275 0272 0269 0266 0263 0261 0258 0256 0255
0257 0261 0269 0279 0289 0297 0304 0307 0305 0302 0297 0291.
0287 0282 0279 0275 0272 0269 0266 0263 0260 0258 0255 0255
0257 0261 0269 0280 0289 0298 0305 0307 0307 0304 0299 0294.
0289 0285 0280 0276 0273 0269 0266 0263 0260 0258 0255 0254
0255 0260 0268 0278 0289 0298 0302 0305 0304 0300 0295 0289.
0284 0279 0276 0272 0270 0267 0265 0263 0262 0261 0260 0259
0259 0262 0266 0271 0275 0277 0279 0280 0279 0277 0273 0270.
0267 0264 0262 0260 0258 0256 0255 0253 0252 0250 0249 0248
0249 0252 0257 0262 0266 0272 0275 0276 0275 0272 0269 0266.
0263 0261 0259 0257 0255 0253 0251 0250 0248 0247 0246 0246
0246 0249 0256 0263 0271 0280 0286 0290 0289 0286 0282 0276.
0272 0268 0264 0261 0258 0254 0251 0249 0246 0244 0241 0240
0242 0247 0254 0265 0275 0285 0292 0295 0294 0291 0286 0281.
0276 0273 0269 0266 0263 0261 0259 0257 0255 0254 0252 0252
0253 0254 0256 0262 0268 0271 0275 0277 0277 0276 0273 0270.
0267 0265 0263 0261 0259 0258 0256 0255 0253 0252 0251 0251
0251 0253 0256 0258 0261 0266 0268 0268 0266 0265 0263 0261.
0260 0258 0257 0256 0255 0253 0252 0251 0251 0250 0249 0248
0248 0250 0254 0260 0266 0268 0270 0272 0271 0270 0268 0265.
0263 0260 0258 0257 0255 0254 0253 0252 0251 0250 0249 0249
0250 0251 0254 0257 0261 0267 0271 0274 0275 0274 0271 0269.
0267 0265 0263 0261 0260 0259 0258 0257 0256 0255 0255 0254
0255 0256 0257 0257 0257 0257 0258 0258 0259 0260 0259 0257.
0256 0255 0254 0253 0252 0251 0250 0249 0249 0248 0247 0246
0246 0245 0245 0244 0243 0242 0241 0239 0238 0237 0235 0234.
0232 0231 0230 0229 0228 0226 0225 0224 0222 0222 0221 0221
0221 0222 0224 0227 0230 0232 0234 0235 0236 0235 0233 0231.
0229 0228 0227 0226 0225 0224 0224 0223 0223 0222 0222 0222
0223 0225 0229 0234 0241 0245 0248 0252 0252 0249 0246 0243=
0286 0284 0282 0280 0278 0276 0274 0272 0270 0269 0267 0265
0265 0266 0269 0274 0281 0288 0296 0301 0304 0304 0303 0301.
0298 0295 0293 0290 0288 0285 0283 0281 0279 0276 0274 0272
0272 0273 0276 0281 0288 0296 0303 0308 0310 0311 0309 0306.
0303 0300 0297 0295 0292 0290 0287 0285 0283 0280 0278 0277
0276 0278 0281 0285 0291 0296 0300 0303 0303 0302 0301 0299.
0297 0295 0293 0292 0290 0288 0287 0285 0284 0283 0281 0280
0280 0280 0282 0284 0288 0292 0297 0302 0305 0306 0305 0303.
0301 0299 0296 0294 0292 0289 0287 0285 0284 0282 0281 0280
0279 0279 0280 0282 0284 0287 0290 0292 0293 0293 0292 0291.
0289 0288 0286 0284 0283 0281 0280 0279 0277 0276 0274 0272
0272 0273 0275 0277 0279 0281 0284 0287 0289 0290 0289 0287.
0285 0282 0279 0277 0274 0272 0270 0268 0266 0264 0262 0261
0261 0263 0266 0271 0277 0284 0288 0289 0290 0290 0289 0288.
0286 0284 0282 0280 0278 0277 0276 0274 0273 0272 0271 0270
0270 0271 0274 0277 0280 0284 0288 0291 0293 0294 0293 0291.
0289 0287 0286 0284 0282 0281 0279 0278 0277 0276 0275 0274
0274 0274 0275 0275 0276 0277 0277 0277 0277 0276 0275 0274.
0272 0271 0269 0267 0265 0264 0262 0261 0259 0258 0256 0255
0255 0256 0259 0265 0272 0279 0286 0291 0294 0295 0294 0292.
0289 0286 0283 0280 0277 0274 0272 0269 0267 0265 0263 0261
0260 0261 0265 0271 0278 0286 0293 0298 0300 0301 0299 0297.
0294 0291 0288 0285 0282 0280 0277 0274 0272 0270 0267 0266
0265 0266 0269 0272 0277 0283 0287 0291 0294 0295 0294 0292.
0289 0286 0283 0280 0278 0276 0274 0272 0270 0268 0266 0265
0265 0266 0268 0271 0275 0278 0284 0289 0292 0293 0293 0291.
0288 0286 0284 0282 0279 0277 0275 0273 0272 0270 0269 0268
0267 0268 0271 0276 0283 0290 0296 0300 0301 0301 0299 0296.
0293 0290 0287 0284 0282 0280 0278 0276 0274 0273 0271 0270
0270 0270 0272 0276 0282 0288 0292 0295 0297 0297 0295 0293.
0290 0287 0284 0281 0278 0276 0274 0271 0269 0267 0265 0263
0262 0263 0266 0272 0278 0284 0290 0294 0297 0297 0295 0292.
0289 0287 0284 0281 0278 0276 0273 0271 0268 0266 0264 0262
0262 0263 0266 0272 0278 0284 0291 0295 0298 0298 0297 0294.
0291 0288 0285 0282 0279 0277 0274 0271 0269 0267 0264 0262
0261 0262 0266 0271 0277 0284 0290 0294 0296 0296 0294 0291.
0288 0284 0281 0279 0276 0274 0272 0270 0269 0267 0266 0265
0264 0265 0266 0269 0272 0274 0276 0277 0278 0277 0276 0274.
0272 0270 0268 0266 0265 0263 0261 0260 0259 0257 0256 0255
0255 0255 0257 0260 0263 0266 0270 0272 0273 0272 0271 0269.
0267 0266 0264 0262 0261 0259 0258 0256 0255 0254 0253 0252
0251 0252 0254 0258 0263 0269 0275 0279 0282 0282 0281 0278.
0275 0273 0270 0267 0265 0262 0260 0257 0255 0253 0251 0249
0248 0249 0252 0258 0264 0272 0278 0283 0285 0286 0284 0282.
0279 0276 0274 0271 0269 0267 0265 0263 0261 0260 0259 0257
0257 0257 0258 0260 0263 0267 0269 0272 0274 0274 0273 0272.
0270 0268 0267 0265 0264 0262 0261 0260 0259 0258 0257 0256
0255 0255 0257 0258 0260 0262 0265 0266 0266 0266 0265 0264.
0263 0262 0261 0260 0259 0258 0257 0256 0255 0254 0254 0253
0253 0253 0254 0257 0261 0264 0265 0267 0268 0268 0268 0267.
0265 0264 0262 0261 0260 0259 0257 0257 0256 0255 0254 0253
0253 0254 0255 0256 0258 0262 0265 0268 0270 0271 0270 0269.
0268 0267 0265 0264 0263 0262 0261 0260 0260 0259 0258 0258
0258 0258 0259 0259 0259 0259 0259 0259 0260 0260 0260 0260.
0259 0258 0257 0256 0256 0255 0254 0254 0253 0252 0252 0251
0250 0250 0249 0249 0248 0247 0246 0245 0244 0243 0242 0241.
0239 0238 0237 0236 0235 0234 0233 0232 0231 0230 0229 0228
0228 0228 0228 0230 0232 0233 0235 0236 0237 0237 0237 0236.
0235 0234 0233 0232 0231 0230 0230 0229 0229 0228 0228 0228
0228 0229 0230 0233 0236 0240 0243 0246 0248 0248 0247 0246=
0283 0282 0281 0280 0278 0277 0275 0274 0273 0271 0270 0269
0267 0267 0267 0269 0272 0277 0282 0286 0290 0292 0293 0293.
0293 0291 0290 0288 0287 0285 0284 0282 0280 0279 0277 0275
0274 0273 0274 0276 0279 0283 0288 0293 0296 0298 0299 0299.
0298 0296 0294 0293 0291 0289 0288 0286 0284 0282 0281 0279
0278 0278 0278 0280 0283 0286 0289 0292 0294 0294 0294 0294.
0293 0292 0291 0290 0289 0287 0286 0285 0284 0283 0282 0281
0280 0280 0280 0281 0282 0284 0287 0290 0294 0296 0297 0297.
0296 0295 0294 0292 0291 0289 0287 0286 0285 0283 0282 0281
0280 0279 0280 0280 0281 0282 0284 0285 0287 0287 0288 0287.
0287 0286 0285 0284 0283 0282 0281 0279 0278 0277 0276 0275
0274 0273 0274 0275 0276 0277 0278 0280 0282 0283 0284 0284.
0283 0282 0280 0278 0276 0275 0273 0271 0270 0268 0267 0265
0264 0264 0265 0267 0270 0274 0277 0280 0282 0283 0283 0283.
0282 0281 0280 0279 0278 0277 0276 0275 0274 0273 0272 0271
0271 0271 0271 0273 0275 0277 0279 0282 0284 0286 0286 0286.
0285 0284 0283 0282 0281 0280 0279 0278 0277 0276 0275 0274
0274 0273 0273 0274 0274 0275 0275 0275 0275 0274 0274 0273.
0272 0271 0270 0269 0268 0267 0265 0264 0263 0262 0261 0259
0258 0258 0259 0261 0264 0268 0273 0277 0281 0284 0285 0285.
0284 0283 0281 0279 0277 0276 0274 0272 0270 0268 0266 0265
0263 0263 0264 0266 0269 0274 0278 0283 0286 0289 0290 0290.
0289 0287 0286 0284 0282 0280 0278 0276 0275 0273 0271 0269
0268 0267 0268 0269 0271 0274 0277 0280 0283 0285 0286 0286.
0285 0284 0282 0280 0278 0277 0275 0274 0272 0271 0269 0268
0267 0266 0267 0268 0270 0272 0275 0278 0281 0284 0285 0285.
0284 0283 0282 0280 0279 0277 0276 0275 0273 0272 0271 0270
0269 0268 0269 0271 0274 0278 0282 0286 0289 0290 0291 0290.
0289 0287 0285 0283 0282 0280 0279 0277 0276 0274 0273 0272
0271 0270 0271 0272 0274 0278 0281 0284 0286 0288 0288 0288.
0286 0285 0283 0281 0279 0277 0276 0274 0272 0270 0269 0267
0266 0265 0266 0267 0270 0274 0278 0282 0285 0287 0287 0287.
0286 0284 0282 0281 0279 0277 0275 0273 0272 0270 0268 0266
0265 0265 0265 0267 0270 0274 0278 0282 0285 0287 0288 0288.
0287 0285 0284 0282 0280 0278 0276 0274 0272 0270 0268 0266
0265 0264 0265 0267 0270 0274 0278 0281 0284 0286 0286 0286.
0284 0283 0281 0279 0277 0275 0274 0272 0271 0269 0268 0267
0266 0266 0266 0267 0268 0269 0271 0272 0273 0273 0273 0273.
0271 0270 0269 0268 0266 0265 0264 0263 0262 0260 0259 0258
0257 0257 0257 0258 0260 0262 0264 0266 0267 0268 0268 0267.
0267 0266 0264 0263 0262 0261 0260 0259 0258 0257 0256 0255
0254 0254 0254 0255 0258 0261 0265 0268 0271 0273 0274 0273.
0272 0271 0270 0268 0266 0264 0262 0261 0259 0257 0255 0254
0252 0252 0252 0254 0257 0261 0266 0270 0273 0275 0276 0276.
0275 0274 0272 0271 0269 0268 0266 0265 0263 0262 0261 0260
0259 0258 0258 0258 0260 0262 0263 0265 0267 0268 0269 0269.
0268 0267 0266 0265 0264 0263 0262 0261 0260 0259 0258 0257
0257 0256 0256 0257 0258 0259 0260 0262 0262 0263 0262 0262.
0262 0261 0260 0260 0259 0258 0257 0257 0256 0256 0255 0254
0254 0253 0253 0254 0256 0258 0260 0261 0262 0263 0264 0263.
0263 0262 0261 0261 0260 0259 0258 0257 0257 0256 0255 0254
0254 0254 0254 0254 0255 0257 0259 0261 0263 0264 0265 0265.
0265 0264 0264 0263 0262 0261 0261 0260 0259 0259 0258 0258
0257 0257 0257 0257 0257 0257 0257 0258 0258 0258 0258 0258.
0258 0257 0257 0256 0256 0255 0255 0254 0253 0253 0252 0252
0251 0251 0250 0250 0249 0249 0248 0247 0247 0246 0245 0244.
0243 0242 0241 0240 0239 0238 0237 0236 0236 0235 0234 0233
0233 0232 0232 0232 0233 0234 0235 0235 0236 0237 0237 0237.
0236 0236 0235 0234 0234 0233 0233 0232 0232 0231 0231 0230
0230 0230 0231 0231 0233 0236 0238 0240 0242 0243 0244 0244=
0272 0272 0273 0273 0273 0273 0273 0273 0272 0272 0272 0271
0271 0271 0270 0270 0270 0270 0270 0271 0271 0272 0273 0273.
0274 0274 0275 0275 0276 0276 0276 0276 0275 0275 0275 0275
0274 0274 0273 0273 0273 0273 0273 0274 0274 0275 0276 0276.
0277 0277 0278 0278 0278 0278 0278 0278 0278 0277 0277 0277
0276 0276 0276 0275 0275 0275 0275 0276 0276 0276 0277 0277.
0277 0278 0278 0278 0278 0278 0278 0278 0278 0278 0277 0277
0277 0277 0276 0276 0276 0276 0276 0276 0277 0277 0277 0278.
0278 0279 0279 0279 0279 0279 0279 0279 0279 0278 0278 0278
0278 0277 0277 0277 0276 0276 0276 0276 0276 0276 0276 0277.
0277 0277 0277 0277 0277 0277 0276 0276 0276 0276 0275 0275
0275 0274 0274 0274 0273 0273 0273 0273 0273 0273 0274 0274.
0274 0274 0274 0274 0274 0273 0273 0273 0272 0272 0271 0271
0270 0269 0269 0269 0268 0268 0269 0269 0269 0269 0270 0270.
0271 0271 0271 0271 0271 0271 0271 0271 0271 0270 0270 0270
0270 0269 0269 0269 0269 0269 0269 0269 0270 0270 0271 0271.
0271 0272 0272 0272 0272 0272 0272 0272 0272 0272 0271 0271
0271 0271 0270 0270 0270 0270 0270 0270 0270 0270 0270 0269.
0269 0269 0269 0269 0268 0268 0267 0267 0267 0266 0266 0265
0265 0264 0264 0264 0263 0263 0264 0264 0264 0265 0266 0266.
0267 0267 0267 0268 0268 0268 0268 0267 0267 0267 0266 0266
0266 0265 0265 0265 0264 0264 0265 0265 0266 0266 0267 0267.
0268 0268 0269 0269 0269 0269 0269 0269 0269 0268 0268 0267
0267 0267 0266 0266 0266 0266 0266 0266 0266 0267 0267 0268.
0268 0268 0268 0269 0268 0268 0268 0268 0268 0267 0267 0267
0266 0266 0265 0265 0265 0265 0265 0265 0265 0266 0266 0266.
0267 0267 0268 0268 0268 0268 0268 0267 0267 0267 0267 0266
0266 0266 0266 0265 0265 0265 0266 0266 0266 0267 0268 0268.
0269 0269 0269 0269 0269 0269 0269 0269 0268 0268 0268 0267
0267 0267 0267 0266 0266 0266 0266 0266 0267 0267 0267 0268.
0268 0268 0268 0268 0268 0268 0268 0267 0267 0267 0266 0266
0265 0265 0265 0264 0264 0264 0264 0264 0265 0265 0266 0266.
0266 0267 0267 0267 0267 0267 0267 0266 0266 0266 0265 0265
0264 0264 0264 0263 0263 0263 0263 0264 0264 0265 0265 0265.
0266 0266 0267 0267 0267 0267 0266 0266 0266 0265 0265 0264
0264 0263 0263 0263 0263 0263 0263 0263 0263 0264 0264 0265.
0265 0265 0265 0265 0265 0265 0265 0265 0264 0264 0264 0263
0263 0262 0262 0262 0262 0262 0261 0261 0262 0262 0262 0262.
0262 0262 0262 0262 0261 0261 0261 0260 0260 0260 0259 0259
0259 0258 0258 0258 0257 0257 0257 0257 0257 0258 0258 0258.
0258 0258 0258 0258 0258 0257 0257 0257 0257 0256 0256 0256
0255 0255 0255 0255 0254 0254 0254 0255 0255 0255 0256 0256.
0257 0257 0257 0257 0257 0257 0257 0256 0256 0256 0255 0255
0254 0254 0253 0253 0253 0253 0253 0253 0254 0254 0255 0255.
0256 0256 0257 0257 0257 0257 0257 0256 0256 0256 0256 0255
0255 0255 0255 0254 0254 0254 0254 0254 0255 0255 0255 0255.
0255 0255 0256 0256 0256 0256 0255 0255 0255 0255 0255 0254
0254 0254 0254 0254 0253 0253 0253 0253 0253 0254 0254 0254.
0254 0254 0254 0254 0254 0254 0254 0254 0253 0253 0253 0253
0253 0253 0252 0252 0252 0252 0252 0252 0253 0253 0253 0253.
0254 0254 0254 0254 0254 0254 0254 0254 0254 0253 0253 0253
0253 0253 0253 0252 0252 0252 0252 0252 0253 0253 0253 0254.
0254 0254 0254 0254 0254 0254 0254 0254 0254 0254 0254 0254
0254 0254 0254 0254 0253 0253 0253 0253 0253 0253 0253 0253.
0253 0253 0253 0253 0253 0253 0253 0253 0252 0252 0252 0252
0252 0251 0251 0251 0251 0251 0250 0250 0250 0250 0249 0249.
0249 0248 0248 0247 0247 0246 0246 0246 0245 0244 0244 0244
0243 0243 0242 0242 0241 0241 0241 0241 0240 0240 0240 0240.
0240 0240 0240 0240 0240 0239 0239 0239 0239 0238 0238 0238
0238 0238 0237 0237 0237 0237 0237 0238 0238 0238 0238 0239=
KB
0273 0273 0273 0273 0273 0273 0273 0273 0273 0272 0272 0272
0272 0272 0272 0272 0272 0272 0272 0272 0272 0272 0272 0272.
0271 0271 0271 0271 0271 0271 0271 0271 0271 0272 0272 0272
0272 0272 0272 0272 0272 0272 0272 0272 0272 0272 0272 0272.
0271 0272 0272 0272 0271 0272 0272 0272 0272 0272 0272 0272
0272 0272 0272 0272 0272 0272 0272 0272 0272 0272 0272 0272.
0272 0272 0272 0272 0272 0272 0272 0272 0272 0272 0272 0272
0272 0272 0272 0272 0272 0272 0272 0272 0272 0272 0272 0272.
0272 0272 0272 0272 0272 0272 0272 0272 0272 0272 0272 0272
0272 0272 0273 0273 0273 0273 0273 0273 0273 0273 0272 0272.
0272 0272 0272 0272 0272 0272 0272 0272 0272 0272 0272 0272
0272 0272 0272 0272 0272 0272 0272 0272 0272 0272 0272 0272.
0271 0271 0271 0271 0271 0271 0271 0271 0271 0271 0271 0271
0271 0271 0271 0271 0271 0271 0270 0270 0270 0270 0270 0270.
0270 0270 0270 0270 0270 0269 0269 0269 0269 0269 0269 0269
0269 0269 0269 0269 0269 0269 0269 0269 0269 0269 0269 0269.
0269 0269 0269 0269 0269 0269 0268 0268 0268 0269 0269 0269
0269 0269 0269 0268 0268 0268 0268 0268 0268 0268 0268 0268.
0268 0268 0268 0268 0268 0268 0268 0268 0268 0268 0268 0268
0268 0268 0268 0267 0267 0267 0267 0267 0267 0267 0267 0266.
0266 0266 0266 0266 0266 0266 0266 0266 0266 0266 0266 0266
0266 0266 0266 0266 0266 0266 0266 0266 0266 0266 0266 0265.
0265 0265 0265 0265 0265 0265 0265 0265 0265 0265 0265 0265
0265 0265 0265 0265 0265 0265 0265 0265 0265 0265 0265 0265.
0265 0265 0265 0265 0265 0265 0265 0265 0265 0265 0265 0265
0265 0265 0265 0265 0265 0265 0265 0265 0265 0265 0265 0265.
0265 0265 0265 0265 0265 0265 0264 0265 0264 0265 0265 0265
0265 0265 0265 0265 0265 0265 0265 0265 0264 0264 0264 0264.
0264 0264 0264 0264 0264 0264 0264 0264 0264 0264 0264 0265
0265 0265 0264 0265 0265 0265 0265 0265 0264 0264 0264 0264.
0264 0264 0264 0264 0264 0264 0264 0264 0264 0264 0264 0264
0264 0264 0264 0264 0264 0264 0264 0264 0264 0264 0264 0264.
0264 0264 0264 0264 0264 0264 0264 0264 0264 0264 0264 0264
0264 0264 0264 0264 0264 0264 0264 0264 0263 0263 0263 0263.
0263 0263 0263 0263 0263 0263 0263 0263 0263 0263 0263 0263
0263 0263 0263 0263 0263 0263 0263 0263 0263 0263 0263 0263.
0263 0263 0263 0263 0263 0263 0263 0263 0262 0263 0263 0263
0263 0262 0262 0262 0262 0262 0262 0262 0262 0262 0262 0262.
0262 0262 0262 0262 0262 0262 0262 0262 0262 0262 0261 0261
0261 0261 0261 0261 0261 0261 0261 0261 0261 0261 0261 0260.
0260 0260 0260 0260 0260 0260 0260 0260 0260 0260 0260 0260
0260 0259 0259 0259 0259 0259 0259 0259 0259 0259 0259 0259.
0258 0258 0258 0258 0258 0258 0258 0258 0258 0258 0258 0258
0258 0258 0258 0258 0258 0258 0258 0258 0257 0257 0257 0257.
0257 0257 0257 0257 0257 0257 0257 0257 0257 0257 0257 0257
0257 0257 0257 0257 0257 0257 0257 0257 0257 0256 0256 0256.
0256 0256 0256 0256 0256 0256 0256 0256 0256 0256 0256 0256
0256 0256 0256 0256 0256 0256 0256 0256 0256 0256 0256 0256.
0256 0255 0255 0255 0255 0255 0255 0255 0255 0255 0255 0255
0255 0255 0255 0255 0255 0255 0255 0255 0255 0255 0255 0254.
0254 0255 0254 0254 0254 0254 0254 0254 0254 0254 0254 0254
0254 0254 0254 0254 0254 0254 0254 0254 0254 0254 0254 0254.
0254 0254 0254 0254 0254 0254 0254 0254 0254 0254 0254 0254
0254 0254 0254 0254 0254 0254 0254 0254 0254 0254 0254 0254.
0254 0254 0254 0253 0254 0253 0254 0254 0253 0253 0253 0253
0253 0253 0253 0253 0253 0253 0253 0253 0253 0253 0253 0253.
0253 0253 0253 0253 0252 0252 0252 0252 0252 0252 0252 0252
0252 0252 0251 0251 0251 0251 0251 0251 0250 0250 0250 0250.
0250 0250 0250 0249 0249 0249 0249 0249 0249 0249 0249 0248
0248 0248 0248 0248 0248 0247 0247 0247 0247 0247 0247 0247=
0259 0259 0259 0259 0259 0259 0259 0259 0259 0259 0259 0259
0259 0259 0259 0259 0259 0259 0259 0259 0259 0259 0259 0259.
0258 0258 0258 0258 0259 0258 0258 0258 0258 0258 0258 0258
0258 0258 0258 0258 0258 0258 0258 0258 0258 0258 0258 0258.
0258 0258 0258 0258 0258 0258 0258 0258 0258 0258 0258 0258
0258 0258 0258 0258 0258 0258 0258 0258 0258 0258 0258 0258.
0257 0258 0258 0257 0257 0258 0258 0258 0257 0257 0257 0257
0257 0257 0257 0257 0257 0257 0257 0257 0257 0257 0257 0257.
0257 0257 0257 0257 0257 0257 0257 0257 0257 0257 0257 0257
0257 0257 0257 0257 0257 0257 0257 0257 0257 0257 0257 0257.
0257 0257 0257 0257 0257 0257 0257 0257 0257 0257 0257 0257
0257 0257 0257 0257 0257 0257 0257 0257 0257 0257 0257 0257.
0257 0257 0257 0257 0257 0257 0257 0257 0257 0257 0257 0257
0257 0257 0257 0257 0257 0257 0257 0257 0257 0256 0257 0256.
0257 0256 0257 0256 0256 0256 0256 0256 0256 0256 0256 0256
0256 0257 0257 0256 0256 0256 0256 0256 0256 0256 0256 0256.
0256 0256 0256 0256 0256 0256 0256 0256 0256 0256 0256 0256
0256 0256 0256 0256 0256 0256 0256 0256 0256 0256 0256 0256.
0256 0256 0256 0256 0256 0256 0256 0256 0256 0256 0256 0256
0256 0256 0256 0256 0256 0256 0256 0256 0256 0256 0256 0256.
0256 0256 0256 0256 0256 0256 0256 0256 0256 0256 0255 0255
0255 0256 0255 0255 0256 0256 0255 0255 0255 0255 0255 0255.
0255 0255 0255 0255 0255 0255 0255 0255 0255 0255 0255 0255
0255 0255 0255 0255 0255 0255 0255 0255 0255 0255 0255 0255.
0255 0255 0255 0255 0255 0255 0255 0255 0255 0255 0255 0255
0255 0255 0255 0255 0255 0255 0255 0255 0255 0255 0255 0254.
0255 0254 0255 0255 0255 0254 0254 0254 0254 0254 0254 0254
0254 0254 0254 0254 0254 0254 0254 0254 0254 0254 0254 0254.
0254 0254 0254 0254 0254 0254 0254 0254 0254 0254 0254 0254
0254 0254 0254 0254 0254 0254 0254 0254 0254 0254 0254 0254.
0254 0254 0254 0254 0254 0254 0254 0254 0254 0254 0254 0254
0254 0254 0254 0254 0254 0254 0254 0254 0254 0254 0254 0254.
0254 0254 0253 0253 0253 0253 0253 0253 0253 0253 0253 0253
0253 0253 0253 0253 0253 0253 0253 0253 0253 0253 0253 0253.
0253 0253 0253 0253 0253 0253 0253 0253 0253 0253 0253 0253
0253 0253 0253 0253 0253 0253 0253 0253 0253 0253 0253 0253.
0253 0253 0253 0253 0253 0253 0253 0253 0253 0253 0253 0253
0253 0253 0253 0253 0253 0253 0253 0253 0253 0253 0253 0253.
0253 0253 0253 0253 0253 0253 0253 0253 0253 0253 0253 0252
0253 0253 0253 0253 0253 0253 0253 0253 0252 0253 0252 0252.
0252 0252 0252 0252 0252 0252 0252 0252 0252 0252 0252 0252
0252 0252 0252 0252 0252 0252 0252 0252 0252 0252 0252 0252.
0252 0252 0252 0252 0252 0252 0252 0252 0252 0252 0252 0252
0252 0252 0252 0252 0252 0252 0252 0252 0252 0252 0252 0252.
0252 0252 0252 0252 0252 0252 0252 0252 0252 0252 0252 0252
0252 0252 0251 0251 0251 0251 0251 0251 0251 0251 0251 0251.
0251 0251 0251 0251 0251 0251 0251 0251 0251 0251 0251 0251
0251 0251 0251 0251 0251 0251 0251 0251 0251 0251 0251 0251.
0251 0251 0251 0251 0251 0251 0251 0251 0251 0251 0251 0251
0251 0250 0251 0250 0250 0250 0250 0250 0250 0250 0250 0250.
0250 0250 0250 0250 0250 0250 0250 0250 0250 0250 0250 0250
0250 0250 0250 0250 0250 0250 0250 0250 0250 0250 0250 0250.
0250 0250 0250 0250 0250 0250 0250 0250 0250 0250 0250 0250
0249 0250 0250 0250 0249 0249 0249 0249 0249 0249 0249 0249.
0249 0249 0249 0249 0249 0249 0249 0249 0249 0249 0249 0249
0249 0249 0249 0249 0249 0249 0249 0249 0249 0249 0249 0249.
0249 0249 0249 0249 0249 0249 0249 0249 0249 0249 0249 0249
0249 0249 0248 0248 0248 0248 0248 0249 0248 0248 0248 0248.
0248 0248 0248 0248 0248 0248 0248 0248 0248 0248 0248 0248
0248 0248 0248 0248 0248 0248 0248 0248 0248 0248 0248 0248=
0220 0220 0220 0220 0220 0220 0220 0220 0220 0220 0220 0220
0220 0220 0220 0220 0220 0221 0220 0220 0220 0221 0220 0221.
0220 0220 0220 0220 0221 0220 0220 0221 0220 0221 0220 0221
0221 0221 0221 0221 0221 0221 0221 0221 0221 0221 0221 0221.
0221 0221 0221 0221 0221 0221 0221 0221 0221 0221 0221 0221
0221 0221 0221 0221 0221 0221 0221 0221 0221 0221 0221 0221.
0221 0221 0221 0221 0221 0221 0221 0221 0221 0221 0221 0221
0221 0221 0221 0221 0221 0221 0221 0221 0221 0221 0221 0221.
0221 0221 0221 0221 0221 0221 0221 0221 0221 0221 0221 0221
0221 0221 0221 0222 0221 0221 0221 0221 0222 0222 0221 0221.
0222 0221 0221 0221 0221 0221 0222 0221 0221 0221 0221 0222
0222 0222 0222 0222 0222 0222 0222 0222 0222 0222 0222 0222.
0222 0222 0222 0222 0222 0222 0222 0222 0222 0222 0222 0222
0222 0222 0222 0222 0222 0222 0222 0222 0222 0222 0222 0222.
0222 0222 0222 0222 0222 0222 0222 0222 0222 0222 0222 0222
0222 0222 0222 0222 0222 0222 0222 0222 0222 0222 0222 0222.
0222 0222 0222 0222 0222 0222 0222 0222 0222 0222 0222 0222
0222 0222 0222 0222 0222 0222 0222 0222 0222 0222 0222 0222.
0222 0222 0222 0222 0222 0222 0222 0222 0222 0222 0222 0222
0222 0222 0223 0223 0222 0222 0223 0223 0223 0223 0223 0223.
0222 0223 0223 0223 0223 0223 0223 0223 0222 0223 0223 0223
0223 0223 0223 0223 0223 0223 0223 0223 0223 0223 0223 0223.
0223 0223 0223 0223 0223 0223 0223 0223 0223 0223 0223 0223
0223 0223 0223 0223 0223 0223 0223 0223 0223 0223 0223 0223.
0223 0223 0223 0223 0223 0223 0223 0223 0223 0223 0223 0223
0223 0223 0223 0223 0223 0223 0223 0223 0223 0223 0223 0223.
0223 0223 0223 0223 0223 0223 0223 0223 0223 0223 0223 0223
0223 0223 0223 0223 0223 0223 0223 0223 0223 0223 0223 0223.
0223 0223 0223 0223 0223 0223 0223 0223 0223 0223 0223 0223
0223 0223 0223 0223 0223 0223 0223 0223 0223 0223 0223 0223.
0223 0223 0223 0223 0223 0223 0223 0223 0223 0223 0223 0223
0223 0223 0224 0223 0224 0224 0224 0224 0224 0224 0224 0223.
0223 0223 0224 0224 0223 0223 0223 0224 0224 0224 0224 0224
0224 0224 0224 0224 0224 0224 0224 0224 0224 0224 0224 0224.
0224 0224 0224 0224 0224 0224 0224 0224 0224 0224 0224 0224
0224 0224 0224 0224 0224 0224 0224 0224 0224 0224 0224 0224.
0224 0224 0224 0224 0224 0224 0224 0224 0224 0224 0224 0224
0224 0224 0224 0224 0224 0224 0224 0224 0224 0224 0224 0224.
0224 0224 0224 0224 0224 0224 0224 0224 0224 0224 0224 0224
0224 0224 0224 0224 0224 0224 0224 0224 0224 0224 0224 0224.
0224 0224 0224 0224 0224 0224 0224 0224 0224 0224 0224 0224
0224 0224 0224 0224 0224 0224 0224 0224 0224 0224 0224 0224.
0224 0224 0224 0224 0224 0224 0224 0224 0224 0224 0224 0224
0224 0224 0224 0224 0224 0224 0224 0224 0224 0224 0224 0224.
0224 0224 0224 0224 0224 0224 0224 0224 0224 0224 0224 0224
0224 0224 0224 0224 0224 0224 0224 0224 0224 0224 0224 0224.
0224 0224 0224 0224 0224 0224 0224 0224 0224 0224 0224 0224
0224 0224 0225 0224 0224 0224 0224 0225 0224 0224 0225 0224.
0224 0224 0224 0224 0224 0224 0224 0224 0224 0224 0224 0224
0224 0224 0224 0224 0224 0225 0224 0224 0224 0224 0224 0224.
0225 0224 0225 0225 0225 0225 0225 0224 0224 0224 0224 0225
0225 0224 0225 0224 0225 0225 0225 0225 0225 0225 0225 0225.
0224 0224 0224 0224 0225 0225 0225 0225 0225 0225 0225 0225
0225 0225 0225 0225 0225 0225 0225 0225 0225 0225 0225 0225.
0225 0225 0225 0225 0225 0225 0225 0225 0225 0225 0225 0225
0225 0225 0225 0225 0225 0225 0225 0225 0225 0225 0225 0225.
0225 0225 0225 0225 0225 0225 0225 0225 0225 0225 0225 0225
0225 0225 0225 0225 0225 0225 0225 0225 0225 0225 0225 0225.
0225 0225 0225 0225 0225 0225 0225 0225 0225 0225 0225 0225
0225 0225 0225 0225 0225 0225 0225 0225 0225 0225 0225 0225=
A=
SA=
BA
0202 0199 0192 0188 0183 0190 0178 0177 0172 0169 0186 0279
0336 0406 0454 0475 0514 0503 0484 0384 0347 0310 0269 0236 0518 1347 0169 0534.
0223 0210 0205 0202 0205 0195 0190 0176 0173 0169 0191 0275
0349 0431 0476 0505 0512 0518 0505 0467 0410 0304 0258 0229 0529 1319 0166 0451.
0236 0232 0221 0201 0199 0192 0197 0180 0185 0184 0212 0255
0361 0381 0486 0503 0404 0466 0349 0307 0334 0282 0247 0243 0510 1132 0172 0428.
0237 0236 0234 0230 0229 0226 0225 0224 0220 0219 0234 0267
0295 0329 0363 0407 0430 0478 0488 0437 0367 0289 0252 0240 0500 1408 0218 0543.
0236 0225 0216 0210 0207 0211 0213 0213 0213 0216 0229 0248
0281 0295 0344 0378 0387 0369 0355 0313 0290 0262 0239 0231 0408 1307 0207 0006.
0220 0216 0218 0218 0212 0213 0201 0197 0182 0186 0204 0249
0307 0353 0300 0330 0336 0393 0342 0386 0353 0272 0227 0185 0501 1523 0179 0538.
0182 0172 0167 0162 0160 0160 0160 0160 0164 0168 0189 0267
0306 0429 0475 0427 0546 0351 0337 0348 0310 0287 0248 0236 0546 1300 0158 0108.
0231 0226 0221 0218 0214 0214 0213 0212 0206 0205 0227 0284
0304 0356 0378 0400 0433 0412 0409 0374 0330 0280 0254 0245 0464 1333 0204 0548.
0238 0231 0229 0226 0220 0222 0221 0219 0221 0220 0227 0259
0279 0283 0272 0259 0265 0234 0232 0231 0242 0220 0205 0198 0289 1005 0198 1956.
0195 0181 0182 0186 0173 0178 0172 0167 0162 0156 0185 0232
0320 0380 0449 0491 0486 0493 0488 0438 0356 0286 0240 0203 0521 1328 0151 0531.
0196 0187 0174 0170 0164 0161 0158 0156 0150 0147 0174 0248
0335 0406 0483 0513 0518 0521 0486 0425 0363 0294 0247 0234 0532 1339 0147 0520.
0210 0202 0195 0189 0173 0170 0168 0163 0156 0152 0180 0249
0346 0337 0465 0463 0468 0380 0485 0420 0335 0273 0231 0223 0524 1424 0151 0601.
0197 0185 0188 0188 0189 0179 0177 0173 0164 0170 0204 0242
0329 0386 0435 0401 0449 0503 0512 0365 0328 0294 0243 0227 0529 1339 0161 0537.
0224 0209 0204 0199 0192 0196 0184 0204 0197 0183 0211 0249
0332 0372 0459 0505 0517 0502 0456 0393 0357 0276 0227 0213 0532 1334 0180 0608.
0204 0194 0195 0201 0206 0195 0197 0197 0200 0202 0210 0245
0301 0374 0457 0492 0506 0410 0433 0374 0346 0282 0227 0214 0530 1437 0189 2224.
0192 0186 0178 0178 0173 0170 0161 0159 0161 0159 0179 0237
0325 0396 0466 0448 0410 0522 0473 0393 0342 0274 0228 0205 0523 1329 0155 0453.
0197 0185 0179 0175 0170 0165 0160 0157 0154 0159 0180 0239
0320 0403 0468 0423 0516 0509 0435 0421 0349 0283 0230 0223 0524 1356 0153 0513.
0200 0185 0181 0169 0168 0167 0159 0150 0146 0142 0166 0237
0318 0397 0434 0495 0460 0446 0491 0441 0341 0265 0218 0206 0532 1317 0142 0556.
0185 0184 0176 0180 0177 0188 0191 0191 0192 0194 0200 0232
0275 0347 0372 0386 0338 0364 0301 0291 0264 0227 0199 0198 0394 1148 0170 0117.
0186 0191 0190 0197 0180 0184 0191 0177 0172 0178 0184 0222
0265 0342 0381 0367 0396 0393 0333 0292 0247 0225 0208 0201 0443 1316 0171 0455.
0194 0192 0178 0184 0182 0170 0174 0181 0178 0179 0187 0201
0267 0409 0365 0389 0507 0487 0458 0370 0291 0247 0206 0188 0519 1316 0170 0159.
0173 0168 0158 0157 0147 0143 0140 0136 0135 0131 0152 0216
0297 0375 0451 0478 0511 0482 0447 0406 0315 0254 0236 0213 0511 1300 0130 0606.
0204 0190 0185 0182 0174 0185 0169 0182 0182 0183 0193 0243
0246 0267 0357 0420 0373 0372 0372 0326 0294 0250 0233 0220 0425 1413 0169 0259.
0213 0206 0206 0199 0202 0197 0192 0194 0193 0194 0198 0221
0247 0305 0292 0317 0374 0346 0279 0262 0245 0234 0225 0221 0436 1240 0191 2342.
0219 0217 0215 0211 0211 0209 0208 0208 0207 0198 0198 0208
0237 0279 0311 0365 0347 0301 0326 0294 0266 0239 0227 0207 0405 1149 0195 0634.
0214 0203 0208 0208 0199 0207 0207 0204 0188 0201 0218 0246
0247 0277 0295 0353 0375 0393 0394 0358 0290 0256 0244 0237 0412 1441 0186 0512.
0233 0231 0228 0227 0225 0222 0223 0220 0219 0216 0222 0258
0259 0262 0254 0241 0239 0229 0237 0243 0272 0226 0219 0213 0291 1652 0212 1951.
0215 0212 0212 0212 0211 0209 0204 0208 0206 0204 0201 0202
0204 0192 0204 0202 0208 0204 0200 0200 0196 0190 0186 0188 0215 2058 0186 1843.
0185 0184 0184 0184 0181 0178 0177 0175 0173 0171 0176 0184
0202 0236 0280 0277 0276 0274 0263 0247 0227 0201 0190 0183 0298 1251 0170 0553.
0173 0173 0175 0177 0176 0175 0178 0176 0176 0177 0184 0213
0235 0273 0338 0390 0346 0316 0410 0287 0248 0220 0209 0207 0426 1433 0161 2020=
=
??????
******
YF
19011










20161010=
JY
8888=
GK
01/
05/=
BZ
10/03/08;14;20

10/24/24
11/=
######
