57461 3042N 11118E 001331 001343 105 000 S14 11111999919199111991 0 2015 06
PC
9898 9903 9901 9897 9894 9890 9889 9884 9877 9875 9878 9880
9883 9883 9884 9885 9877 9876 9871 9867 9864 9865 9867 9872 9905 2207 9862 1712.
9874 9876 9878 9875 9871 9869 9869 9868 9866 9869 9879 9882
9888 9893 9900 9897 9897 9897 9902 9903 9905 9905 9910 9916 9916 1954 9865 0501.
9925 9937 9940 9945 9943 9946 9944 9946 9949 9951 9957 9964
9968 9973 9978 9977 9972 9964 9962 9958 9953 9957 9958 9965 9979 1105 9916 2001.
9968 9975 9974 9967 9961 9956 9951 9951 9951 9950 9954 9956
9965 9964 9965 9964 9961 9958 9956 9953 9946 9942 9942 9948 9976 2229 9940 1832.
9952 9957 9958 9956 9953 9949 9943 9940 9937 9937 9940 9941
9940 9940 9937 9935 9926 9916 9909 9903 9899 9895 9895 9898 9959 2237 9894 1817.
9903 9907 9913 9909 9906 9902 9901 9901 9900 9901 9905 9903
9907 9904 9901 9898 9895 9892 9893 9890 9890 9892 9908 9909 9913 2248 9886 1742.
9910 9913 9915 9918 9912 9910 9909 9912 9923 9922 9925 9925
9927 9925 9920 9918 9915 9910 9907 9905 9903 9904 9905 9910 9928 0843 9903 1657.
9911 9917 9917 9915 9911 9908 9903 9903 9903 9911 9919 9923
9923 9925 9921 9918 9918 9917 9916 9911 9908 9910 9912 9916 9925 0940 9903 0257.
9918 9925 9924 9919 9911 9908 9905 9899 9895 9895 9901 9901
9902 9903 9903 9896 9890 9883 9876 9869 9863 9863 9865 9869 9925 2156 9862 1744.
9874 9881 9884 9882 9882 9878 9873 9872 9874 9874 9881 9883
9881 9878 9875 9874 9870 9864 9866 9859 9862 9870 9877 9884 9884 2256 9858 1603.
9895 9901 9911 9907 9906 9908 9913 9919 9921 9924 9930 9933
9933 9933 9928 9923 9917 9911 9904 9900 9897 9902 9908 9915 9935 0753 9884 2001.
9923 9930 9933 9931 9928 9925 9920 9920 9921 9922 9927 9926
9928 9925 9922 9915 9904 9897 9891 9887 9885 9886 9891 9898 9933 2222 9884 1737.
9903 9910 9907 9904 9899 9892 9889 9893 9893 9894 9896 9900
9902 9902 9901 9899 9889 9884 9884 9881 9877 9877 9883 9890 9910 2148 9876 1736.
9894 9903 9909 9907 9903 9897 9893 9897 9900 9903 9909 9916
9919 9918 9919 9919 9913 9912 9916 9917 9914 9912 9916 9920 9920 1040 9890 2001.
9923 9929 9929 9924 9916 9913 9910 9909 9911 9912 9913 9916
9918 9920 9923 9921 9911 9912 9905 9904 9901 9900 9906 9912 9931 2211 9900 1718.
9917 9921 9922 9919 9911 9904 9901 9898 9893 9892 9894 9899
9899 9898 9894 9890 9885 9879 9874 9869 9864 9862 9866 9869 9925 2221 9861 1754.
9873 9878 9878 9873 9869 9866 9868 9866 9871 9876 9878 9882
9886 9899 9891 9887 9886 9880 9886 9883 9878 9880 9880 9884 9900 1008 9864 0406.
9891 9897 9900 9897 9897 9896 9900 9897 9898 9901 9905 9908
9912 9915 9914 9912 9907 9904 9901 9900 9898 9900 9903 9908 9915 0957 9883 2001.
9912 9917 9922 9921 9922 9922 9923 9923 9924 9924 9927 9928
9929 9927 9924 9921 9917 9915 9910 9904 9902 9900 9902 9905 9929 0807 9899 1812.
9910 9914 9916 9916 9914 9914 9913 9915 9917 9924 9929 9932
9935 9938 9939 9935 9937 9935 9934 9934 9932 9935 9937 9942 9942 1942 9905 2001.
9945 9950 9953 9950 9948 9948 9949 9947 9946 9943 9946 9946
9945 9944 9941 9938 9933 9930 9924 9919 9914 9913 9917 9918 9955 2245 9913 1746.
9922 9926 9925 9922 9919 9911 9908 9908 9908 9909 9913 9918
9917 9912 9910 9906 9897 9892 9889 9883 9881 9880 9882 9890 9927 2234 9880 1723.
9902 9911 9912 9906 9900 9896 9896 9893 9892 9897 9899 9900
9900 9898 9897 9894 9890 9885 9880 9876 9877 9878 9878 9882 9913 2223 9875 1543.
9886 9890 9890 9890 9883 9876 9868 9865 9866 9864 9867 9867
9870 9873 9872 9867 9860 9855 9848 9843 9838 9837 9840 9848 9891 2204 9835 1642.
9854 9860 9866 9864 9859 9852 9846 9845 9846 9852 9852 9862
9865 9863 9860 9861 9861 9859 9859 9853 9851 9851 9855 9860 9867 2301 9844 0426.
9866 9873 9876 9871 9864 9858 9855 9853 9854 9853 9857 9860
9860 9860 9857 9854 9847 9842 9837 9832 9828 9830 9833 9836 9876 2228 9827 1642.
9839 9841 9843 9839 9835 9831 9828 9828 9834 9837 9841 9849
9852 9856 9855 9855 9853 9853 9852 9855 9858 9861 9869 9876 9876 1948 9827 0224.
9883 9888 9890 9889 9886 9884 9882 9882 9886 9893 9898 9900
9902 9904 9903 9898 9894 9891 9885 9881 9882 9883 9884 9889 9904 0824 9876 2001.
9890 9895 9892 9888 9882 9875 9871 9870 9868 9870 9869 9870
9866 9861 9858 9853 9850 9848 9843 9844 9845 9845 9854 9856 9895 2158 9843 1451.
9861 9867 9867 9867 9861 9856 9857 9858 9859 9861 9868 9876
9881 9888 9889 9885 9883 9883 9872 9877 9873 9872 9879 9882 9891 1039 9856 2001=
0042 0033 0030 0026
0023 0036 0051 0070
0101 0120 0120 0121
0112 0112 0115 0105
0106 0098 0070 0052
0055 0057 0045 0063
0063 0080 0066 0066
0064 0079 0072 0071
0062 0055 0036 0023
0031 0036 0016 0037
0060 0087 0062 0068
0077 0079 0049 0051
0043 0053 0036 0043
0050 0069 0065 0074
0067 0070 0066 0066
0058 0054 0034 0024
0021 0037 0035 0039
0051 0063 0057 0062
0075 0082 0068 0058
0067 0086 0089 0097
0102 0102 0086 0074
0067 0073 0045 0043
0048 0053 0038 0035
0028 0019 0007 9999
0003 0014 0012 0014
0012 0014 9995 9989
9983 0001 0005 0029
0036 0053 0044 0043
0028 0023 0000 0009
0008 0029 0037 0036=
TB
0267 0265 0257 0244 0239 0235 0233 0232 0231 0229 0234 0241
0244 0254 0259 0262 0248 0242 0234 0232 0231 0228 0227 0226 0275 2001 0226 1930.
0226 0227 0227 0228 0228 0228 0227 0226 0227 0227 0228 0238
0250 0255 0259 0265 0261 0259 0246 0252 0253 0246 0243 0237 0270 1213 0226 2001.
0236 0226 0218 0213 0215 0215 0212 0214 0214 0216 0219 0221
0222 0223 0217 0214 0218 0228 0231 0231 0234 0229 0227 0224 0239 2008 0211 0313.
0222 0219 0217 0213 0211 0211 0209 0207 0207 0205 0207 0211
0209 0209 0212 0210 0202 0201 0211 0204 0204 0204 0201 0194 0224 2001 0194 1940.
0192 0191 0191 0192 0189 0183 0180 0176 0173 0173 0183 0208
0236 0262 0270 0281 0297 0307 0303 0301 0304 0297 0286 0272 0308 1358 0170 0517.
0248 0230 0225 0223 0217 0209 0205 0201 0197 0201 0209 0224
0236 0263 0284 0299 0299 0291 0296 0289 0288 0281 0270 0252 0302 1235 0196 0449.
0241 0233 0228 0223 0218 0218 0217 0218 0200 0193 0189 0190
0194 0190 0189 0196 0201 0206 0212 0209 0211 0210 0209 0208 0252 2001 0187 1039.
0207 0206 0207 0206 0204 0202 0202 0201 0200 0202 0206 0212
0218 0228 0245 0259 0267 0256 0257 0258 0256 0254 0251 0244 0267 1255 0199 0530.
0239 0232 0224 0219 0218 0217 0216 0215 0213 0213 0218 0220
0227 0234 0249 0269 0279 0289 0280 0282 0278 0275 0267 0255 0291 1355 0212 0501.
0249 0247 0244 0239 0236 0231 0229 0226 0226 0227 0230 0238
0253 0269 0290 0301 0318 0322 0330 0306 0299 0289 0281 0274 0331 1501 0225 0446.
0264 0262 0255 0251 0243 0236 0230 0227 0221 0213 0225 0239
0267 0289 0313 0334 0342 0348 0346 0337 0329 0316 0305 0292 0352 1413 0212 0604.
0276 0267 0248 0241 0233 0227 0222 0215 0211 0212 0225 0245
0258 0268 0283 0298 0311 0323 0325 0326 0318 0306 0301 0286 0329 1526 0210 0521.
0280 0275 0264 0256 0254 0248 0244 0241 0238 0234 0235 0245
0264 0268 0274 0283 0297 0292 0298 0294 0290 0287 0279 0269 0301 1223 0234 0544.
0268 0256 0252 0251 0247 0241 0240 0239 0236 0235 0239 0247
0255 0262 0271 0277 0272 0264 0233 0238 0236 0242 0237 0237 0282 1240 0227 1430.
0236 0233 0231 0230 0232 0232 0233 0230 0231 0230 0232 0239
0248 0256 0257 0252 0268 0259 0258 0254 0243 0241 0237 0237 0273 1306 0229 0007.
0233 0221 0218 0220 0217 0213 0213 0211 0207 0209 0210 0209
0210 0210 0213 0214 0219 0220 0219 0215 0214 0213 0213 0211 0237 2001 0207 0437.
0213 0213 0213 0215 0215 0215 0215 0215 0214 0214 0210 0209
0209 0210 0212 0214 0219 0221 0223 0224 0228 0227 0226 0224 0229 1642 0208 0847.
0224 0223 0219 0216 0216 0215 0213 0212 0212 0211 0214 0227
0249 0267 0287 0292 0299 0300 0298 0302 0304 0296 0287 0271 0308 1616 0210 0536.
0254 0237 0229 0222 0215 0211 0207 0201 0200 0197 0202 0223
0246 0267 0286 0299 0308 0312 0316 0316 0317 0307 0296 0283 0319 1538 0196 0554.
0266 0247 0241 0234 0231 0228 0225 0221 0219 0218 0227 0229
0233 0259 0261 0269 0273 0278 0276 0259 0241 0237 0238 0225 0283 2001 0218 0525.
0216 0212 0214 0212 0211 0210 0199 0197 0194 0193 0190 0190
0193 0196 0199 0202 0211 0212 0222 0228 0239 0240 0232 0227 0242 1711 0188 0714.
0225 0224 0220 0216 0212 0210 0210 0206 0200 0197 0206 0226
0240 0259 0269 0278 0284 0293 0293 0297 0296 0287 0281 0272 0302 1539 0197 0559.
0269 0264 0258 0255 0250 0244 0237 0232 0229 0229 0236 0247
0266 0273 0277 0271 0274 0283 0282 0282 0274 0271 0270 0266 0286 1430 0229 0456.
0260 0254 0252 0250 0247 0243 0243 0243 0243 0242 0249 0263
0271 0269 0266 0289 0294 0301 0303 0311 0308 0308 0301 0296 0313 1612 0242 0226.
0286 0273 0266 0258 0253 0252 0250 0251 0245 0243 0239 0237
0236 0236 0237 0238 0238 0238 0239 0240 0238 0238 0239 0233 0296 2001 0232 1014.
0223 0222 0225 0226 0224 0222 0224 0223 0225 0225 0231 0236
0243 0247 0251 0257 0260 0259 0256 0260 0259 0257 0256 0254 0263 1321 0222 2124.
0253 0252 0251 0250 0245 0245 0245 0245 0244 0244 0247 0256
0262 0268 0286 0298 0307 0297 0299 0285 0278 0272 0268 0260 0308 1305 0244 0122.
0256 0256 0255 0253 0250 0250 0248 0246 0243 0243 0242 0244
0245 0244 0247 0250 0251 0253 0254 0249 0245 0241 0240 0241 0260 2001 0238 1836.
0241 0241 0242 0242 0242 0240 0240 0238 0235 0235 0238 0245
0253 0261 0269 0280 0274 0282 0280 0273 0269 0267 0264 0257 0288 1415 0235 0455.
0251 0247 0245 0244 0242 0244 0245 0237 0236 0233 0230 0230
0231 0232 0232 0232 0237 0227 0229 0229 0234 0236 0236 0235 0257 2001 0226 1404=
IB
=
0196 0201 0198 0197 0200 0201 0206 0205 0202 0208 0202 0208
0211 0213 0216 0218 0223 0223 0227 0220 0219 0221 0222 0221.
0216 0217 0217 0216 0221 0221 0220 0214 0217 0215 0216 0222
0231 0226 0230 0226 0230 0228 0213 0205 0216 0219 0216 0208.
0203 0207 0204 0201 0210 0207 0202 0191 0193 0190 0185 0189
0184 0191 0198 0190 0192 0188 0186 0184 0189 0195 0199 0192.
0201 0196 0194 0199 0194 0192 0194 0194 0192 0197 0199 0201
0199 0190 0193 0188 0181 0179 0181 0182 0182 0176 0175 0168.
0170 0174 0176 0179 0177 0170 0169 0171 0163 0163 0178 0180
0171 0178 0175 0173 0162 0156 0177 0158 0171 0182 0187 0177.
0187 0192 0195 0200 0196 0194 0188 0186 0182 0186 0190 0182
0185 0192 0185 0187 0177 0188 0196 0181 0189 0191 0194 0217.
0222 0217 0213 0209 0184 0188 0173 0167 0176 0171 0172 0171
0174 0180 0176 0183 0181 0182 0188 0183 0190 0186 0194 0195.
0194 0193 0190 0196 0191 0194 0194 0193 0192 0194 0189 0191
0188 0192 0196 0200 0201 0202 0184 0185 0193 0202 0204 0205.
0212 0211 0203 0207 0208 0209 0202 0201 0205 0205 0208 0206
0212 0211 0208 0210 0199 0201 0211 0207 0214 0211 0219 0216.
0214 0216 0221 0220 0220 0221 0212 0209 0212 0219 0218 0222
0220 0214 0215 0228 0225 0214 0242 0183 0199 0206 0207 0217.
0212 0216 0218 0216 0218 0213 0209 0208 0204 0199 0191 0185
0186 0190 0172 0107 0120 0130 0105 0121 0120 0151 0161 0142.
0153 0166 0170 0169 0171 0172 0173 0171 0179 0174 0181 0177
0185 0178 0178 0173 0185 0185 0194 0191 0184 0205 0198 0209.
0213 0213 0195 0204 0193 0190 0201 0171 0161 0162 0165 0177
0180 0158 0173 0166 0158 0177 0166 0182 0182 0196 0194 0198.
0213 0204 0196 0197 0198 0198 0203 0206 0205 0202 0202 0202
0205 0203 0212 0210 0210 0220 0223 0217 0209 0207 0206 0204.
0203 0204 0204 0200 0202 0202 0203 0205 0199 0205 0207 0204
0209 0208 0207 0207 0222 0207 0215 0213 0208 0210 0194 0192.
0192 0200 0203 0201 0196 0203 0205 0199 0195 0202 0203 0199
0203 0203 0208 0202 0200 0201 0198 0205 0206 0206 0206 0201.
0203 0201 0201 0208 0208 0208 0208 0203 0209 0204 0205 0199
0204 0205 0207 0209 0209 0214 0208 0216 0216 0212 0212 0209.
0216 0216 0207 0209 0211 0210 0208 0202 0207 0208 0211 0212
0216 0221 0191 0183 0184 0191 0195 0193 0191 0174 0185 0189.
0198 0190 0184 0196 0189 0189 0190 0182 0183 0180 0189 0189
0181 0188 0175 0170 0171 0160 0156 0156 0139 0148 0161 0181.
0182 0184 0183 0183 0180 0183 0181 0181 0185 0186 0193 0202
0197 0205 0195 0203 0211 0211 0214 0216 0220 0221 0219 0199.
0199 0195 0191 0178 0177 0182 0189 0190 0187 0186 0178 0180
0188 0184 0192 0187 0196 0198 0201 0200 0194 0199 0203 0204.
0204 0205 0206 0199 0204 0197 0202 0198 0193 0190 0189 0190
0195 0198 0193 0193 0193 0184 0187 0188 0196 0196 0201 0208.
0207 0205 0212 0212 0211 0217 0218 0216 0215 0210 0213 0212
0216 0213 0220 0218 0221 0216 0224 0220 0221 0227 0226 0229.
0225 0223 0229 0231 0224 0226 0229 0227 0222 0226 0224 0232
0231 0236 0235 0236 0241 0250 0249 0247 0249 0247 0252 0254.
0244 0248 0237 0233 0228 0227 0227 0226 0218 0222 0223 0221
0217 0215 0216 0217 0222 0224 0222 0213 0215 0215 0210 0216.
0209 0215 0213 0205 0207 0208 0210 0209 0215 0215 0214 0215
0216 0206 0210 0216 0217 0213 0217 0221 0213 0224 0217 0223.
0222 0227 0228 0223 0228 0224 0224 0229 0230 0230 0228 0237
0233 0239 0240 0255 0253 0254 0252 0251 0242 0241 0229 0229.
0225 0219 0216 0220 0217 0217 0217 0215 0216 0208 0215 0215
0214 0211 0222 0219 0220 0226 0219 0220 0220 0224 0230 0229.
0231 0224 0225 0225 0225 0230 0230 0230 0223 0223 0226 0228
0226 0236 0236 0242 0232 0236 0236 0238 0236 0244 0243 0241.
0235 0235 0235 0234 0237 0237 0233 0230 0224 0219 0225 0220
0226 0225 0227 0220 0216 0215 0222 0224 0227 0226 0224 0219=
EA
228 235 231 229 234 234 243 242 237 246 236 246
251 253 257 262 269 269 276 264 263 266 268 266.
258 259 259 258 266 266 265 255 259 256 258 268
282 274 281 273 281 277 254 240 258 263 258 246.
239 244 240 235 249 244 237 222 224 219 213 218
211 221 231 219 222 216 215 212 219 226 232 222.
235 229 226 233 225 223 225 225 222 229 232 235
232 220 224 216 208 205 208 208 208 201 200 191.
193 199 201 205 203 193 192 195 186 186 204 206
195 204 200 198 183 177 203 179 195 209 215 202.
216 222 226 234 228 225 217 214 209 214 220 209
213 222 213 215 202 218 228 207 218 220 225 260.
267 260 252 248 211 217 197 191 201 195 196 195
198 206 201 210 207 209 216 210 220 214 225 226.
225 223 220 228 220 225 225 223 222 225 218 221
217 222 227 234 235 236 211 213 223 237 239 241.
252 250 238 244 245 247 237 236 241 241 245 243
251 250 246 248 233 235 249 245 254 250 263 258.
255 258 266 264 265 266 251 247 252 262 261 268
264 255 256 277 273 255 302 211 232 243 243 259.
251 258 261 258 261 253 247 245 239 233 221 213
214 219 197 129 140 150 127 141 140 172 183 162.
174 189 194 192 194 196 198 195 205 199 207 203
213 204 204 197 212 213 225 221 212 242 230 247.
253 253 227 240 224 219 235 195 183 184 188 203
206 180 197 188 179 203 189 209 208 228 225 230.
254 240 228 229 230 231 239 243 242 237 237 236
241 238 251 249 249 265 269 259 248 245 243 240.
239 240 240 233 236 236 237 242 232 242 244 240
247 246 244 244 268 244 256 253 246 249 226 223.
223 234 238 235 228 238 241 233 227 237 239 232
239 239 246 237 234 235 231 241 242 243 243 235.
238 235 235 246 246 246 246 238 247 239 241 232
240 241 244 247 247 255 245 257 258 251 252 246.
257 258 244 248 250 249 246 237 244 245 250 251
258 266 220 211 211 221 226 223 221 199 213 219.
230 220 212 227 218 218 220 209 210 206 218 218
207 217 200 194 195 182 177 177 159 168 182 208.
209 212 210 210 206 211 207 207 213 214 223 237
229 241 226 237 250 250 255 257 264 267 262 232.
232 226 222 204 203 209 218 220 216 215 204 206
217 212 223 215 228 232 235 233 225 233 239 240.
240 241 243 232 239 229 236 230 224 220 218 219
227 231 223 224 224 212 216 217 228 228 236 245.
245 241 252 251 250 260 261 259 257 248 253 252
258 254 264 262 266 258 271 264 266 276 274 279.
272 269 279 282 271 273 279 276 267 275 271 284
283 291 289 291 299 316 315 312 315 311 320 323.
305 312 292 286 277 276 276 274 261 267 270 267
259 256 258 259 268 271 267 254 256 256 249 257.
248 257 253 241 244 246 249 248 256 256 254 256
258 243 248 258 259 254 259 265 254 271 259 269.
268 276 277 269 277 270 270 280 281 281 277 292
286 296 297 327 322 325 321 319 303 299 278 279.
272 263 258 264 260 260 260 257 258 246 257 257
255 251 268 263 264 274 263 264 264 270 280 279.
282 270 272 272 272 280 280 280 269 269 274 277
274 291 291 302 285 291 291 294 291 305 303 300.
290 289 289 287 293 293 286 281 271 263 272 264
274 273 276 264 258 256 268 271 276 274 271 263=
UB
65 68 70 75 79 81 85 85 84 88 82 82
82 78 77 77 86 89 96 93 93 96 97 97 60 2001.
94 94 94 93 96 96 96 93 94 93 93 91
89 84 84 79 83 83 82 75 80 85 85 84 75 1600.
82 89 92 93 97 95 94 87 88 85 81 82
79 82 89 86 85 78 76 75 76 81 84 82 72 1642.
88 87 87 92 90 89 91 92 91 95 95 94
94 89 89 87 88 87 83 87 87 84 85 85 80 1459.
87 90 91 92 93 92 93 97 94 94 97 84
67 60 56 52 44 40 47 42 45 50 55 56 38 1359.
69 79 83 87 88 91 90 91 91 91 89 77
73 65 55 51 48 54 55 52 55 58 63 81 44 1236.
89 91 91 92 81 83 76 73 86 87 90 89
88 94 92 92 88 86 86 85 88 86 91 92 73 0333.
92 92 90 94 92 95 95 95 95 95 90 88
83 80 74 70 67 72 64 64 68 73 75 79 61 1503.
85 88 88 93 94 95 92 92 95 95 94 92
91 87 78 70 62 59 66 64 68 68 75 79 58 1336.
81 83 87 89 91 94 90 90 92 95 93 91
82 72 64 65 58 53 60 48 55 61 64 71 43 1604.
73 76 80 81 86 87 88 89 90 92 81 72
61 55 43 25 26 27 23 27 28 37 42 40 21 1217.
47 54 62 64 68 71 74 76 82 79 76 66
64 58 53 47 47 44 46 45 45 55 54 63 38 2003.
67 69 66 73 69 70 77 65 62 64 65 66
60 51 54 49 43 50 45 51 52 58 60 65 42 1258.
72 73 71 72 74 77 80 82 83 82 80 76
74 70 70 67 69 77 94 88 85 81 83 82 63 2001.
82 84 85 83 83 83 83 86 82 86 86 81
79 75 74 76 76 73 77 78 81 83 77 76 68 1030.
78 88 91 89 88 94 95 93 93 96 96 94
96 96 97 93 89 89 88 94 95 96 96 94 73 2003.
94 93 93 96 96 96 96 93 97 94 97 94
97 97 97 97 94 96 91 95 93 91 92 91 87 1738.
95 96 93 96 97 97 97 94 97 98 98 91
82 76 56 52 50 52 54 52 51 48 54 61 36 1744.
71 75 76 85 85 87 90 89 90 90 92 81
67 62 51 46 44 40 38 38 34 38 44 54 31 1641.
60 68 70 73 73 76 76 78 81 82 81 85
80 72 67 67 69 67 69 77 88 91 89 85 54 2002.
90 90 87 81 81 84 94 96 96 96 93 94
97 93 96 91 91 92 88 84 76 78 84 87 74 1709.
88 89 92 90 95 92 95 95 96 96 90 80
76 69 63 60 58 52 53 52 55 58 62 68 51 1358.
69 70 76 77 79 85 89 91 92 89 87 81
74 70 71 73 73 67 71 69 73 77 77 80 66 2001.
81 83 87 89 87 90 92 91 88 91 86 83
79 82 83 73 73 74 73 69 71 70 75 78 66 1605.
78 86 84 86 86 86 87 86 85 88 91 91
89 88 88 88 91 92 90 85 87 87 84 90 75 2001.
92 96 93 88 90 92 92 92 94 94 90 88
85 78 78 78 77 76 79 79 76 82 79 83 73 1239.
83 86 87 85 90 88 88 91 92 92 89 89
84 84 76 78 73 78 76 82 81 83 79 83 71 1227.
83 80 79 82 82 82 83 83 85 81 85 84
83 82 86 83 83 85 81 84 86 90 94 93 78 1238.
94 90 90 90 90 94 94 95 93 93 93 90
85 86 82 80 78 76 77 81 82 87 88 91 74 1412.
91 93 94 94 97 96 93 96 93 92 97 94
97 96 97 93 88 93 96 97 96 94 93 91 88 2001=
N=
H=
C=
V=
R6
0000 0388 0388
0007 0000 0007
0050 0003 0053
0003 0055 0058
0000 0000 0000
0000 0000 0000
0026 0063 0089
0000 0000 0000
0000 0000 0000
0000 0000 0000
0000 0000 0000
0000 0000 0000
0000 0000 0000
0000 0013 0013
0000 0000 0000
0096 0052 0148
0056 0191 0247
0000 0000 0000
0000 0000 0000
0000 0019 0019
0243 0023 0266
0000 0000 0000
0000 0000 0000
0000 0000 0000
0000 0000 0000
0001 0000 0001
0000 0000 0000
0000 0000 0000
0000 0000 0000
0029 0303 0332=
0000 0000 0000 0000 0000 0000 0000 0000 0000 0000 0000 0000
0000 0000 0000 0000 0000 0003 0109 0032 0029 0027 0108 0080.
0006 0001 0000 0000 0000 0000 0000 0000 0000 0000 0000 0000
0000 0000 0000 0000 0000 0000 0000 0000 0000 0000 0000 0000.
0000 0002 0006 0037 0002 0002 0001 0000 0000 0000 0000 0000
0000 0000 0001 0002 0000 0000 0000 0000 0000 0000 0000 0000.
0000 0000 0000 0000 0000 0000 0000 0000 0003 0000 0000 0000
0000 0021 0000 0001 0015 0014 0004 0000 0000 0000 0000 0000.
0000 0000 0000 0000 0000 0000 0000 0000 0000 0000 0000 0000
0000 0000 0000 0000 0000 0000 0000 0000 0000 0000 0000 0000.
0000 0000 0000 0000 0000 0000 0000 0000 0000 0000 0000 0000
0000 0000 0000 0000 0000 0000 0000 0000 0000 0000 0000 0000.
0005 0000 0000 0000 0000 0000 0000 0000 0008 0007 0006 0000
0005 0022 0026 0005 0000 0003 0001 0001 0000 0000 0000 0000.
0000 0000 0000 0000 0000 0000 0000 0000 0000 0000 0000 0000
0000 0000 0000 0000 0000 0000 0000 0000 0000 0000 0000 0000.
0000 0000 0000 0000 0000 0000 0000 0000 0000 0000 0000 0000
0000 0000 0000 0000 0000 0000 0000 0000 0000 0000 0000 0000.
0000 0000 0000 0000 0000 0000 0000 0000 0000 0000 0000 0000
0000 0000 0000 0000 0000 0000 0000 0000 0000 0000 0000 0000.
0000 0000 0000 0000 0000 0000 0000 0000 0000 0000 0000 0000
0000 0000 0000 0000 0000 0000 0000 0000 0000 0000 0000 0000.
0000 0000 0000 0000 0000 0000 0000 0000 0000 0000 0000 0000
0000 0000 0000 0000 0000 0000 0000 0000 0000 0000 0000 0000.
0000 0000 0000 0000 0000 0000 0000 0000 0000 0000 0000 0000
0000 0000 0000 0000 0000 0000 0000 0000 0000 0000 0000 0000.
0000 0000 0000 0000 0000 0000 0000 0000 0000 0000 0000 0000
0000 0000 0000 0000 0000 0000 0013 0000 0000 0000 0000 0000.
0000 0000 0000 0000 0000 0000 0000 0000 0000 0000 0000 0000
0000 0000 0000 0000 0000 0000 0000 0000 0000 0000 0000 0000.
0000 0000 0000 0000 0000 0010 0009 0021 0036 0001 0011 0008
0007 0013 0023 0005 0000 0000 0000 0000 0001 0002 0000 0001.
0000 0000 0000 0000 0000 0000 0001 0001 0002 0024 0014 0014
0014 0034 0082 0029 0012 0008 0005 0007 0000 0000 0000 0000.
0000 0000 0000 0000 0000 0000 0000 0000 0000 0000 0000 0000
0000 0000 0000 0000 0000 0000 0000 0000 0000 0000 0000 0000.
0000 0000 0000 0000 0000 0000 0000 0000 0000 0000 0000 0000
0000 0000 0000 0000 0000 0000 0000 0000 0000 0000 0000 0000.
0000 0000 0000 0000 0000 0000 0000 0000 0000 0000 0000 0000
0000 0000 0000 0000 0000 0000 0000 0000 0004 0008 0001 0006.
0012 0000 0001 0000 0000 0000 0034 0009 0056 0018 0027 0086
0015 0004 0003 0001 0000 0000 0000 0000 0000 0000 0000 0000.
0000 0000 0000 0000 0000 0000 0000 0000 0000 0000 0000 0000
0000 0000 0000 0000 0000 0000 0000 0000 0000 0000 0000 0000.
0000 0000 0000 0000 0000 0000 0000 0000 0000 0000 0000 0000
0000 0000 0000 0000 0000 0000 0000 0000 0000 0000 0000 0000.
0000 0000 0000 0000 0000 0000 0000 0000 0000 0000 0000 0000
0000 0000 0000 0000 0000 0000 0000 0000 0000 0000 0000 0000.
0000 0000 0000 0000 0000 0000 0000 0000 0000 0000 0000 0000
0000 0000 0000 0000 0000 0000 0000 0000 0000 0000 0000 0000.
0000 0001 0000 0000 0000 0000 0000 0000 0000 0000 0000 0000
0000 0000 0000 0000 0000 0000 0000 0000 0000 0000 0000 0000.
0000 0000 0000 0000 0000 0000 0000 0000 0000 0000 0000 0000
0000 0000 0000 0000 0000 0000 0000 0000 0000 0000 0000 0000.
0000 0000 0000 0000 0000 0000 0000 0000 0000 0000 0000 0000
0000 0000 0000 0000 0000 0000 0000 0000 0000 0000 0000 0000.
0000 0000 0000 0000 0000 0000 0000 0000 0000 0000 0000 0000
0000 0000 0000 0000 0000 0000 0000 0000 0000 0000 0000 0000.
0000 0000 0000 0000 0001 0000 0000 0001 0000 0002 0007 0018
0016 0029 0034 0013 0000 0143 0052 0016 0000 0000 0000 0000=
0000 ////////// 00000=
W=
LA
=
002 001 001 001 002 001 002 000 002 000 001 001
001 000 001 002 000 000 002 030 022 021 030 030 153.
021 009 004 004 000 001 001 000 001 000 000 000
001 000 001 000 001 000 000 000 000 002 000 001 047.
001 000 000 014 018 007 004 003 002 002 001 001
000 001 000 001 000 001 001 000 001 001 000 001 060.
000 000 000 001 000 001 001 000 000 000 000 000
001 003 004 003 002 006 009 007 003 004 002 003 050.
002 001 001 002 000 000 000 002 000 001 000 001
001 001 001 000 002 002 001 003 001 002 002 001 027.
002 001 001 001 001 000 001 001 001 000 001 001
000 001 001 001 002 003 002 002 001 002 001 000 027.
000 001 000 001 002 000 002 001 000 001 000 001
000 001 007 005 004 003 002 003 002 001 002 002 041.
001 002 001 001 000 000 001 000 001 001 000 000
002 000 001 000 000 001 000 002 002 000 001 000 017.
001 001 000 000 002 000 000 000 001 000 000 000
001 001 000 000 000 003 000 003 002 002 001 001 019.
001 000 001 001 000 001 001 000 000 001 000 001
000 001 000 002 001 002 003 004 004 003 002 002 031.
002 001 001 001 001 001 002 000 001 002 001 001
001 001 001 003 002 003 005 006 007 006 004 004 057.
002 002 003 002 002 001 001 002 001 001 001 002
002 000 001 002 002 001 002 003 002 005 001 002 043.
000 002 002 001 001 002 001 001 002 001 002 001
001 002 001 002 002 001 002 002 001 002 003 001 036.
001 002 001 001 001 001 001 001 000 001 001 001
001 001 000 001 002 000 000 002 000 002 001 002 024.
000 001 001 001 001 001 000 001 001 000 001 000
000 000 002 000 002 001 000 002 002 001 003 001 022.
001 000 001 001 000 000 003 000 003 000 001 001
001 000 001 000 000 001 001 000 000 001 000 000 016.
000 000 000 001 001 000 000 000 000 000 001 001
000 010 030 030 014 012 006 003 004 003 003 002 121.
002 001 001 000 001 000 000 000 002 000 000 000
001 001 001 003 001 006 002 002 003 003 002 001 033.
001 002 001 002 001 001 001 001 001 001 001 001
001 001 001 002 002 003 003 003 004 005 003 002 044.
002 001 003 001 001 002 001 001 001 002 000 000
001 001 000 001 001 001 000 000 000 002 001 000 023.
005 001 002 001 002 001 002 001 006 019 016 030
025 007 003 004 003 000 001 002 001 000 001 000 133.
000 001 000 001 000 000 001 000 001 001 000 002
000 001 001 001 003 002 004 003 004 003 003 003 035.
001 002 000 002 000 001 001 001 000 001 001 000
002 001 000 002 001 001 001 001 001 002 001 001 024.
001 000 001 000 001 000 001 001 000 001 000 000
001 001 000 000 001 000 002 000 002 001 001 001 016.
002 001 002 002 000 001 002 001 001 001 000 000
000 001 001 001 000 000 000 001 002 001 001 001 022.
000 000 001 000 001 001 000 001 000 001 000 001
000 001 001 000 000 002 000 001 000 001 001 000 013.
000 001 000 001 000 000 000 001 000 000 000 002
000 000 001 000 000 002 001 002 001 001 002 002 017.
001 001 000 002 001 001 001 000 000 002 000 001
001 000 001 000 001 001 001 000 001 000 000 000 016.
001 000 000 000 001 000 001 000 000 000 000 000
000 001 001 000 000 001 001 001 001 001 001 000 011.
001 001 000 000 000 000 000 001 000 001 000 002
000 001 003 001 000 030 030 018 008 004 003 000 104=
Z=
G=
FN
114012 110003 PPC000 PPC000 PPC002 PPC000
322004 PPC000 PPC000 009003 352010 PPC000
PPC000 PPC000 325011 211017 253003 276012
314009 301005 268015 271025 276015 291013.
262012 281015 303008 288005 045008 236009
322011 338004 223007 288007 315010 087008
286007 130009 132010 139008 170013 166017
148014 163008 208008 333014 318013 289009.
278020 279017 269013 273015 262015 271015
274023 292020 254023 275015 281016 261014
286011 302013 229015 273015 267021 284026
262014 272010 272013 268012 269013 278010.
036007 284006 PPC000 264007 235006 238008
PPC002 308006 155007 206005 212004 318007
329013 215007 293008 256012 269009 248009
118006 182020 121019 091026 141019 094023.
144015 148006 PPC000 185010 PPC002 290007
278007 313007 272014 320012 336013 341013
271022 280020 286011 269013 273023 268025
239013 306013 228011 154013 155014 148010.
334019 338016 314004 327003 003005 334011
176004 209006 255009 019004 248004 215008
186012 068012 112012 085025 159015 127028
060018 075020 015012 354010 315011 052007.
282010 318014 310010 227009 284007 266014
306007 181006 278014 245013 272017 312009
241011 265013 297009 249010 329006 356006
193008 224004 087006 PPC000 305006 155003.
196005 030004 215006 326007 351005 322012
315006 318011 338015 310010 144006 287006
281020 255010 275010 198005 212008 181023
156017 143014 113015 044003 117014 174005.
078007 342010 PPC001 313007 287003 228007
PPC000 175007 351008 PPC002 354004 355005
322008 188010 260008 084014 123007 124014
163023 096019 135031 129021 082020 078015.
080009 050009 351008 PPC000 255003 338009
004007 326007 009006 243005 PPC001 317008
250007 183016 018006 110020 191021 186027
114022 080018 016019 025014 347008 341008.
359007 250008 345009 342012 007008 325015
328013 327009 249005 008014 356015 355014
339005 303006 115007 177022 200022 246011
173026 155033 133039 154035 128021 114018.
057009 025007 351010 009006 343018 336011
335008 350006 297007 320007 029005 304007
352009 337011 005010 331007 169011 244010
124020 097016 068010 124020 055007 010011.
063009 002010 327010 311010 346009 039008
PPC002 022008 353012 001006 337018 307006
307008 239007 322012 326019 078006 342010
276006 005012 346012 009007 262005 002007.
257005 340010 313008 262007 PPC001 008007
061008 299008 001006 330008 220005 271008
015008 253010 158005 252009 262018 206015
308007 328011 288012 259012 276025 279019.
269012 265015 286010 251012 285016 233006
015008 332007 232008 005005 295009 341009
360004 153003 150014 132025 123016 165015
144021 115021 136020 137026 148021 153014.
195005 347011 323013 284012 264010 294008
252010 212007 250007 338006 250007 180008
219006 184011 162012 173016 171007 155013
180014 164009 248003 PPC000 020007 158009.
245004 252011 229006 162009 134006 160005
205007 264005 165006 PPC002 153019 158016
145009 271013 309009 274014 254008 118012
219013 139005 345004 238008 270012 302011.
261004 248003 315007 335008 338004 340006
292005 276005 275007 235006 228004 328011
284011 222014 177008 153015 143015 216012
235008 202018 153009 169018 141013 234008.
327007 028013 018008 PPC001 003008 PPC002
009006 007007 328009 273009 332009 326008
280010 320011 298008 107020 250010 161016
160016 196018 227011 155016 129016 169009.
001010 337010 345013 331018 330012 340008
356010 005005 024008 317010 296007 023004
231004 335010 229016 354006 314013 049008
316011 344019 333007 320012 266014 304014.
279024 267019 273024 282027 279011 272019
PPC000 307008 289011 279018 264022 280019
271013 258013 256015 253015 258012 260014
282021 255014 268014 220009 182010 157009.
PPC001 PPC002 320011 223008 321013 005007
234009 278008 279009 PPC001 222010 293007
145009 085015 138014 185022 175026 101019
115031 134026 139019 128017 156020 116012.
126014 100012 PPC001 107009 042005 094006
328011 279009 323009 327008 327006 275005
073013 152025 118007 153024 126019 161008
107017 132017 143018 171010 162008 330007.
222007 251010 330006 260005 344009 188006
292010 338005 PPC001 023007 146012 344011
080005 314009 282008 146019 128018 153016
162014 015005 016010 244005 257007 232004.
101029 105023 140018 136014 123015 122016
177008 079009 076020 096018 096011 130019
098014 115017 113023 131013 087012 104019
133009 164020 179024 165018 152017 179023.
169020 180015 125005 PPC002 338009 356003
272009 295010 317004 331007 246006 147006
142012 140016 040008 106010 329009 166012
172017 102009 292003 323007 002005 305009.
308005 240011 295007 270009 282009 253004
225008 PPC000 207007 255006 205007 334005
323008 243008 286009 290012 135022 126020
061012 178024 162027 172020 169023 141023.
158024 133016 136015 148012 140013 182007
156014 160008 163012 160016 153015 171013
167011 131008 238009 157012 172010 169016
140017 122017 212005 137004 176008 224011.
346004 268011 342007 PPC002 232004 324005
232006 281012 209007 245004 237008 220008
091011 155016 121009 182019 056015 073017
117018 154022 174013 162017 144017 126019.
146015 117014 129011 126013 122019 119016
112012 140026 156020 134016 189012 159012
139009 224007 262007 002013 201004 338005
096006 292011 183008 000013 188009 175006=
100008 PPC002 PPC000 PPC000 352006 004004
PPC001 PPC000 PPC000 PPC001 348004 PPC000
PPC000 PPC000 322006 289009 256005 283013
293007 321009 272014 272021 281014 280013.
263015 289012 313008 275005 032005 239008
334010 348007 257007 273009 310011 131009
324008 039006 141011 198009 179012 169016
143014 151009 229006 297011 318013 306009.
280016 279012 285011 277018 268012 278016
267022 287023 262020 270017 286014 254012
308011 299012 202014 269016 258019 278017
248012 271012 271009 261012 257012 277010.
070006 288008 265004 261008 241008 238008
238005 330006 168006 184008 211005 299007
330013 229006 263009 280008 235013 237007
169010 185023 143022 111018 127018 103018.
146015 138007 PPC001 204005 203004 299006
281009 319007 277012 299010 336013 323013
276020 279023 299013 292016 280019 279021
287013 297010 225007 161013 143013 154012.
329015 334014 315006 286007 006005 333007
129005 238008 242007 022005 232003 233006
212007 101015 110011 089018 162019 133020
073016 071017 030009 356007 316011 055007.
297009 299013 316011 240011 291009 269015
299008 182006 300012 265015 262016 332009
276009 274011 298007 254009 328006 006005
236007 PPC002 149004 PPC001 261007 PPC002.
179005 PPC002 208006 312007 323005 317010
314007 293010 331014 320010 172005 276004
274015 273009 289006 251007 255006 176019
158017 126016 112019 119009 114011 180007.
066006 335010 024004 326010 325005 249004
331003 178005 028005 PPC001 PPC002 008007
292009 099006 230006 080011 094012 148009
171025 112018 132024 136024 107014 076014.
076011 037009 349007 PPC001 225003 287008
021007 333006 359006 223004 323003 291008
247008 178011 185009 144019 173018 176028
124023 089017 023019 021014 003009 335008.
350006 298009 332011 328011 013007 326013
352010 319007 311009 019009 345012 345014
064010 228008 214010 167017 211022 274013
174027 142038 134034 147037 131022 107018.
060009 041007 347013 352009 341017 320010
311007 353005 335007 334004 311004 325006
336006 340013 350010 319007 182011 215010
111020 105014 093016 126018 100011 003012.
055008 342010 335009 319011 003007 010006
PPC002 007006 001013 023007 329020 300007
294010 321008 324011 236014 289008 337011
289007 359011 351012 095012 206011 013007.
167007 340012 331007 268006 PPC000 343010
075006 335007 007006 332010 312005 312007
036007 280007 203006 280007 253017 235013
294006 307011 284019 269016 282019 281013.
266011 244011 288011 250013 282016 267008
310010 353008 195009 041006 311009 333008
327007 170005 165013 131023 126021 172017
121021 111017 131020 134022 140019 138013.
235007 335013 324012 284011 257009 289010
256009 182006 244008 332007 208006 179009
201008 180014 151009 172016 175010 176011
162012 154012 231003 073003 032005 157008.
222006 250009 211006 156008 086008 150007
187007 215006 154009 215006 153018 131015
148013 265012 017008 261014 241008 122013
217011 185008 002005 208007 275009 309009.
PPC001 297004 332004 338009 PPC002 009004
305005 267005 263008 252006 119003 328011
280011 229013 112008 147017 164016 212012
207011 207014 148012 166017 151013 216006.
342009 022012 025008 PPC002 000011 004006
357006 356006 312008 281007 329010 323007
233008 260009 339011 138011 176015 149014
170021 181023 143014 170019 112015 160012.
014009 331012 344013 332018 320009 316007
000011 352007 006007 353007 261007 006003
222009 004010 196010 306008 265009 001011
334009 358009 348010 317013 275015 306014.
277022 271020 274023 280026 277012 282014
PPC002 275009 287013 273015 268022 279019
268013 261014 253015 250016 258014 268017
280019 249014 254013 240012 169008 152011.
096004 114005 325010 240005 326011 014005
229008 266007 279007 305004 217009 264008
099008 170012 177016 164020 138024 126019
126031 147026 126022 108021 148021 117013.
132015 110013 084005 088009 017003 043007
330010 287008 317008 327010 008003 320007
119012 126022 187011 160015 119023 272007
109018 143015 149020 166012 166011 305008.
246007 231008 274007 244007 320008 315011
277010 325006 351005 356007 160011 328010
100007 338008 225011 146014 130021 132014
130015 298005 005010 203008 271005 195007.
111029 098023 134021 140019 118015 137013
172011 095011 083016 107014 104010 134018
124016 107018 112023 123016 108013 112015
112015 179019 176024 163018 157012 172020.
156022 176014 169005 203003 331007 346004
236008 310009 246003 313008 240006 204003
118010 144017 025009 092010 346008 154010
172016 108006 327003 351009 339006 302008.
307006 255008 315008 278008 298009 PPC002
247003 PPC000 313007 235007 254003 358005
337005 233007 185008 228008 111019 121019
077012 175024 157024 160031 157022 153027.
155025 134014 138012 143012 148013 158009
150011 148006 162013 163017 147013 204009
161008 150008 228012 171010 158012 155014
147016 142013 219009 124006 181009 250010.
340004 260009 005005 PPC002 230006 319006
232005 276009 210008 284003 254008 224008
136010 139015 137010 148017 079016 109015
102018 145018 177017 161018 150018 129018.
132021 132016 132013 131011 128014 116015
108012 148022 145014 139013 157009 149012
173010 246006 314007 002012 176003 325008
128009 042009 216008 090017 184009 181005=
023271 1804 032244 1414
022178 1441 028207 1436
028280 0348 040258 0345
030153 1523 037136 1515
025279 1004 039289 0956
028110 1417 040099 1417
018271 0942 029281 2238
022117 1651 028176 1400
027121 1716 041139 1708
032172 1410 046079 1535
044130 1610 059142 1607
028097 1726 039088 1720
020329 0700 032349 0653
041115 1411 067079 1406
027125 1631 036077 1523
023336 2226 035340 2226
020155 0712 030150 0707
020163 1149 030147 1217
025175 1453 038221 1553
020329 1827 029351 1821
033277 2344 044275 2343
035129 1445 048116 1442
027132 0948 041176 0939
022137 1258 034156 1317
029114 2057 044119 2053
025156 2053 036164 2046
033158 1758 043147 1753
028159 2042 042147 2039
023151 1920 031176 1914
029151 0415 039150 0407=
DB
0253 0254 0248 0235 0236 0235 0231 0231 0231 0232 0258 0269
0262 0294 0318 0296 0264 0249 0243 0248 0244 0238 0231 0230 0326 1125 0229 0543.
0230 0231 0231 0232 0231 0231 0230 0229 0229 0230 0235 0262
0275 0288 0284 0304 0278 0269 0257 0265 0260 0251 0244 0238 0329 1019 0228 0505.
0231 0229 0227 0220 0222 0220 0217 0215 0213 0213 0216 0223
0225 0228 0233 0245 0242 0261 0251 0243 0246 0233 0228 0224 0265 1354 0211 0529.
0222 0219 0218 0216 0215 0214 0212 0210 0209 0211 0217 0225
0222 0233 0237 0234 0223 0236 0267 0248 0243 0238 0223 0204 0275 1452 0204 1950.
0198 0200 0202 0202 0194 0182 0177 0179 0175 0180 0208 0273
0283 0333 0303 0335 0361 0367 0340 0312 0321 0306 0265 0244 0398 1308 0171 0516.
0232 0221 0216 0217 0211 0204 0199 0194 0195 0204 0223 0247
0286 0358 0391 0425 0367 0321 0336 0303 0305 0276 0260 0250 0433 1158 0192 0422.
0245 0240 0235 0234 0228 0223 0221 0218 0211 0208 0208 0212
0215 0215 0223 0241 0237 0256 0262 0239 0239 0235 0228 0221 0266 1446 0207 0553.
0219 0217 0216 0214 0212 0210 0208 0206 0204 0207 0212 0226
0249 0253 0295 0327 0309 0299 0292 0284 0277 0263 0251 0242 0329 1205 0203 0523.
0236 0228 0222 0219 0218 0219 0218 0216 0215 0216 0226 0230
0244 0264 0304 0352 0355 0348 0321 0309 0296 0285 0263 0249 0392 1324 0215 0441.
0242 0243 0240 0234 0230 0226 0230 0225 0228 0229 0245 0270
0315 0337 0373 0397 0434 0437 0439 0406 0358 0300 0283 0269 0445 1350 0224 0422.
0261 0255 0252 0245 0238 0231 0223 0217 0212 0210 0240 0316
0375 0408 0456 0476 0501 0509 0476 0426 0379 0327 0292 0264 0515 1345 0206 0541.
0252 0245 0235 0228 0221 0216 0213 0208 0205 0214 0251 0342
0312 0334 0408 0369 0466 0439 0456 0420 0346 0308 0290 0275 0510 1328 0204 0520.
0270 0264 0256 0251 0248 0242 0241 0235 0228 0228 0241 0276
0359 0328 0337 0394 0406 0367 0370 0353 0337 0309 0281 0264 0482 1207 0227 0503.
0260 0250 0247 0246 0240 0238 0237 0238 0234 0235 0249 0273
0284 0321 0329 0329 0306 0260 0265 0270 0262 0266 0246 0239 0339 1144 0233 0521.
0237 0233 0232 0231 0229 0229 0229 0228 0229 0230 0241 0260
0284 0308 0299 0281 0355 0293 0286 0278 0259 0250 0238 0234 0410 1306 0228 0137.
0232 0227 0225 0225 0223 0221 0221 0221 0218 0220 0220 0223
0224 0224 0237 0247 0247 0239 0239 0233 0232 0227 0225 0224 0263 1231 0217 0442.
0224 0222 0222 0222 0222 0222 0221 0221 0220 0219 0220 0221
0220 0217 0218 0231 0240 0249 0246 0246 0250 0244 0236 0230 0261 1417 0215 1005.
0228 0224 0219 0217 0217 0216 0215 0215 0216 0216 0228 0277
0316 0346 0381 0371 0379 0351 0330 0342 0341 0294 0273 0256 0399 1136 0212 0142.
0243 0233 0226 0221 0216 0211 0207 0203 0200 0199 0218 0274
0315 0350 0385 0406 0421 0404 0410 0386 0363 0310 0273 0256 0430 1420 0198 0514.
0246 0238 0237 0232 0228 0224 0223 0222 0219 0221 0246 0242
0270 0336 0309 0314 0320 0317 0301 0264 0255 0252 0246 0234 0351 1320 0216 0540.
0228 0224 0222 0216 0217 0215 0213 0213 0208 0207 0203 0203
0212 0221 0231 0237 0249 0249 0262 0257 0276 0264 0244 0234 0281 1706 0199 0710.
0231 0229 0225 0217 0215 0219 0217 0210 0202 0202 0229 0284
0314 0350 0367 0387 0394 0412 0384 0386 0362 0297 0277 0261 0415 1401 0200 0515.
0259 0256 0254 0252 0248 0244 0237 0233 0233 0234 0249 0277
0323 0349 0310 0289 0321 0323 0325 0305 0277 0272 0268 0260 0362 0943 0232 0414.
0252 0249 0247 0248 0247 0243 0243 0244 0244 0243 0263 0309
0289 0283 0289 0372 0386 0382 0366 0355 0322 0327 0299 0288 0419 1331 0243 0151.
0276 0271 0266 0261 0257 0254 0253 0252 0248 0247 0247 0247
0248 0253 0265 0265 0270 0260 0268 0269 0257 0252 0246 0240 0289 2002 0240 1942.
0234 0234 0235 0235 0234 0233 0232 0232 0232 0233 0245 0257
0279 0278 0276 0300 0303 0288 0281 0279 0273 0263 0256 0252 0317 1237 0231 0324.
0251 0249 0248 0246 0243 0245 0245 0245 0244 0244 0255 0265
0285 0300 0367 0389 0398 0331 0320 0298 0287 0278 0267 0259 0412 1305 0242 0111.
0254 0254 0252 0250 0248 0246 0245 0244 0242 0240 0242 0251
0256 0255 0283 0294 0280 0287 0282 0268 0264 0257 0253 0248 0299 1154 0239 0531.
0247 0246 0245 0245 0244 0244 0243 0241 0240 0241 0246 0263
0284 0311 0310 0364 0305 0332 0320 0300 0282 0272 0266 0260 0365 1159 0240 0424.
0254 0253 0252 0250 0248 0246 0246 0243 0241 0239 0240 0239
0247 0245 0244 0255 0255 0239 0246 0246 0258 0255 0248 0243 0260 1713 0238 0542=
0278 0272 0268 0262 0258 0254 0251 0248 0246 0245 0245 0250
0252 0255 0261 0269 0266 0263 0254 0252 0253 0250 0245 0241.
0239 0239 0239 0238 0238 0238 0237 0236 0236 0235 0236 0239
0252 0256 0266 0269 0271 0267 0263 0262 0261 0257 0254 0250.
0246 0243 0240 0236 0234 0233 0231 0229 0227 0225 0225 0226
0227 0228 0231 0234 0236 0241 0244 0244 0242 0240 0237 0234.
0232 0230 0228 0227 0225 0224 0222 0221 0220 0219 0220 0222
0224 0225 0230 0230 0231 0231 0238 0242 0240 0238 0235 0227.
0221 0217 0215 0214 0213 0208 0203 0199 0198 0195 0197 0209
0227 0244 0255 0265 0287 0293 0295 0291 0286 0285 0277 0265.
0256 0247 0240 0236 0233 0228 0223 0219 0215 0215 0217 0225
0235 0256 0284 0304 0309 0303 0299 0293 0286 0281 0274 0267.
0261 0256 0252 0248 0244 0241 0238 0234 0232 0228 0226 0225
0225 0225 0224 0228 0234 0236 0242 0244 0241 0239 0237 0234.
0231 0228 0227 0225 0224 0222 0221 0219 0217 0216 0217 0219
0226 0232 0243 0257 0267 0269 0272 0270 0267 0262 0258 0253.
0248 0244 0239 0235 0232 0230 0229 0228 0226 0225 0226 0228
0231 0237 0248 0264 0283 0295 0293 0288 0285 0282 0274 0265.
0259 0254 0251 0248 0245 0241 0239 0238 0236 0235 0237 0242
0254 0269 0288 0303 0321 0334 0339 0329 0323 0310 0299 0289.
0281 0276 0270 0266 0261 0255 0250 0245 0240 0236 0235 0244
0259 0282 0306 0328 0343 0355 0360 0354 0342 0328 0312 0298.
0286 0278 0271 0264 0258 0253 0248 0244 0239 0236 0238 0247
0262 0271 0280 0298 0306 0333 0333 0337 0328 0314 0303 0294.
0287 0282 0277 0271 0267 0264 0261 0258 0254 0250 0249 0252
0261 0272 0278 0288 0310 0309 0308 0307 0303 0300 0291 0283.
0276 0271 0267 0263 0261 0257 0255 0253 0252 0250 0250 0253
0258 0265 0272 0278 0282 0276 0266 0267 0266 0265 0261 0256.
0252 0250 0247 0245 0244 0242 0241 0240 0240 0239 0240 0243
0251 0258 0270 0269 0275 0282 0277 0273 0268 0263 0257 0252.
0248 0245 0243 0241 0239 0237 0236 0234 0232 0232 0231 0231
0232 0231 0232 0236 0242 0242 0241 0240 0238 0237 0236 0234.
0233 0232 0231 0231 0230 0229 0229 0229 0228 0227 0227 0226
0226 0226 0224 0225 0230 0235 0241 0241 0243 0243 0241 0239.
0236 0234 0232 0229 0227 0226 0225 0224 0223 0223 0223 0232
0247 0264 0283 0301 0305 0309 0306 0306 0306 0300 0288 0278.
0269 0261 0254 0248 0243 0238 0234 0230 0226 0223 0223 0230
0246 0265 0286 0304 0316 0320 0327 0326 0320 0310 0297 0285.
0276 0268 0262 0258 0253 0249 0246 0243 0240 0238 0239 0243
0246 0259 0270 0275 0278 0285 0283 0277 0270 0265 0261 0256.
0250 0246 0243 0239 0236 0234 0231 0230 0227 0224 0223 0218
0218 0221 0225 0229 0234 0240 0243 0246 0248 0253 0250 0245.
0242 0239 0237 0234 0230 0229 0228 0227 0223 0219 0220 0228
0244 0264 0284 0299 0314 0324 0329 0327 0321 0310 0297 0286.
0277 0272 0268 0265 0262 0259 0256 0252 0249 0247 0248 0254
0266 0278 0287 0281 0284 0288 0290 0289 0283 0278 0274 0271.
0267 0263 0260 0258 0257 0255 0253 0252 0251 0251 0251 0258
0267 0268 0269 0281 0302 0313 0314 0314 0311 0305 0300 0295.
0289 0284 0279 0275 0271 0268 0266 0263 0261 0259 0258 0257
0257 0258 0258 0260 0262 0263 0265 0265 0264 0261 0258 0255.
0252 0249 0248 0246 0245 0244 0243 0242 0242 0241 0243 0247
0252 0258 0261 0263 0268 0270 0269 0268 0268 0265 0263 0260.
0258 0256 0255 0254 0252 0251 0250 0250 0249 0249 0249 0254
0256 0262 0275 0291 0303 0306 0301 0295 0289 0284 0278 0273.
0269 0265 0263 0261 0259 0257 0256 0254 0253 0251 0250 0251
0252 0253 0255 0262 0267 0266 0268 0267 0265 0263 0260 0258.
0256 0254 0253 0252 0251 0250 0250 0249 0248 0247 0247 0251
0257 0264 0270 0278 0282 0283 0287 0287 0283 0278 0273 0269.
0266 0264 0261 0260 0258 0257 0255 0254 0252 0251 0249 0248
0248 0249 0249 0250 0253 0249 0248 0248 0250 0252 0253 0251=
0284 0278 0273 0269 0265 0261 0258 0255 0253 0251 0249 0250
0251 0252 0254 0258 0260 0260 0257 0255 0253 0252 0250 0246.
0244 0243 0242 0242 0241 0241 0240 0240 0239 0238 0238 0238
0242 0246 0251 0255 0259 0260 0259 0258 0257 0256 0254 0252.
0250 0247 0245 0243 0240 0238 0237 0235 0234 0232 0231 0230
0230 0230 0231 0232 0234 0236 0238 0240 0240 0240 0238 0237.
0235 0234 0232 0231 0230 0229 0227 0226 0225 0224 0224 0224
0225 0225 0227 0228 0229 0230 0231 0235 0236 0236 0235 0233.
0229 0226 0223 0221 0220 0218 0215 0212 0209 0207 0205 0207
0214 0223 0233 0240 0250 0261 0267 0270 0270 0270 0269 0265.
0259 0254 0248 0244 0240 0237 0233 0230 0227 0224 0223 0224
0228 0235 0248 0263 0275 0279 0279 0280 0277 0275 0272 0268.
0263 0260 0256 0253 0250 0247 0245 0242 0239 0237 0234 0232
0231 0230 0229 0230 0232 0233 0236 0239 0239 0239 0238 0237.
0235 0233 0231 0230 0229 0227 0226 0225 0223 0222 0221 0221
0223 0226 0230 0238 0246 0251 0255 0257 0257 0256 0255 0252.
0249 0247 0244 0241 0238 0236 0234 0233 0231 0230 0229 0229
0230 0232 0236 0243 0254 0264 0271 0272 0272 0271 0269 0266.
0261 0257 0254 0252 0249 0247 0244 0243 0241 0240 0239 0240
0243 0250 0259 0270 0282 0293 0302 0305 0305 0302 0296 0290.
0284 0280 0275 0271 0267 0263 0260 0255 0252 0248 0244 0244
0249 0258 0270 0285 0298 0310 0319 0324 0323 0318 0311 0303.
0295 0288 0282 0276 0270 0265 0261 0257 0253 0249 0247 0248
0253 0259 0264 0273 0281 0293 0302 0308 0310 0307 0301 0295.
0290 0285 0281 0277 0274 0270 0267 0265 0262 0259 0256 0255
0257 0262 0267 0271 0282 0289 0291 0292 0292 0292 0289 0285.
0280 0276 0272 0269 0266 0264 0261 0259 0258 0256 0254 0254
0256 0259 0263 0267 0270 0271 0268 0266 0265 0264 0263 0261.
0258 0255 0253 0251 0249 0248 0246 0246 0245 0244 0243 0244
0246 0250 0256 0260 0262 0268 0269 0268 0266 0264 0261 0257.
0254 0251 0249 0247 0245 0244 0242 0241 0239 0238 0237 0236
0236 0235 0235 0236 0238 0240 0241 0241 0240 0239 0239 0238.
0237 0236 0235 0234 0234 0233 0233 0232 0232 0231 0230 0230
0230 0229 0228 0227 0228 0231 0234 0236 0238 0239 0239 0239.
0238 0236 0235 0233 0232 0231 0229 0228 0228 0227 0226 0228
0233 0241 0252 0264 0273 0280 0284 0285 0286 0287 0284 0278.
0273 0267 0262 0257 0253 0248 0245 0241 0238 0235 0232 0232
0237 0245 0256 0268 0280 0289 0295 0300 0301 0299 0295 0288.
0282 0276 0270 0266 0262 0259 0255 0252 0250 0247 0245 0246
0247 0250 0256 0261 0265 0269 0272 0271 0269 0266 0263 0260.
0257 0254 0251 0248 0245 0243 0240 0238 0236 0233 0232 0227
0226 0226 0227 0229 0231 0234 0237 0240 0242 0245 0246 0245.
0244 0242 0240 0239 0236 0234 0233 0232 0230 0228 0226 0227
0232 0241 0253 0265 0276 0286 0294 0299 0300 0299 0293 0287.
0281 0276 0272 0269 0266 0264 0261 0258 0255 0253 0252 0252
0255 0261 0268 0271 0272 0274 0277 0279 0278 0276 0273 0271.
0269 0266 0264 0261 0260 0258 0257 0256 0254 0254 0253 0254
0258 0261 0262 0265 0274 0284 0291 0294 0295 0294 0293 0290.
0287 0284 0281 0278 0275 0272 0269 0267 0265 0264 0262 0261
0260 0259 0259 0260 0260 0261 0262 0262 0263 0262 0260 0259.
0257 0255 0253 0251 0250 0249 0248 0247 0246 0245 0245 0246
0248 0251 0254 0256 0259 0262 0263 0263 0263 0263 0262 0260.
0259 0257 0256 0255 0254 0253 0252 0251 0251 0250 0250 0251
0252 0255 0259 0268 0277 0284 0286 0285 0283 0280 0278 0275.
0271 0268 0266 0264 0262 0261 0259 0258 0256 0255 0254 0253
0253 0254 0254 0256 0260 0261 0262 0263 0263 0262 0261 0259.
0258 0256 0255 0254 0253 0252 0252 0251 0250 0250 0249 0249
0251 0255 0259 0263 0269 0271 0274 0276 0276 0274 0272 0270.
0267 0265 0263 0262 0260 0259 0258 0257 0255 0254 0253 0252
0251 0251 0251 0250 0251 0252 0250 0249 0249 0251 0251 0251=
0282 0278 0274 0271 0268 0265 0262 0260 0258 0256 0254 0253
0252 0252 0253 0254 0256 0257 0257 0256 0255 0254 0253 0250.
0249 0248 0247 0246 0245 0244 0243 0243 0242 0242 0241 0241
0241 0243 0246 0249 0252 0254 0255 0255 0255 0254 0254 0253.
0251 0250 0248 0247 0245 0243 0242 0241 0239 0238 0236 0235
0235 0234 0234 0234 0235 0236 0237 0238 0239 0240 0239 0239.
0238 0237 0236 0235 0234 0233 0232 0231 0230 0229 0229 0228
0228 0228 0228 0229 0230 0230 0231 0232 0234 0235 0235 0234.
0233 0231 0229 0227 0226 0225 0223 0221 0219 0217 0215 0214
0215 0219 0224 0230 0235 0242 0249 0254 0256 0258 0259 0259.
0257 0254 0251 0248 0245 0242 0240 0237 0235 0232 0230 0229
0230 0232 0237 0245 0253 0260 0264 0266 0267 0267 0266 0264.
0262 0260 0258 0256 0253 0251 0249 0247 0245 0243 0241 0239
0237 0236 0235 0234 0234 0235 0236 0237 0238 0239 0239 0238.
0237 0236 0235 0234 0233 0232 0231 0230 0229 0228 0227 0226
0226 0227 0229 0232 0236 0241 0245 0247 0249 0250 0250 0250.
0249 0247 0246 0244 0242 0240 0238 0237 0236 0235 0234 0233
0233 0233 0235 0237 0242 0248 0255 0259 0261 0262 0262 0261.
0260 0257 0255 0254 0252 0250 0248 0246 0245 0243 0242 0242
0242 0245 0249 0255 0261 0269 0277 0283 0286 0288 0287 0285.
0282 0279 0275 0273 0270 0267 0264 0261 0258 0255 0252 0250
0250 0253 0258 0265 0274 0283 0291 0298 0302 0303 0301 0298.
0294 0289 0285 0281 0277 0273 0269 0265 0262 0259 0256 0254
0254 0257 0259 0263 0268 0274 0282 0287 0292 0294 0293 0291.
0288 0285 0282 0279 0277 0274 0272 0269 0267 0265 0262 0261
0260 0261 0263 0266 0270 0275 0279 0281 0283 0284 0283 0282.
0280 0277 0275 0272 0270 0268 0266 0264 0262 0261 0259 0258
0258 0259 0260 0262 0265 0267 0267 0266 0265 0264 0264 0263.
0261 0259 0258 0256 0254 0253 0252 0251 0249 0248 0248 0247
0248 0249 0251 0254 0257 0259 0262 0263 0263 0263 0261 0260.
0257 0256 0254 0252 0250 0249 0248 0246 0245 0244 0243 0242
0241 0240 0240 0240 0240 0241 0242 0242 0242 0242 0241 0241.
0240 0240 0239 0238 0238 0237 0237 0236 0236 0235 0234 0234
0234 0233 0232 0231 0231 0232 0233 0235 0236 0238 0238 0239.
0239 0238 0238 0237 0236 0235 0234 0233 0232 0231 0231 0231
0232 0235 0240 0247 0255 0261 0266 0269 0272 0274 0274 0273.
0271 0268 0265 0261 0258 0255 0252 0249 0246 0243 0241 0239
0239 0242 0247 0253 0261 0268 0274 0279 0283 0285 0285 0283.
0280 0277 0273 0270 0267 0264 0261 0259 0256 0254 0252 0251
0250 0251 0253 0256 0259 0261 0264 0265 0266 0265 0264 0262.
0260 0258 0256 0254 0251 0249 0247 0246 0243 0241 0239 0236
0234 0233 0233 0233 0234 0235 0237 0239 0240 0242 0244 0245.
0244 0244 0243 0242 0241 0239 0238 0237 0236 0235 0233 0232
0233 0236 0241 0248 0256 0264 0271 0277 0281 0283 0283 0281.
0278 0275 0273 0270 0268 0266 0264 0262 0260 0258 0256 0255
0255 0257 0261 0264 0266 0267 0269 0271 0272 0272 0271 0270.
0269 0267 0265 0264 0262 0261 0260 0259 0257 0257 0256 0255
0256 0258 0259 0261 0264 0269 0275 0279 0282 0284 0284 0284.
0283 0281 0280 0278 0276 0274 0272 0270 0268 0267 0265 0264
0263 0262 0261 0261 0261 0261 0262 0262 0262 0262 0262 0261.
0260 0258 0257 0256 0255 0253 0252 0251 0251 0250 0249 0249
0249 0251 0252 0254 0255 0257 0259 0260 0260 0261 0261 0260.
0259 0259 0258 0257 0256 0255 0254 0254 0253 0253 0252 0252
0252 0253 0255 0258 0264 0269 0273 0275 0276 0275 0274 0273.
0271 0269 0268 0266 0265 0263 0262 0261 0259 0258 0257 0256
0256 0256 0255 0256 0257 0259 0260 0261 0261 0261 0261 0260.
0259 0258 0257 0257 0256 0255 0254 0254 0253 0252 0252 0251
0252 0253 0255 0258 0261 0263 0266 0268 0269 0270 0269 0268.
0267 0266 0264 0263 0262 0261 0260 0259 0258 0257 0256 0255
0254 0254 0253 0253 0253 0253 0252 0252 0251 0252 0252 0252=
0272 0270 0268 0266 0264 0262 0260 0258 0256 0255 0253 0252
0251 0250 0250 0250 0251 0252 0252 0252 0252 0251 0251 0250.
0248 0247 0246 0245 0245 0244 0243 0243 0242 0241 0241 0240
0240 0240 0241 0243 0245 0246 0248 0248 0249 0249 0249 0249.
0248 0247 0246 0245 0244 0243 0242 0241 0240 0239 0237 0236
0236 0235 0234 0234 0234 0234 0235 0235 0236 0236 0237 0237.
0236 0236 0235 0234 0234 0233 0232 0232 0231 0230 0229 0229
0228 0228 0228 0228 0228 0229 0229 0230 0230 0231 0232 0232.
0232 0231 0230 0228 0227 0226 0225 0224 0222 0221 0219 0218
0217 0218 0220 0223 0226 0230 0234 0239 0242 0245 0246 0248.
0248 0248 0246 0245 0243 0241 0240 0238 0236 0234 0232 0231
0230 0230 0231 0234 0239 0244 0248 0251 0254 0255 0256 0256.
0255 0254 0253 0252 0250 0249 0248 0246 0245 0243 0241 0240
0239 0237 0236 0235 0234 0234 0234 0235 0235 0236 0236 0236.
0236 0235 0235 0234 0233 0232 0232 0231 0230 0229 0228 0227
0227 0227 0227 0228 0230 0233 0235 0238 0240 0241 0242 0243.
0243 0243 0242 0241 0240 0239 0238 0237 0236 0235 0234 0233
0232 0232 0232 0233 0235 0238 0242 0245 0248 0250 0251 0252.
0252 0252 0251 0249 0248 0247 0246 0245 0244 0243 0242 0241
0240 0241 0242 0244 0248 0253 0258 0263 0267 0270 0272 0272.
0271 0270 0269 0267 0265 0264 0262 0260 0258 0256 0253 0251
0250 0250 0251 0254 0258 0264 0270 0275 0280 0283 0285 0285.
0284 0282 0280 0277 0274 0272 0269 0266 0264 0261 0259 0256
0255 0255 0255 0257 0259 0262 0266 0271 0275 0278 0279 0280.
0279 0278 0277 0275 0273 0271 0270 0268 0266 0264 0263 0261
0260 0259 0259 0260 0262 0264 0267 0270 0271 0273 0274 0274.
0273 0272 0271 0269 0268 0266 0265 0263 0262 0261 0259 0258
0257 0257 0257 0258 0259 0260 0261 0261 0261 0261 0260 0260.
0259 0258 0257 0255 0254 0253 0252 0251 0250 0249 0248 0248
0247 0247 0248 0249 0251 0252 0254 0256 0257 0257 0257 0256.
0255 0254 0253 0252 0250 0249 0248 0247 0246 0245 0244 0243
0242 0241 0241 0240 0240 0240 0240 0241 0241 0241 0241 0240.
0240 0239 0239 0238 0238 0237 0237 0236 0236 0235 0235 0234
0234 0234 0232 0231 0231 0231 0232 0232 0233 0234 0235 0236.
0236 0236 0236 0235 0235 0234 0234 0233 0232 0232 0231 0231
0231 0232 0233 0237 0241 0246 0250 0254 0256 0259 0261 0262.
0262 0261 0260 0258 0256 0254 0252 0250 0248 0246 0244 0242
0241 0240 0242 0244 0248 0253 0258 0262 0266 0269 0271 0272.
0271 0270 0268 0266 0264 0262 0260 0258 0256 0255 0253 0251
0250 0250 0250 0251 0253 0254 0256 0257 0259 0259 0259 0258.
0257 0256 0255 0253 0252 0250 0249 0247 0246 0244 0242 0240
0238 0237 0235 0235 0235 0235 0236 0237 0238 0239 0240 0241.
0241 0241 0241 0241 0240 0239 0238 0238 0237 0236 0235 0234
0233 0234 0236 0239 0243 0248 0253 0258 0263 0266 0268 0269.
0269 0268 0266 0265 0264 0262 0261 0260 0258 0257 0255 0254
0253 0253 0254 0256 0258 0259 0261 0262 0263 0264 0264 0264.
0263 0263 0262 0261 0260 0259 0258 0257 0256 0255 0254 0254
0253 0254 0255 0255 0256 0259 0262 0266 0268 0271 0272 0273.
0274 0273 0273 0272 0271 0270 0268 0267 0266 0265 0263 0262
0261 0261 0260 0259 0259 0259 0259 0259 0259 0259 0259 0258.
0258 0257 0256 0255 0254 0253 0252 0251 0251 0250 0249 0249
0248 0249 0249 0250 0251 0252 0253 0254 0255 0255 0256 0256.
0256 0255 0255 0254 0254 0253 0253 0252 0252 0251 0251 0250
0250 0250 0251 0252 0254 0258 0261 0263 0265 0266 0266 0266.
0266 0265 0264 0263 0262 0261 0260 0259 0258 0257 0256 0255
0255 0254 0254 0254 0254 0255 0255 0256 0256 0257 0257 0257.
0256 0256 0255 0255 0254 0253 0253 0252 0252 0251 0251 0250
0250 0250 0251 0252 0254 0256 0257 0259 0260 0262 0262 0262.
0262 0261 0261 0260 0259 0258 0258 0257 0256 0256 0255 0254
0253 0253 0252 0252 0251 0251 0251 0251 0250 0250 0250 0250=
0231 0232 0233 0233 0233 0233 0234 0234 0234 0234 0234 0234
0234 0233 0233 0233 0233 0233 0233 0233 0233 0233 0234 0234.
0234 0234 0234 0234 0234 0234 0234 0234 0233 0233 0233 0233
0233 0233 0233 0233 0232 0232 0232 0232 0233 0233 0233 0233.
0233 0233 0233 0233 0233 0233 0233 0233 0233 0233 0233 0232
0232 0232 0232 0232 0231 0231 0231 0231 0231 0231 0230 0230.
0230 0230 0230 0230 0230 0230 0230 0230 0229 0229 0229 0229
0229 0229 0228 0228 0228 0228 0228 0228 0228 0227 0227 0227.
0227 0227 0227 0227 0227 0226 0226 0226 0226 0225 0225 0225
0225 0224 0224 0224 0224 0224 0224 0224 0224 0225 0225 0226.
0226 0227 0227 0227 0228 0228 0228 0228 0228 0228 0228 0228
0228 0227 0227 0227 0227 0227 0227 0228 0228 0228 0229 0229.
0230 0230 0231 0231 0231 0231 0231 0231 0231 0231 0231 0231
0231 0231 0231 0231 0230 0230 0230 0230 0230 0229 0229 0229.
0229 0229 0229 0229 0229 0228 0228 0228 0228 0228 0228 0227
0227 0227 0227 0227 0226 0226 0226 0226 0227 0227 0227 0227.
0227 0228 0228 0228 0228 0228 0228 0228 0228 0228 0228 0228
0228 0228 0228 0228 0227 0228 0228 0228 0228 0228 0229 0229.
0229 0229 0230 0230 0230 0230 0231 0231 0231 0231 0231 0231
0231 0231 0231 0231 0231 0231 0231 0232 0232 0233 0233 0234.
0234 0235 0235 0236 0236 0236 0237 0237 0237 0237 0237 0237
0237 0237 0237 0237 0237 0237 0237 0237 0238 0238 0239 0239.
0239 0240 0240 0241 0241 0241 0241 0241 0241 0241 0240 0240
0240 0239 0239 0239 0239 0239 0239 0239 0239 0240 0240 0240.
0240 0241 0241 0241 0242 0242 0242 0242 0242 0242 0242 0242
0241 0241 0241 0241 0241 0241 0241 0241 0241 0241 0241 0242.
0242 0242 0242 0242 0242 0242 0242 0242 0242 0242 0242 0242
0242 0242 0242 0241 0241 0241 0241 0241 0241 0241 0241 0241.
0241 0241 0241 0241 0241 0241 0241 0241 0241 0240 0240 0240
0240 0240 0240 0239 0239 0239 0239 0239 0239 0239 0239 0239.
0239 0239 0239 0239 0239 0239 0239 0239 0239 0239 0238 0238
0238 0238 0238 0237 0237 0237 0237 0237 0236 0236 0236 0236.
0235 0235 0235 0235 0235 0235 0235 0234 0234 0234 0234 0234
0234 0233 0233 0233 0233 0233 0232 0232 0232 0232 0232 0232.
0232 0232 0232 0232 0232 0232 0232 0231 0231 0231 0231 0231
0231 0231 0231 0231 0231 0231 0231 0232 0232 0233 0233 0234.
0234 0234 0235 0235 0235 0236 0236 0236 0236 0236 0235 0235
0235 0235 0235 0235 0235 0235 0235 0235 0235 0236 0236 0237.
0237 0238 0238 0238 0238 0238 0239 0238 0239 0238 0238 0238
0238 0238 0238 0238 0238 0238 0238 0238 0238 0238 0238 0238.
0238 0238 0238 0238 0238 0238 0238 0238 0238 0238 0238 0237
0237 0237 0236 0236 0236 0235 0235 0235 0235 0235 0234 0234.
0234 0234 0234 0234 0234 0234 0234 0234 0234 0234 0233 0233
0233 0233 0233 0233 0233 0233 0233 0233 0234 0234 0235 0235.
0236 0236 0237 0237 0237 0238 0238 0238 0238 0238 0238 0238
0238 0238 0238 0238 0238 0238 0239 0239 0239 0239 0239 0239.
0240 0240 0240 0240 0240 0240 0240 0240 0240 0240 0240 0240
0240 0240 0240 0240 0240 0240 0240 0241 0241 0241 0242 0242.
0242 0243 0243 0243 0244 0244 0244 0244 0244 0244 0244 0244
0244 0244 0244 0244 0244 0244 0244 0244 0244 0244 0243 0243.
0243 0243 0243 0243 0243 0243 0243 0242 0242 0242 0242 0242
0242 0241 0241 0241 0241 0241 0241 0241 0241 0241 0241 0241.
0241 0241 0241 0241 0241 0241 0241 0241 0241 0241 0241 0241
0241 0241 0241 0241 0241 0241 0241 0241 0242 0242 0242 0242.
0243 0243 0243 0243 0243 0243 0244 0244 0244 0244 0244 0244
0243 0243 0243 0243 0243 0243 0243 0243 0243 0243 0243 0243.
0243 0243 0243 0243 0243 0243 0243 0242 0242 0242 0242 0242
0242 0242 0242 0242 0242 0242 0242 0242 0242 0242 0243 0243.
0243 0243 0243 0243 0243 0243 0243 0243 0243 0243 0243 0243
0243 0243 0243 0243 0243 0243 0243 0243 0243 0242 0242 0242=
KB
0215 0215 0215 0215 0216 0216 0216 0216 0216 0216 0216 0216
0216 0217 0217 0217 0217 0217 0217 0217 0218 0218 0218 0219.
0219 0219 0219 0219 0219 0219 0219 0219 0220 0220 0220 0220
0220 0220 0220 0220 0220 0220 0220 0220 0220 0220 0220 0220.
0220 0220 0220 0220 0220 0220 0220 0220 0220 0220 0220 0220
0220 0220 0220 0220 0220 0220 0221 0221 0220 0221 0220 0220.
0220 0220 0220 0220 0220 0220 0220 0220 0220 0220 0220 0220
0220 0220 0220 0220 0220 0220 0220 0220 0220 0220 0220 0220.
0220 0220 0220 0220 0220 0220 0220 0220 0219 0220 0219 0220
0219 0219 0219 0219 0219 0219 0219 0219 0219 0219 0219 0219.
0219 0219 0219 0219 0219 0219 0218 0218 0218 0219 0219 0219
0219 0219 0219 0219 0219 0219 0219 0219 0219 0219 0219 0219.
0219 0219 0219 0219 0219 0219 0219 0219 0219 0219 0219 0219
0219 0219 0219 0219 0219 0219 0219 0220 0220 0220 0220 0220.
0220 0220 0220 0220 0220 0220 0220 0220 0220 0220 0220 0220
0220 0220 0220 0220 0220 0220 0220 0219 0219 0220 0220 0219.
0219 0219 0219 0219 0219 0219 0219 0219 0219 0219 0219 0219
0219 0219 0219 0219 0219 0219 0219 0219 0219 0219 0219 0219.
0219 0219 0219 0219 0219 0219 0219 0219 0219 0219 0220 0219
0220 0220 0220 0220 0220 0220 0220 0220 0220 0220 0220 0220.
0220 0220 0220 0220 0221 0221 0221 0221 0221 0221 0221 0221
0221 0222 0222 0222 0222 0222 0222 0222 0222 0222 0222 0222.
0222 0223 0223 0223 0223 0223 0223 0223 0223 0223 0224 0224
0224 0224 0224 0224 0224 0224 0224 0225 0225 0225 0225 0225.
0225 0225 0225 0225 0225 0225 0225 0225 0225 0225 0225 0225
0225 0226 0226 0226 0226 0226 0226 0226 0226 0226 0226 0226.
0226 0226 0226 0226 0226 0227 0227 0227 0227 0227 0227 0227
0227 0227 0227 0227 0227 0227 0227 0227 0227 0227 0227 0227.
0227 0227 0227 0227 0228 0228 0228 0228 0228 0228 0228 0228
0228 0228 0228 0228 0228 0228 0228 0228 0228 0228 0228 0228.
0228 0228 0228 0228 0228 0228 0228 0228 0228 0228 0228 0228
0228 0228 0228 0228 0228 0228 0228 0228 0228 0228 0228 0228.
0228 0228 0228 0228 0228 0228 0228 0227 0228 0227 0227 0227
0227 0227 0227 0227 0227 0227 0227 0227 0227 0227 0227 0227.
0227 0227 0227 0227 0227 0227 0227 0227 0227 0227 0227 0227
0227 0226 0227 0226 0226 0226 0226 0226 0226 0226 0226 0226.
0226 0226 0226 0226 0226 0226 0226 0226 0226 0226 0226 0226
0226 0226 0226 0226 0226 0226 0226 0226 0226 0226 0226 0226.
0226 0226 0226 0226 0226 0226 0226 0226 0227 0227 0227 0227
0227 0227 0227 0227 0227 0227 0227 0227 0227 0227 0227 0227.
0227 0227 0227 0227 0227 0227 0227 0227 0227 0227 0228 0228
0228 0228 0228 0228 0228 0228 0228 0228 0228 0228 0228 0228.
0228 0228 0228 0228 0228 0228 0228 0228 0228 0228 0228 0227
0227 0228 0227 0227 0227 0227 0227 0227 0227 0227 0227 0227.
0227 0227 0227 0227 0227 0227 0227 0227 0227 0227 0227 0227
0227 0227 0227 0227 0227 0228 0228 0228 0228 0228 0228 0228.
0228 0228 0228 0228 0228 0228 0228 0228 0228 0228 0228 0228
0228 0229 0229 0229 0229 0229 0229 0229 0229 0229 0229 0229.
0229 0229 0229 0229 0229 0229 0229 0229 0229 0230 0230 0230
0230 0230 0230 0230 0230 0230 0230 0230 0231 0231 0231 0231.
0231 0231 0231 0231 0231 0231 0231 0231 0231 0231 0231 0231
0231 0231 0231 0231 0231 0232 0231 0231 0231 0231 0231 0231.
0231 0231 0231 0231 0231 0231 0231 0231 0231 0231 0231 0231
0231 0232 0232 0232 0231 0232 0232 0232 0232 0232 0232 0231.
0232 0232 0232 0232 0232 0232 0232 0232 0232 0232 0232 0232
0232 0232 0232 0232 0232 0232 0232 0232 0232 0232 0232 0232.
0232 0232 0232 0233 0233 0232 0233 0233 0232 0232 0233 0233
0233 0233 0233 0233 0233 0233 0233 0233 0233 0233 0233 0233.
0233 0233 0233 0233 0233 0233 0233 0233 0233 0233 0233 0233
0233 0233 0233 0233 0233 0233 0233 0233 0233 0233 0233 0233=
0192 0192 0192 0192 0192 0192 0192 0192 0192 0192 0192 0192
0192 0192 0192 0192 0193 0193 0193 0193 0193 0193 0194 0194.
0194 0193 0194 0194 0194 0194 0194 0194 0194 0194 0194 0194
0194 0194 0194 0194 0194 0194 0194 0194 0194 0194 0194 0194.
0194 0194 0194 0194 0195 0195 0195 0195 0195 0195 0195 0195
0195 0195 0195 0195 0195 0195 0195 0195 0195 0195 0195 0195.
0195 0195 0196 0196 0196 0196 0196 0196 0196 0196 0196 0196
0196 0196 0196 0196 0196 0196 0196 0196 0196 0196 0196 0196.
0196 0196 0196 0196 0196 0196 0196 0196 0196 0197 0196 0197
0197 0197 0197 0197 0197 0197 0197 0197 0197 0197 0197 0197.
0197 0197 0197 0197 0197 0197 0197 0197 0197 0197 0197 0197
0197 0197 0197 0197 0197 0197 0197 0198 0198 0198 0198 0198.
0198 0198 0198 0198 0198 0198 0198 0198 0198 0198 0198 0198
0198 0198 0198 0198 0198 0198 0198 0198 0198 0198 0198 0198.
0198 0198 0198 0198 0198 0198 0198 0198 0198 0198 0198 0198
0198 0199 0199 0199 0199 0199 0199 0199 0199 0199 0199 0199.
0199 0199 0199 0199 0199 0199 0199 0199 0199 0199 0199 0199
0199 0199 0199 0199 0199 0199 0199 0199 0199 0199 0199 0199.
0199 0199 0199 0199 0199 0199 0199 0199 0199 0199 0199 0199
0199 0199 0199 0200 0199 0200 0200 0200 0200 0199 0200 0200.
0200 0200 0200 0200 0200 0200 0200 0200 0200 0200 0200 0200
0200 0200 0200 0200 0200 0200 0200 0200 0200 0200 0200 0200.
0200 0200 0200 0200 0200 0200 0200 0200 0200 0200 0200 0200
0200 0200 0200 0201 0200 0200 0200 0201 0201 0201 0200 0201.
0200 0201 0201 0201 0201 0201 0201 0201 0201 0201 0201 0201
0201 0201 0201 0201 0201 0201 0201 0201 0201 0201 0201 0201.
0201 0201 0201 0201 0201 0201 0201 0201 0201 0201 0202 0202
0202 0202 0202 0202 0202 0202 0202 0202 0202 0202 0202 0202.
0202 0202 0202 0202 0202 0202 0202 0202 0202 0202 0202 0202
0202 0202 0202 0202 0202 0202 0202 0202 0202 0202 0203 0203.
0203 0203 0203 0203 0203 0203 0203 0203 0203 0203 0203 0203
0203 0203 0203 0203 0203 0203 0203 0203 0203 0203 0203 0203.
0203 0203 0203 0203 0203 0203 0204 0203 0204 0204 0204 0204
0204 0204 0204 0204 0204 0204 0204 0204 0204 0204 0204 0204.
0204 0204 0204 0204 0204 0205 0205 0205 0205 0205 0205 0205
0205 0205 0205 0205 0205 0205 0205 0205 0205 0205 0205 0205.
0205 0205 0205 0205 0205 0205 0205 0205 0205 0205 0205 0205
0206 0206 0206 0206 0206 0206 0206 0206 0206 0206 0206 0206.
0206 0206 0206 0206 0206 0206 0206 0206 0206 0206 0206 0206
0206 0206 0206 0206 0206 0206 0206 0206 0206 0206 0206 0206.
0206 0206 0206 0206 0206 0206 0206 0206 0206 0206 0206 0206
0207 0207 0207 0207 0207 0207 0207 0207 0207 0207 0207 0207.
0207 0207 0207 0207 0207 0207 0207 0207 0207 0207 0207 0207
0207 0207 0207 0207 0207 0207 0207 0207 0207 0207 0208 0208.
0208 0208 0207 0208 0208 0208 0208 0208 0208 0208 0208 0208
0208 0208 0208 0208 0208 0208 0208 0208 0208 0208 0208 0208.
0208 0208 0208 0208 0208 0208 0208 0208 0208 0208 0208 0208
0208 0208 0208 0208 0208 0208 0208 0208 0208 0208 0208 0208.
0208 0208 0208 0208 0208 0208 0208 0208 0208 0208 0208 0208
0208 0208 0209 0209 0209 0209 0209 0209 0209 0209 0209 0209.
0209 0209 0209 0209 0209 0209 0209 0209 0209 0209 0209 0209
0209 0209 0209 0209 0209 0209 0209 0209 0209 0209 0209 0209.
0209 0209 0209 0209 0209 0209 0209 0209 0209 0209 0209 0209
0209 0209 0209 0210 0210 0210 0210 0210 0210 0210 0210 0210.
0210 0210 0210 0210 0210 0210 0210 0210 0210 0210 0210 0210
0210 0210 0210 0210 0210 0210 0210 0210 0210 0210 0210 0210.
0210 0210 0210 0210 0210 0210 0210 0210 0210 0210 0210 0210
0210 0211 0211 0211 0211 0211 0211 0211 0211 0211 0211 0211.
0211 0211 0211 0211 0211 0211 0211 0211 0211 0211 0211 0211
0211 0211 0211 0211 0211 0211 0211 0211 0211 0211 0211 0211=
0173 0173 0173 0173 0173 0173 0173 0173 0173 0173 0173 0173
0173 0173 0173 0173 0173 0173 0173 0173 0173 0173 0173 0173.
0173 0173 0173 0173 0173 0173 0173 0173 0173 0173 0173 0174
0174 0174 0174 0174 0174 0174 0174 0174 0174 0174 0174 0174.
0174 0174 0174 0174 0174 0174 0174 0174 0174 0174 0174 0174
0174 0174 0175 0175 0175 0174 0175 0175 0175 0175 0175 0175.
0175 0175 0175 0175 0175 0175 0175 0175 0175 0175 0175 0175
0175 0175 0175 0175 0175 0175 0175 0175 0175 0175 0175 0175.
0175 0175 0175 0175 0175 0175 0175 0175 0175 0175 0175 0175
0175 0175 0175 0175 0175 0176 0175 0175 0175 0175 0175 0176.
0176 0175 0176 0176 0176 0175 0175 0175 0175 0175 0175 0176
0176 0176 0176 0176 0176 0176 0176 0176 0176 0176 0176 0176.
0176 0176 0176 0176 0176 0176 0176 0176 0176 0176 0176 0176
0176 0176 0176 0176 0176 0176 0176 0176 0176 0176 0176 0176.
0176 0176 0176 0176 0176 0176 0176 0176 0176 0176 0176 0176
0176 0176 0176 0177 0177 0176 0177 0177 0177 0177 0177 0177.
0176 0176 0177 0177 0177 0177 0177 0177 0177 0177 0177 0177
0177 0177 0177 0177 0177 0177 0177 0177 0177 0177 0177 0177.
0177 0177 0177 0177 0177 0177 0177 0177 0177 0177 0177 0177
0177 0177 0177 0177 0177 0177 0177 0177 0177 0177 0177 0177.
0177 0177 0177 0177 0177 0177 0177 0177 0177 0177 0177 0178
0178 0178 0178 0178 0178 0178 0178 0178 0178 0178 0178 0178.
0178 0178 0178 0178 0178 0178 0178 0178 0178 0178 0178 0178
0178 0178 0178 0178 0178 0178 0178 0178 0178 0178 0178 0178.
0178 0178 0178 0178 0178 0178 0178 0178 0178 0178 0178 0178
0178 0178 0178 0178 0178 0178 0178 0178 0178 0178 0179 0178.
0179 0179 0179 0179 0179 0179 0179 0179 0179 0179 0179 0179
0179 0179 0179 0179 0179 0179 0179 0179 0179 0179 0179 0179.
0179 0179 0179 0179 0179 0179 0179 0179 0179 0179 0179 0179
0179 0179 0179 0179 0179 0179 0179 0179 0179 0179 0179 0179.
0179 0179 0179 0179 0179 0179 0179 0179 0179 0179 0179 0179
0179 0179 0179 0180 0180 0180 0180 0180 0180 0179 0179 0180.
0180 0180 0180 0180 0180 0180 0180 0180 0180 0180 0180 0180
0180 0180 0180 0180 0180 0180 0180 0180 0180 0180 0180 0180.
0180 0180 0180 0180 0180 0180 0180 0180 0180 0180 0180 0181
0181 0181 0181 0181 0181 0181 0181 0181 0181 0181 0181 0181.
0181 0181 0181 0181 0181 0181 0181 0181 0181 0181 0181 0181
0181 0181 0181 0181 0181 0181 0181 0181 0181 0181 0181 0181.
0181 0181 0181 0181 0181 0181 0181 0181 0181 0181 0181 0181
0181 0181 0181 0181 0182 0181 0182 0182 0182 0182 0182 0181.
0181 0182 0181 0182 0182 0182 0182 0182 0182 0182 0182 0182
0182 0182 0182 0182 0182 0182 0182 0182 0182 0182 0182 0182.
0182 0182 0182 0182 0182 0182 0182 0182 0182 0182 0182 0182
0183 0183 0183 0183 0183 0183 0183 0183 0183 0183 0183 0183.
0183 0183 0183 0183 0183 0183 0183 0183 0183 0183 0183 0183
0183 0183 0183 0183 0183 0183 0183 0183 0183 0183 0183 0183.
0183 0183 0183 0183 0183 0183 0183 0183 0183 0183 0183 0183
0183 0183 0183 0183 0183 0183 0183 0184 0183 0183 0184 0184.
0184 0184 0184 0184 0184 0184 0184 0184 0184 0184 0184 0184
0184 0184 0184 0184 0184 0184 0184 0184 0184 0184 0184 0184.
0184 0184 0184 0184 0184 0184 0184 0184 0184 0184 0184 0184
0184 0184 0184 0184 0184 0184 0184 0184 0184 0184 0184 0184.
0184 0184 0184 0184 0184 0184 0184 0184 0184 0184 0184 0184
0184 0184 0184 0185 0185 0185 0185 0185 0184 0184 0184 0184.
0185 0185 0185 0185 0185 0184 0185 0185 0185 0185 0185 0185
0185 0185 0185 0185 0185 0185 0185 0185 0185 0185 0185 0185.
0185 0185 0185 0185 0185 0185 0185 0185 0185 0185 0185 0185
0185 0185 0185 0185 0185 0185 0185 0185 0185 0185 0185 0185.
0185 0185 0185 0185 0185 0185 0185 0185 0185 0185 0185 0185
0185 0185 0185 0185 0186 0185 0185 0185 0185 0186 0186 0186=
A=
SA=
BA
0247 0245 0229 0214 0223 0222 0215 0217 0218 0220 0260 0269
0258 0287 0319 0287 0239 0233 0235 0239 0229 0226 0225 0224 0324 1107 0214 2359.
0223 0223 0224 0225 0224 0223 0223 0222 0222 0224 0229 0260
0271 0291 0277 0309 0271 0264 0232 0258 0253 0243 0233 0226 0358 1020 0219 0510.
0222 0215 0213 0209 0210 0209 0204 0202 0198 0199 0201 0209
0215 0222 0215 0221 0221 0257 0242 0234 0245 0224 0217 0209 0261 1355 0197 0528.
0213 0205 0205 0204 0201 0200 0200 0202 0198 0200 0211 0216
0212 0215 0214 0213 0199 0209 0230 0212 0217 0218 0202 0186 0248 1450 0186 1940.
0180 0183 0185 0186 0174 0159 0157 0166 0159 0175 0267 0365
0319 0388 0328 0368 0384 0391 0356 0329 0341 0318 0269 0241 0444 1252 0152 0514.
0211 0195 0195 0198 0191 0183 0179 0172 0180 0195 0221 0255
0308 0402 0396 0417 0356 0310 0335 0303 0310 0274 0239 0231 0453 1157 0169 0422.
0225 0220 0215 0213 0202 0200 0194 0194 0187 0181 0184 0193
0196 0194 0205 0211 0219 0231 0220 0205 0211 0212 0205 0205 0245 1446 0181 0519.
0200 0200 0199 0199 0198 0197 0196 0193 0193 0198 0204 0226
0247 0251 0313 0345 0323 0292 0283 0275 0273 0260 0243 0228 0361 1207 0190 0531.
0223 0211 0207 0203 0204 0208 0206 0206 0204 0206 0226 0226
0247 0269 0327 0358 0358 0348 0312 0304 0291 0284 0260 0242 0398 1222 0200 2344.
0232 0234 0226 0220 0215 0213 0220 0215 0220 0224 0249 0283
0342 0353 0417 0396 0439 0399 0389 0348 0328 0289 0265 0245 0440 1235 0209 0141.
0244 0236 0234 0227 0218 0213 0202 0195 0192 0195 0275 0361
0399 0445 0473 0441 0445 0448 0393 0361 0338 0317 0290 0265 0493 1143 0187 0539.
0231 0220 0213 0202 0198 0192 0188 0185 0182 0198 0282 0370
0318 0346 0423 0367 0415 0401 0383 0362 0324 0300 0289 0262 0456 1309 0179 0437.
0255 0251 0238 0239 0234 0226 0227 0216 0221 0217 0233 0278
0361 0329 0344 0378 0379 0357 0358 0339 0325 0295 0269 0247 0465 1210 0212 0538.
0248 0235 0230 0231 0229 0225 0227 0225 0224 0225 0243 0275
0278 0323 0313 0326 0293 0241 0245 0247 0233 0247 0229 0222 0340 1138 0211 1414.
0223 0217 0221 0221 0221 0220 0220 0219 0220 0221 0240 0268
0298 0316 0288 0271 0343 0279 0275 0266 0250 0243 0233 0230 0402 1306 0216 2202.
0223 0215 0213 0213 0209 0207 0208 0208 0205 0208 0209 0210
0211 0209 0220 0224 0225 0220 0223 0218 0218 0212 0213 0209 0239 1231 0204 0438.
0211 0209 0210 0210 0212 0211 0211 0211 0210 0211 0208 0208
0208 0209 0214 0227 0236 0231 0223 0232 0245 0229 0221 0217 0252 1640 0206 0709.
0217 0212 0204 0205 0208 0209 0207 0204 0209 0209 0238 0312
0365 0393 0431 0393 0408 0371 0341 0350 0344 0296 0270 0230 0455 1138 0197 0147.
0213 0206 0197 0196 0189 0185 0180 0178 0175 0174 0228 0316
0371 0424 0441 0446 0455 0391 0373 0354 0347 0311 0275 0245 0472 1154 0172 0439.
0218 0209 0216 0210 0204 0198 0201 0201 0198 0205 0245 0234
0270 0373 0319 0338 0334 0320 0312 0244 0234 0233 0224 0211 0389 0951 0196 0526.
0205 0200 0199 0194 0192 0193 0194 0196 0192 0190 0189 0192
0203 0211 0213 0216 0234 0229 0255 0254 0285 0263 0229 0218 0295 1705 0186 0713.
0217 0215 0210 0196 0201 0205 0202 0189 0179 0185 0247 0337
0394 0427 0400 0403 0384 0389 0339 0347 0327 0286 0273 0255 0448 1011 0175 0521.
0256 0253 0241 0242 0232 0226 0217 0212 0217 0220 0249 0306
0360 0360 0314 0290 0321 0343 0325 0307 0275 0270 0267 0252 0385 0942 0211 0401.
0237 0234 0233 0237 0237 0231 0234 0235 0236 0235 0269 0353
0304 0302 0296 0390 0373 0378 0364 0370 0325 0338 0298 0283 0442 1245 0231 2309.
0275 0268 0262 0254 0249 0247 0245 0246 0241 0235 0231 0234
0232 0232 0246 0256 0265 0242 0255 0260 0245 0242 0237 0229 0283 2001 0228 0612.
0218 0218 0219 0222 0222 0219 0218 0221 0224 0224 0236 0246
0280 0274 0286 0310 0332 0289 0278 0285 0281 0262 0252 0246 0348 1240 0215 2207.
0245 0243 0243 0241 0237 0240 0241 0241 0240 0239 0260 0274
0307 0323 0411 0443 0400 0323 0325 0291 0282 0274 0264 0256 0477 1222 0233 0113.
0252 0249 0248 0246 0244 0242 0241 0238 0237 0238 0238 0252
0257 0255 0296 0297 0279 0286 0278 0260 0256 0242 0239 0237 0310 1117 0235 1836.
0238 0237 0237 0239 0236 0239 0237 0235 0232 0237 0244 0269
0291 0318 0326 0379 0308 0343 0317 0293 0275 0266 0262 0254 0387 1156 0232 0452.
0246 0243 0242 0241 0239 0237 0236 0233 0231 0228 0229 0227
0237 0239 0240 0248 0239 0230 0235 0241 0248 0241 0231 0229 0258 1144 0227 0539=
=
??????
******
YF
19011










20150713=
JY
8888=
GK
01/
05/=
BZ
10/03/08;14;20

10/24/24
11/=
######
