57461 3042N 11118E 001331 001343 105 000 S14 11111999919199111991 0 2014 11
PC
0045 0053 0053 0049 0044 0042 0040 0036 0038 0041 0045 0050
0057 0060 0059 0053 0042 0038 0038 0046 0054 0058 0073 0089 0089 1959 0035 0406.
0102 0111 0120 0119 0113 0113 0107 0106 0108 0118 0124 0131
0136 0140 0138 0131 0120 0111 0104 0103 0104 0103 0107 0116 0141 0921 0089 2001.
0121 0123 0124 0117 0113 0112 0104 0102 0103 0106 0110 0117
0117 0115 0106 0094 0080 0066 0058 0051 0052 0053 0057 0061 0125 2213 0050 1614.
0063 0066 0064 0056 0051 0049 0044 0043 0043 0042 0046 0054
0056 0054 0046 0035 0020 0006 0002 0001 0003 0003 0017 0024 0067 2155 0000 1515.
0027 0029 0030 0028 0026 0025 0024 0027 0026 0025 0033 0044
0053 0060 0057 0053 0045 0038 0037 0038 0041 0046 0050 0059 0061 1007 0023 0214.
0067 0071 0075 0074 0075 0076 0076 0075 0075 0076 0083 0094
0099 0100 0096 0087 0078 0068 0064 0060 0061 0067 0079 0089 0101 1001 0059 2001.
0093 0095 0099 0096 0094 0090 0087 0081 0082 0084 0090 0096
0109 0110 0106 0098 0080 0079 0081 0089 0091 0097 0109 0117 0117 1945 0079 0354.
0118 0120 0120 0119 0114 0112 0107 0107 0105 0109 0111 0119
0122 0121 0115 0106 0095 0086 0082 0084 0087 0093 0090 0098 0123 0905 0082 1427.
0108 0113 0113 0114 0111 0109 0106 0097 0096 0100 0104 0114
0118 0115 0112 0104 0096 0087 0082 0080 0082 0083 0090 0098 0118 0900 0080 1522.
0097 0099 0097 0094 0095 0093 0088 0079 0075 0086 0088 0095
0101 0102 0097 0084 0071 0063 0060 0062 0061 0066 0073 0079 0103 0915 0060 1419.
0080 0081 0080 0079 0076 0075 0071 0067 0068 0072 0071 0075
0077 0078 0070 0055 0045 0038 0032 0032 0039 0050 0059 0069 0083 2224 0031 1534.
0077 0085 0086 0087 0089 0090 0093 0096 0100 0101 0109 0115
0122 0123 0117 0114 0107 0100 0099 0097 0098 0104 0111 0119 0123 0848 0070 2001.
0125 0127 0129 0130 0128 0131 0125 0122 0122 0124 0131 0140
0143 0144 0135 0122 0108 0096 0088 0082 0082 0086 0090 0093 0145 0938 0080 1626.
0099 0099 0095 0093 0086 0085 0082 0081 0080 0081 0083 0091
0096 0096 0091 0082 0066 0054 0044 0043 0044 0049 0061 0071 0100 2101 0041 1543.
0077 0081 0083 0086 0085 0083 0086 0087 0084 0089 0094 0100
0105 0107 0107 0103 0099 0095 0095 0098 0102 0107 0116 0125 0125 1959 0071 2001.
0131 0134 0132 0131 0126 0124 0121 0117 0117 0117 0123 0129
0133 0138 0132 0119 0112 0102 0099 0098 0100 0106 0113 0124 0138 0923 0097 1604.
0128 0132 0135 0133 0132 0130 0132 0131 0132 0136 0142 0153
0158 0161 0158 0151 0142 0135 0134 0132 0134 0137 0144 0148 0162 1004 0124 2001.
0154 0156 0154 0151 0145 0143 0144 0141 0138 0139 0143 0152
0158 0159 0158 0148 0135 0121 0114 0109 0111 0109 0119 0119 0161 0937 0108 1554.
0126 0123 0126 0121 0118 0113 0112 0106 0099 0101 0102 0110
0115 0112 0105 0090 0074 0062 0053 0051 0052 0053 0059 0062 0127 2119 0050 1517.
0065 0066 0064 0064 0060 0057 0053 0046 0048 0050 0051 0053
0058 0058 0056 0046 0031 0021 0015 0012 0014 0017 0023 0029 0067 2216 0012 1550.
0035 0038 0039 0038 0032 0026 0024 0021 0022 0027 0033 0040
0048 0051 0049 0039 0027 0015 0012 0012 0014 0022 0027 0036 0052 1011 0012 1441.
0045 0051 0053 0056 0055 0053 0048 0043 0041 0043 0047 0052
0056 0063 0062 0057 0041 0032 0026 0021 0026 0031 0034 0039 0064 1019 0021 1537.
0045 0050 0050 0049 0048 0047 0042 0040 0037 0040 0043 0047
0052 0058 0057 0050 0040 0034 0030 0028 0029 0038 0040 0045 0059 1005 0028 1527.
0049 0052 0055 0053 0056 0053 0048 0050 0050 0055 0062 0067
0070 0077 0076 0072 0062 0056 0054 0057 0061 0063 0069 0071 0078 1001 0043 2011.
0075 0077 0075 0071 0067 0060 0051 0051 0051 0054 0058 0060
0065 0067 0064 0056 0043 0036 0033 0032 0031 0031 0034 0035 0078 2206 0030 1704.
0037 0037 0035 0032 0028 0024 0022 0020 0015 0014 0017 0022
0025 0028 0024 0012 0002 9995 9991 9990 9990 9994 9998 0006 0039 2136 9989 1533.
0008 0010 0016 0016 0009 0007 0002 0002 9998 9998 0002 0007
0013 0015 0008 0001 9992 9991 9994 9998 0002 0017 0023 0032 0032 1948 9988 1327.
0041 0048 0053 0053 0053 0047 0046 0044 0042 0050 0052 0067
0067 0068 0066 0057 0049 0041 0037 0034 0033 0032 0034 0037 0069 0837 0031 1723.
0038 0037 0034 0029 0022 0021 0013 0007 0002 0003 0006 0011
0014 0018 0011 9997 9989 9981 9979 9979 9983 9991 9999 0007 0040 2137 9978 1428.
0018 0022 0022 0023 0023 0026 0029 0031 0032 0039 0049 0058
0069 0083 0088 0087 0078 0075 0078 0085 0093 0100 0112 0119 0119 1941 0007 2001=
0202 0210 0198 0251
0275 0294 0274 0279
0275 0281 0228 0224
0211 0217 0167 0186
0185 0206 0199 0222
0239 0258 0229 0252
0250 0258 0241 0281
0275 0284 0249 0262
0272 0278 0250 0262
0257 0259 0226 0242
0238 0238 0199 0231
0252 0278 0263 0283
0294 0304 0258 0257
0248 0255 0216 0235
0245 0263 0258 0289
0288 0293 0265 0288
0293 0317 0298 0312
0307 0317 0285 0284
0276 0274 0224 0226
0219 0217 0183 0192
0187 0202 0176 0198
0214 0213 0193 0200
0208 0209 0196 0208
0216 0231 0219 0235
0223 0224 0199 0199
0187 0185 0158 0169
0170 0170 0153 0195
0210 0230 0204 0201
0184 0175 0144 0171
0190 0222 0240 0284=
TB
0166 0163 0163 0160 0159 0160 0158 0158 0157 0157 0156 0162
0168 0174 0180 0187 0186 0193 0187 0170 0151 0151 0149 0149 0194 1409 0148 1909.
0140 0140 0123 0123 0121 0119 0120 0121 0118 0123 0124 0125
0135 0141 0146 0158 0168 0169 0167 0167 0162 0155 0149 0141 0179 1343 0118 0201.
0127 0124 0115 0107 0100 0095 0092 0084 0082 0080 0080 0088
0118 0138 0152 0163 0171 0179 0186 0182 0173 0160 0156 0147 0193 1430 0078 0546.
0142 0137 0129 0121 0110 0105 0100 0093 0091 0088 0086 0096
0119 0143 0162 0171 0182 0190 0196 0192 0187 0174 0160 0152 0200 1421 0086 0644.
0146 0147 0142 0144 0141 0138 0129 0128 0124 0123 0124 0127
0130 0135 0141 0145 0154 0151 0160 0160 0157 0142 0134 0131 0163 1538 0122 0551.
0129 0126 0124 0122 0124 0114 0114 0109 0108 0099 0097 0104
0120 0153 0171 0193 0209 0218 0221 0217 0200 0180 0164 0156 0222 1441 0095 0705.
0155 0146 0139 0136 0137 0134 0133 0133 0129 0127 0128 0133
0138 0143 0147 0148 0152 0149 0144 0131 0128 0125 0111 0109 0157 2009 0109 1942.
0111 0110 0109 0110 0110 0109 0104 0099 0098 0100 0103 0107
0114 0123 0132 0142 0145 0153 0153 0147 0145 0139 0133 0134 0157 1426 0098 0352.
0131 0130 0133 0129 0127 0125 0125 0124 0122 0122 0122 0111
0109 0112 0115 0119 0120 0122 0122 0122 0121 0119 0119 0119 0134 2231 0108 0831.
0118 0119 0117 0117 0116 0115 0115 0115 0108 0112 0114 0116
0119 0124 0131 0143 0144 0146 0142 0139 0138 0135 0134 0132 0148 1403 0108 0447.
0127 0125 0124 0122 0121 0120 0119 0120 0119 0119 0121 0122
0127 0137 0159 0172 0181 0189 0196 0196 0186 0175 0163 0154 0204 1456 0118 0327.
0149 0140 0128 0124 0121 0114 0111 0107 0105 0101 0104 0110
0134 0141 0149 0155 0163 0166 0161 0159 0157 0149 0146 0141 0170 1340 0101 0553.
0136 0131 0127 0125 0121 0114 0111 0107 0101 0101 0097 0107
0124 0142 0152 0167 0177 0177 0173 0171 0164 0151 0144 0127 0181 1419 0096 0701.
0117 0108 0105 0095 0092 0088 0081 0078 0078 0074 0074 0085
0101 0126 0151 0159 0174 0186 0184 0181 0173 0155 0141 0136 0188 1429 0074 0549.
0127 0122 0117 0116 0117 0118 0118 0120 0123 0124 0121 0119
0122 0129 0134 0137 0140 0139 0140 0138 0136 0134 0130 0126 0141 1255 0115 0016.
0120 0119 0118 0119 0115 0114 0113 0111 0110 0107 0105 0108
0116 0125 0141 0152 0159 0159 0156 0154 0149 0145 0143 0139 0163 1307 0104 0712.
0134 0133 0129 0127 0125 0122 0121 0118 0117 0120 0117 0120
0123 0134 0142 0152 0160 0161 0158 0158 0152 0146 0138 0135 0162 1254 0117 0416.
0128 0123 0118 0112 0109 0100 0095 0089 0084 0080 0077 0080
0095 0118 0136 0145 0151 0158 0163 0160 0152 0144 0139 0133 0167 1457 0077 0633.
0127 0123 0119 0115 0113 0105 0105 0102 0103 0100 0092 0096
0109 0130 0147 0156 0163 0176 0173 0174 0167 0151 0140 0128 0178 1517 0092 0659.
0114 0108 0102 0095 0089 0086 0081 0081 0082 0078 0077 0076
0096 0111 0132 0153 0161 0172 0178 0174 0166 0155 0145 0134 0179 1438 0075 0733.
0127 0127 0126 0124 0121 0122 0122 0121 0119 0119 0119 0117
0130 0141 0155 0162 0172 0181 0184 0184 0179 0173 0167 0156 0187 1521 0116 0753.
0154 0149 0145 0143 0143 0140 0139 0139 0139 0137 0138 0139
0141 0143 0143 0146 0151 0154 0155 0154 0151 0148 0148 0147 0156 2014 0137 0529.
0146 0143 0139 0135 0134 0135 0134 0132 0130 0130 0130 0127
0123 0121 0119 0118 0119 0120 0121 0120 0119 0116 0114 0113 0147 2001 0113 1959.
0114 0115 0115 0115 0112 0114 0115 0114 0115 0115 0115 0115
0116 0115 0117 0118 0122 0123 0123 0116 0109 0109 0108 0105 0123 1305 0105 1953.
0106 0106 0105 0103 0104 0104 0105 0102 0103 0098 0093 0094
0096 0099 0103 0107 0107 0110 0110 0108 0109 0109 0109 0108 0112 1333 0093 0648.
0106 0105 0103 0103 0102 0102 0101 0100 0098 0099 0099 0100
0102 0105 0107 0108 0108 0112 0111 0114 0115 0113 0111 0109 0115 1553 0098 0457.
0112 0109 0109 0108 0108 0107 0107 0107 0105 0106 0107 0106
0107 0107 0111 0112 0117 0120 0122 0123 0120 0120 0120 0120 0123 1517 0105 0449.
0119 0118 0119 0117 0114 0112 0113 0113 0113 0111 0108 0110
0110 0111 0114 0111 0109 0106 0104 0103 0103 0101 0102 0102 0120 2001 0101 1754.
0101 0102 0101 0100 0098 0099 0098 0095 0093 0090 0089 0089
0087 0089 0089 0092 0096 0100 0105 0107 0106 0104 0104 0102 0109 1550 0087 0819.
0099 0097 0095 0094 0093 0093 0095 0096 0095 0095 0095 0098
0100 0098 0096 0096 0100 0105 0109 0106 0105 0105 0104 0099 0109 1448 0093 2334=
IB
=
0143 0143 0143 0144 0141 0147 0145 0138 0144 0142 0136 0147
0148 0145 0149 0150 0128 0133 0129 0133 0122 0131 0129 0133.
0104 0090 0097 0102 0102 0100 0104 0112 0107 0115 0111 0111
0110 0109 0100 0071 0054 0049 0062 0044 0039 0048 0028 0044.
0042 0056 0074 0072 0079 0073 0075 0067 0070 0069 0063 0073
0071 0049 0049 0047 0019 0005 0016 0004 0017 0024 0021 0032.
0042 0038 0041 0055 0075 0076 0069 0071 0058 0062 0055 0063
0074 0076 0055 0063 0054 0065 0080 0076 0089 0083 0085 0080.
0100 0101 0102 0106 0113 0104 0116 0112 0113 0104 0111 0116
0116 0114 0116 0095 0104 0099 0110 0110 0115 0115 0115 0108.
0118 0117 0111 0116 0118 0108 0108 0103 0097 0093 0091 0098
0104 0113 0098 0098 0072 0080 0082 0060 0099 0104 0107 0108.
0107 0112 0119 0111 0118 0111 0110 0112 0106 0099 0103 0108
0108 0115 0105 0092 0089 0097 0106 0113 0110 0112 0090 0088.
0087 0096 0088 0086 0088 0083 0090 0078 0077 0083 0084 0086
0084 0088 0074 0070 0071 0076 0066 0063 0068 0077 0075 0083.
0092 0093 0073 0078 0067 0072 0091 0091 0098 0098 0099 0090
0088 0084 0078 0080 0087 0085 0087 0083 0093 0087 0087 0095.
0097 0100 0099 0099 0097 0092 0091 0098 0092 0098 0097 0095
0091 0091 0071 0076 0075 0079 0070 0070 0073 0077 0076 0089.
0104 0102 0101 0099 0095 0096 0101 0104 0103 0098 0102 0106
0097 0107 0096 0106 0105 0107 0092 0089 0088 0081 0085 0093.
0093 0102 0098 0100 0105 0100 0100 0096 0096 0087 0095 0102
0100 0095 0095 0092 0088 0073 0065 0063 0062 0075 0072 0074.
0102 0092 0092 0093 0088 0090 0092 0091 0082 0084 0080 0086
0094 0086 0060 0056 0056 0025 0025 0023 0021 0026 0029 0028.
0051 0053 0068 0062 0066 0068 0057 0063 0058 0060 0060 0073
0068 0071 0067 0061 0057 0077 0063 0063 0062 0068 0065 0060.
0072 0081 0082 0075 0076 0088 0083 0077 0082 0087 0097 0103
0096 0099 0091 0092 0096 0101 0102 0100 0098 0100 0093 0071.
0085 0082 0092 0105 0102 0103 0102 0092 0093 0088 0091 0092
0102 0104 0085 0070 0066 0058 0061 0064 0067 0061 0064 0067.
0074 0084 0090 0093 0088 0083 0091 0090 0093 0097 0096 0094
0095 0089 0094 0084 0041 0054 0029 0026 0034 0040 0049 0046.
0048 0055 0063 0071 0072 0069 0069 0072 0065 0068 0060 0066
0069 0069 0047 0027 0029 0033 0023 0017 0024 0017 0022 0034.
0034 0045 0046 0060 0064 0068 0063 0056 0063 0063 0070 0074
0072 0075 0065 0031 0027 0039 0036 0022 0030 0036 0040 0043.
0055 0056 0062 0064 0065 0064 0057 0056 0058 0056 0062 0059
0070 0064 0070 0068 0065 0061 0072 0077 0078 0065 0066 0074.
0074 0092 0083 0087 0089 0079 0079 0086 0086 0089 0091 0086
0087 0091 0096 0082 0086 0087 0087 0084 0082 0087 0079 0088.
0086 0099 0109 0105 0095 0096 0105 0099 0107 0110 0111 0112
0113 0103 0111 0114 0107 0112 0109 0104 0101 0112 0108 0115.
0121 0122 0123 0116 0115 0117 0118 0118 0121 0119 0119 0102
0104 0105 0105 0110 0111 0112 0112 0106 0105 0107 0103 0104.
0105 0107 0107 0104 0106 0106 0109 0106 0107 0107 0107 0102
0103 0101 0108 0105 0108 0109 0104 0099 0093 0100 0100 0097.
0098 0098 0091 0094 0090 0090 0097 0093 0092 0081 0079 0073
0077 0078 0081 0083 0081 0077 0080 0075 0076 0072 0074 0077.
0071 0072 0072 0081 0081 0083 0084 0084 0087 0085 0090 0092
0093 0094 0095 0094 0089 0091 0090 0095 0094 0097 0100 0093.
0096 0095 0095 0096 0100 0099 0099 0095 0093 0094 0099 0094
0099 0101 0105 0099 0108 0099 0108 0104 0104 0106 0107 0109.
0110 0102 0110 0109 0105 0099 0100 0094 0087 0074 0071 0067
0067 0066 0065 0068 0078 0075 0085 0087 0087 0087 0085 0085.
0089 0086 0090 0091 0089 0090 0090 0081 0084 0076 0081 0083
0081 0081 0077 0084 0087 0081 0089 0085 0084 0085 0082 0086.
0075 0081 0079 0082 0079 0074 0076 0082 0076 0079 0081 0082
0079 0076 0074 0074 0079 0088 0090 0090 0093 0089 0095 0087=
EA
162 163 163 164 161 167 165 158 164 162 156 167
168 165 169 170 148 152 149 153 142 151 149 152.
126 115 120 124 124 123 126 133 129 136 132 132
131 130 123 100 090 087 095 084 081 086 075 084.
082 091 103 102 107 102 103 098 100 100 095 102
101 087 086 085 070 064 069 063 069 073 071 077.
083 080 082 090 104 104 099 101 092 095 090 096
103 104 090 095 090 097 107 105 114 109 111 107.
123 124 125 128 133 126 137 133 134 126 132 136
136 135 137 119 126 122 131 131 135 136 135 130.
138 137 132 136 138 129 129 125 120 117 115 121
126 134 121 121 101 107 109 093 122 126 129 129.
128 133 140 132 138 132 131 133 128 122 126 130
129 135 127 116 114 120 128 134 131 133 115 113.
112 119 113 112 113 109 115 106 105 109 110 112
110 113 103 100 101 104 097 095 099 105 104 109.
116 117 102 106 098 101 116 115 121 121 122 115
113 110 106 107 112 111 112 109 117 113 113 118.
120 123 122 122 120 117 115 121 116 121 120 119
116 115 101 104 103 106 100 100 102 105 104 114.
126 125 124 122 119 119 124 126 125 121 124 128
120 128 119 127 127 129 116 114 114 108 111 117.
117 125 121 122 127 123 123 120 119 112 118 125
123 119 119 116 113 102 097 096 094 103 101 103.
125 116 116 117 113 115 116 116 109 110 107 112
118 112 093 091 091 073 073 072 071 074 075 075.
088 089 099 095 098 098 092 095 092 094 094 102
099 101 098 094 091 105 095 095 095 099 096 093.
101 108 109 104 104 113 109 105 109 112 120 125
119 122 115 116 120 124 125 123 121 123 117 101.
111 109 116 127 125 125 124 116 117 113 115 116
124 126 111 100 097 092 094 096 098 094 096 098.
103 110 114 117 113 109 116 115 117 121 120 118
119 114 118 110 082 090 075 074 078 081 087 085.
086 090 095 101 102 099 100 101 097 099 093 098
100 100 086 074 075 077 072 069 073 069 071 078.
078 084 085 094 096 099 095 091 095 096 100 103
102 103 097 076 074 080 079 072 076 079 081 083.
090 091 095 096 097 096 092 091 092 091 095 093
100 096 100 099 097 094 102 105 106 097 097 103.
103 116 109 112 114 107 107 111 111 114 116 111
112 116 120 109 112 112 112 110 109 112 106 113.
112 122 130 127 119 120 127 122 129 132 132 133
133 125 132 135 129 133 130 126 123 133 130 135.
141 142 143 136 135 138 138 138 141 139 139 125
126 127 127 131 132 133 133 128 127 128 125 126.
127 129 129 126 128 128 130 128 129 129 129 125
126 123 129 127 129 130 126 121 117 122 123 121.
121 121 115 118 115 115 121 117 116 108 107 103
105 106 108 109 108 105 108 104 104 102 103 105.
101 102 101 108 108 109 110 110 113 111 115 117
117 118 118 118 114 116 115 119 118 120 123 117.
120 119 119 119 123 122 122 118 117 118 122 118
122 123 127 122 129 122 129 126 126 128 129 130.
131 124 131 131 127 122 123 118 112 103 101 098
098 098 097 099 106 103 111 113 113 112 111 111.
114 112 115 115 114 115 115 108 110 104 108 109
108 108 105 110 112 108 114 111 110 111 108 112.
104 108 107 108 107 103 104 109 104 107 108 109
107 104 103 103 107 113 115 115 117 114 118 112=
UB
86 88 88 90 89 92 92 88 92 91 88 91
88 83 82 79 69 68 69 79 83 88 88 90 62 1352.
79 72 84 87 88 88 90 94 93 95 92 91
85 81 74 56 47 45 50 44 44 49 44 52 42 1632.
56 63 76 79 87 86 89 89 92 93 89 90
73 55 50 46 36 31 32 30 35 40 40 46 29 1431.
51 51 55 64 79 82 81 86 80 84 81 80
74 64 49 49 43 44 47 47 53 55 61 62 41 1243.
74 74 77 78 83 80 92 90 93 88 92 93
91 87 85 72 72 71 72 72 76 84 88 86 63 2004.
93 94 92 96 96 96 96 96 93 96 96 96
90 77 62 54 41 41 41 36 52 61 69 73 33 1431.
73 80 88 85 88 86 86 87 86 83 85 85
82 83 76 69 66 71 78 89 89 92 87 87 62 1306.
85 91 87 85 86 84 91 87 87 89 88 87
82 79 68 62 61 60 56 57 60 66 68 71 53 1422.
77 78 67 71 67 70 80 80 85 85 86 87
87 83 78 77 80 78 79 77 83 81 81 85 64 2253.
87 88 89 89 88 86 85 89 90 91 89 87
83 80 67 64 63 64 62 63 65 68 68 75 59 1253.
86 86 86 86 84 85 89 90 90 87 88 90
82 82 66 65 61 59 51 50 53 54 60 67 45 1549.
69 78 82 85 90 91 93 93 94 91 94 95
80 74 70 66 61 54 53 53 53 61 61 64 50 1417.
80 77 79 81 80 85 88 90 88 89 89 87
82 69 54 48 45 36 37 37 38 43 46 51 33 1431.
64 69 78 80 84 87 85 90 87 91 91 92
80 69 57 52 46 49 45 46 48 56 60 60 44 1425.
69 76 79 76 76 82 79 75 76 78 85 90
84 82 75 74 75 78 78 78 78 80 78 69 61 2001.
79 78 84 91 92 93 93 88 89 88 91 90
91 87 69 58 54 51 53 55 58 57 59 62 48 1353.
67 72 77 80 78 77 82 83 85 86 87 84
83 74 73 64 45 49 42 41 45 49 55 55 38 1554.
58 63 69 76 78 81 84 89 88 92 89 91
84 72 55 45 44 43 39 38 42 42 45 51 37 1539.
53 59 61 69 72 78 75 73 76 78 86 86
78 69 58 43 40 40 40 36 40 46 51 56 35 1534.
67 70 76 81 85 86 85 84 85 86 90 89
84 73 66 57 53 48 50 53 56 55 59 67 46 1408.
70 79 75 78 81 75 75 79 80 82 83 81
75 72 68 59 57 54 53 52 53 57 56 64 49 1525.
64 72 79 78 73 75 80 77 81 84 84 84
83 77 81 81 75 76 74 72 72 79 77 81 60 2027.
85 87 90 88 88 89 90 91 94 93 93 85
88 90 91 95 95 95 94 91 91 94 93 94 78 2002.
94 95 95 93 96 95 96 95 95 95 95 92
92 91 94 92 91 91 88 89 90 94 95 95 86 1415.
95 95 91 94 91 91 95 94 93 89 91 87
88 87 86 85 84 80 82 80 80 78 79 81 75 1835.
79 80 81 86 87 88 89 90 93 91 94 95
94 93 92 91 88 87 87 88 87 90 93 90 78 2001.
90 91 91 92 95 95 95 92 92 92 95 92
95 96 96 92 94 87 91 88 90 91 92 93 87 1351.
94 90 94 95 94 92 92 88 84 78 78 75
75 74 72 75 81 81 88 90 90 91 89 89 70 1032.
92 90 93 94 94 94 95 91 94 91 95 96
96 95 92 95 94 88 90 86 86 88 86 90 82 1632.
85 90 90 92 91 88 88 91 88 90 91 90
87 86 86 86 87 89 88 90 92 90 94 92 85 2019=
N=
H=
C=
V=
R6
0000 0014 0014
0018 0000 0018
0000 0000 0000
0000 0000 0000
0043 0000 0043
0000 0000 0000
0000 0018 0018
0001 0000 0001
0009 0003 0012
0000 0000 0000
0000 0000 0000
0000 0000 0000
0000 0000 0000
0000 0000 0000
0000 0000 0000
0000 0000 0000
0000 0000 0000
0000 0000 0000
0000 0000 0000
0000 0000 0000
0000 0000 0000
0000 0000 0000
0000 0100 0100
0038 0046 0084
0024 0000 0024
0001 0001 0002
0027 0098 0125
0000 0005 0005
0238 0060 0298
0000 0000 0000=
0000 0000 0000 0000 0000 0000 0000 0000 0000 0000 0000 0000
0000 0000 0000 0000 0000 0000 0000 0007 0006 0001 0000 0000.
0004 0000 0011 0002 0000 0000 0001 0000 0000 0000 0000 0000
0000 0000 0000 0000 0000 0000 0000 0000 0000 0000 0000 0000.
0000 0000 0000 0000 0000 0000 0000 0000 0000 0000 0000 0000
0000 0000 0000 0000 0000 0000 0000 0000 0000 0000 0000 0000.
0000 0000 0000 0000 0000 0000 0000 0000 0000 0000 0000 0000
0000 0000 0000 0000 0000 0000 0000 0000 0000 0000 0000 0000.
0000 0000 0000 0000 0000 0000 0029 0013 0001 0000 0000 0000
0000 0000 0000 0000 0000 0000 0000 0000 0000 0000 0000 0000.
0000 0000 0000 0000 0000 0000 0000 0000 0000 0000 0000 0000
0000 0000 0000 0000 0000 0000 0000 0000 0000 0000 0000 0000.
0000 0000 0000 0000 0000 0000 0000 0000 0000 0000 0000 0000
0000 0000 0000 0000 0000 0000 0000 0000 0001 0000 0010 0007.
0000 0001 0000 0000 0000 0000 0000 0000 0000 0000 0000 0000
0000 0000 0000 0000 0000 0000 0000 0000 0000 0000 0000 0000.
0000 0000 0000 0000 0000 0000 0000 0000 0000 0000 0000 0009
0003 0000 0000 0000 0000 0000 0000 0000 0000 0000 0000 0000.
0000 0000 0000 0000 0000 0000 0000 0000 0000 0000 0000 0000
0000 0000 0000 0000 0000 0000 0000 0000 0000 0000 0000 0000.
0000 0000 0000 0000 0000 0000 0000 0000 0000 0000 0000 0000
0000 0000 0000 0000 0000 0000 0000 0000 0000 0000 0000 0000.
0000 0000 0000 0000 0000 0000 0000 0000 0000 0000 0000 0000
0000 0000 0000 0000 0000 0000 0000 0000 0000 0000 0000 0000.
0000 0000 0000 0000 0000 0000 0000 0000 0000 0000 0000 0000
0000 0000 0000 0000 0000 0000 0000 0000 0000 0000 0000 0000.
0000 0000 0000 0000 0000 0000 0000 0000 0000 0000 0000 0000
0000 0000 0000 0000 0000 0000 0000 0000 0000 0000 0000 0000.
0000 0000 0000 0000 0000 0000 0000 0000 0000 0000 0000 0000
0000 0000 0000 0000 0000 0000 0000 0000 0000 0000 0000 0000.
0000 0000 0000 0000 0000 0000 0000 0000 0000 0000 0000 0000
0000 0000 0000 0000 0000 0000 0000 0000 0000 0000 0000 0000.
0000 0000 0000 0000 0000 0000 0000 0000 0000 0000 0000 0000
0000 0000 0000 0000 0000 0000 0000 0000 0000 0000 0000 0000.
0000 0000 0000 0000 0000 0000 0000 0000 0000 0000 0000 0000
0000 0000 0000 0000 0000 0000 0000 0000 0000 0000 0000 0000.
0000 0000 0000 0000 0000 0000 0000 0000 0000 0000 0000 0000
0000 0000 0000 0000 0000 0000 0000 0000 0000 0000 0000 0000.
0000 0000 0000 0000 0000 0000 0000 0000 0000 0000 0000 0000
0000 0000 0000 0000 0000 0000 0000 0000 0000 0000 0000 0000.
0000 0000 0000 0000 0000 0000 0000 0000 0000 0000 0000 0000
0000 0000 0000 0000 0000 0000 0000 0000 0000 0000 0000 0000.
0000 0000 0000 0000 0000 0000 0000 0000 0000 0000 0000 0000
0000 0000 0000 0000 0000 0000 0000 0000 0000 0000 0000 0000.
0000 0000 0000 0000 0000 0000 0000 0000 0000 0000 0000 0000
0001 0005 0021 0003 0001 0000 0000 0022 0023 0017 0005 0002.
0014 0003 0013 0005 0002 0000 0000 0000 0000 0000 0001 0000
0006 0004 0000 0000 0000 0000 0001 0000 0000 0001 0018 0016.
0002 0001 0008 0012 0001 0000 0000 0000 0000 0000 0000 0000
0000 0000 0000 0000 0000 0000 0000 0000 0000 0000 0000 0000.
0000 0000 0000 0000 0000 0000 0000 0000 0000 0000 0001 0000
0000 0001 0000 0000 0000 0000 0000 0000 0000 0000 0000 0000.
0000 0000 0007 0007 0004 0006 0002 0000 0000 0000 0000 0001
0017 0032 0045 0003 0001 0000 0000 0000 0000 0000 0000 0000.
0000 0000 0000 0000 0000 0000 0000 0000 0000 0000 0000 0000
0000 0000 0000 0000 0000 0000 0003 0001 0000 0000 0000 0001.
0000 0001 0000 0000 0000 0002 0036 0001 0005 0086 0081 0026
0022 0009 0025 0004 0000 0000 0000 0000 0000 0000 0000 0000.
0000 0000 0000 0000 0000 0000 0000 0000 0000 0000 0000 0000
0000 0000 0000 0000 0000 0000 0000 0000 0000 0000 0000 0000=
0000 ////////// 00000=
W=
LA
=
000 000 000 000 001 000 001 000 001 000 001 001
000 000 000 001 001 000 001 000 000 001 001 000 010.
001 001 001 002 000 001 002 001 001 001 000 000
001 001 001 001 002 002 002 003 002 002 002 001 031.
001 001 000 001 001 000 001 000 001 001 000 001
001 000 003 001 002 001 004 002 002 002 002 001 029.
001 001 001 001 001 000 001 000 000 001 001 000
001 001 002 001 003 000 002 003 000 003 001 001 026.
000 000 000 002 000 000 000 002 001 000 000 000
001 001 000 000 000 001 001 001 000 000 000 001 011.
001 000 001 000 000 001 000 000 000 000 001 000
002 000 002 000 001 002 002 003 001 002 002 000 021.
001 000 001 000 001 000 001 000 001 000 000 001
001 000 000 001 001 000 000 000 000 000 000 001 010.
000 003 000 001 001 000 000 000 001 000 000 001
000 001 001 001 001 001 001 001 001 000 000 001 016.
000 001 001 000 000 002 000 000 000 001 000 000
000 001 000 001 001 000 000 001 000 001 000 000 010.
001 000 000 001 000 000 001 000 000 000 001 000
000 001 000 001 001 001 001 000 000 002 000 000 011.
000 001 000 000 000 001 000 001 000 001 000 000
001 000 001 001 000 001 001 002 000 001 001 001 014.
000 000 001 000 001 000 001 000 000 000 001 000
001 000 001 001 000 001 000 001 000 001 000 000 010.
002 000 000 000 000 001 000 001 000 001 000 000
001 001 000 002 001 003 002 002 002 001 001 001 022.
001 000 000 001 001 000 001 001 000 000 000 000
001 002 001 001 001 001 002 002 002 000 000 002 020.
000 000 001 000 001 001 000 000 002 000 000 000
000 001 000 000 000 000 000 001 000 000 001 000 008.
000 001 000 001 000 000 000 001 000 000 001 000
001 000 000 003 000 002 001 002 001 000 001 000 015.
001 001 000 000 000 001 000 001 000 000 000 000
001 000 001 000 002 001 001 000 002 000 002 000 014.
001 000 001 000 001 000 001 000 002 000 000 000
001 001 001 002 001 002 001 002 002 000 001 001 021.
000 001 000 000 001 001 000 000 000 001 000 001
000 000 001 002 002 001 002 002 000 001 000 001 017.
000 001 000 001 000 000 001 000 001 000 000 000
001 001 001 001 001 002 001 000 001 001 000 000 014.
000 001 000 001 000 000 001 000 000 000 000 001
000 002 001 001 000 001 001 002 000 001 001 000 014.
001 000 000 000 000 000 000 001 000 001 000 000
000 000 000 000 000 000 002 000 000 000 000 001 006.
000 000 000 000 001 000 000 000 000 000 002 000
000 000 000 002 000 000 000 000 001 000 001 001 008.
000 002 000 000 001 000 000 000 001 000 000 000
004 001 000 000 000 000 000 000 000 000 000 001 010.
001 000 000 002 001 001 000 000 000 001 000 001
001 001 001 000 001 000 001 001 001 000 001 001 016.
000 000 001 000 001 001 000 000 000 000 000 000
002 000 001 001 000 001 000 000 000 000 000 000 008.
000 000 001 001 003 014 006 003 001 003 001 001
000 019 030 022 009 007 005 003 003 004 002 001 139.
002 000 001 002 000 002 000 001 002 000 002 001
001 001 000 001 000 000 000 000 000 001 000 003 020.
000 000 001 000 001 000 002 005 003 030 030 027
022 019 021 016 010 008 006 005 005 003 002 002 218.
002 002 002 002 001 001 001 001 001 001 000 002
000 000 000 002 000 002 000 000 000 001 000 000 021=
Z=
G=
FN
071009 PPC002 333006 257004 PPC000 274009
232008 297006 PPC000 267010 341007 214003
020006 326008 124003 095010 167016 192015
160019 122029 158016 095007 312010 261009.
049013 046025 099006 123010 342007 014007
019006 011007 317006 355009 260010 283012
PPC001 228008 209010 178020 168017 141028
120035 146026 143032 149020 144018 196012.
166005 186007 229010 280008 233010 015009
046007 PPC001 079008 196006 017009 350007
313007 096009 108014 074012 121021 096010
162013 133019 148021 127019 146016 059014.
066008 063007 329006 344011 267013 239010
248008 022004 018009 331004 002006 345011
221005 212012 304008 101015 146021 090036
129023 133024 099007 090009 120007 017008.
065009 352013 325009 246005 PPC000 050007
019008 256004 039009 000007 327007 244011
264006 181006 298005 247007 240006 206010
139020 128015 037007 267006 054007 253007.
266006 343005 255010 318008 322008 287007
261009 318003 301005 338007 347008 338006
354012 234010 163010 096016 113013 157021
180012 176025 107025 108016 154022 148012.
138007 084005 329010 333007 340006 347006
154009 066003 059006 058008 227005 057004
PPC001 343008 287005 217010 235010 279012
PPC000 193016 200011 269008 352016 353006.
318004 246013 281016 271013 269008 302007
058011 PPC002 352004 049004 083009 PPC000
PPC002 261013 274013 301010 305012 194013
054010 175009 280009 324006 066005 251011.
233005 127007 084013 071007 034008 344008
308005 193007 337009 203007 150009 161012
157015 177014 101010 094011 258009 159004
160006 057008 224005 260009 262010 248007.
PPC002 203006 256005 190007 264007 225008
307006 232007 281004 027005 157007 PPC000
344003 221010 201007 039009 101014 181010
181014 127018 151007 279006 275012 270008.
081006 155005 133003 089010 PPC000 040007
047004 198008 263005 PPC000 198005 PPC002
236006 355006 131004 122025 100010 132017
137016 144015 134012 098010 103016 353010.
341003 278009 331003 327013 283006 270007
265010 305006 263008 011005 246009 207005
184011 275007 015007 063003 155011 079012
083011 097009 082007 107011 115008 246007.
271010 243006 228006 358007 011009 001008
332011 355008 321008 317010 PPC000 152010
330008 359011 138021 027008 111015 163028
138029 118025 131022 106016 103011 046007.
339011 328011 286009 324004 240007 270008
223003 268007 PPC000 270005 107004 247005
324010 328009 090010 134020 140020 172021
125026 137021 124022 092012 023008 001010.
338009 325011 355006 320011 304008 280005
312007 339009 315012 PPC002 263005 329011
206003 351009 175009 240006 057008 012006
191007 176011 229006 155010 095011 102013.
090009 PPC000 PPC000 PPC001 110003 PPC001
045005 019006 334011 060013 020004 131005
354004 274005 200016 185036 174028 096015
221011 119016 149018 132007 150011 235006.
PPC002 221009 357006 217008 014009 356006
273008 277007 339009 175004 333008 264005
158006 323010 313009 296007 137015 180007
218007 112015 155022 083013 115020 119007.
052007 PPC001 215008 PPC001 031008 010007
014004 276010 238005 PPC000 306003 036005
356006 016010 143020 082017 123019 145027
172029 127019 137017 136012 116012 096008.
298005 060006 328005 251003 244009 315007
007006 006005 358007 228003 PPC002 270006
339007 173008 065009 102016 093027 116016
133017 126029 157012 098013 091012 351008.
003007 336017 268010 214003 PPC000 236007
243007 087003 006006 PPC000 287007 PPC000
326009 PPC002 161006 052012 091010 081017
152014 049010 050011 086013 072012 341008.
332012 096005 358011 230007 322009 013013
004011 211007 PPC000 PPC002 338008 032008
336008 325003 010006 091009 161011 109014
055008 083013 109012 105010 090011 064009.
005009 023008 323009 277009 231008 327006
352005 001008 210006 052005 069004 021005
PPC002 146006 114013 284011 343008 340004
017007 034011 PPC001 233009 PPC002 354005.
270006 213005 228009 300004 232006 017003
PPC000 277007 247008 081003 136015 127017
114013 123015 117016 102019 105018 145015
174007 116010 127008 126006 104005 234006.
267012 248011 331010 292005 283007 312005
214005 286009 019004 093005 275003 344004
269006 273014 226011 211010 286003 PPC000
188011 153018 158023 093010 278011 234008.
326009 279013 277016 278019 280008 040006
120011 111008 123015 129018 117022 108016
123020 138023 145016 143019 132028 134026
125023 099021 134019 087010 098014 097018.
102018 081013 104014 075011 066014 085011
040010 048006 070009 103008 084011 067011
099012 076008 110012 075020 093012 325009
338012 033005 075007 279006 009012 270007.
300006 228010 234007 240009 093008 119011
007006 201004 308006 PPC000 251011 267017
263011 261007 202007 238009 244010 205007
083008 089011 102013 141010 188005 PPC002.
080009 130008 160012 129018 141009 105013
112015 130013 125015 165018 156013 180010
151013 PPC000 156007 222004 229004 265006
PPC000 165008 PPC000 042004 PPC000 019004.
012003 288005 271007 259011 292008 188010
118008 131007 133010 126015 156009 149012
126016 159014 137012 134016 132014 131012
166016 093014 125015 096019 142015 110020.
129018 096018 093013 130018 102012 110015
130013 095013 099012 101014 120014 088012
091011 137022 132014 105012 125008 073013
137010 123009 138005 230008 281004 111006=
072007 140003 325007 260005 007004 273009
266009 305008 289003 279008 345004 201006
351007 332006 140005 237007 160014 172013
157018 115024 134012 110007 308010 256009.
046016 051025 054009 142009 011006 044008
017004 327004 342003 321010 269010 283009
252004 244010 216008 172017 155020 124025
122033 121029 142028 141022 156019 170011.
175006 171010 224010 261009 219009 003007
022010 002004 164006 214006 010011 352006
353006 054010 126014 076015 156017 142015
156016 154021 147019 124021 134017 061011.
063012 064009 344004 341011 270012 227010
237009 049003 011005 PPC002 354008 338010
259009 226010 152012 110018 145020 116028
119022 129022 092009 092013 114006 039007.
062010 355012 326010 231005 PPC002 008006
332006 244005 059010 359008 333003 255011
293005 174007 292010 278010 253008 178009
117013 173013 066009 263005 052007 253007.
276008 329005 272009 290010 316009 313008
273008 299003 278005 339008 329006 010005
348010 232009 204011 078010 090010 158019
185021 161018 118022 119017 152021 150009.
132008 086009 323007 337007 004010 316007
166009 062007 060007 067009 250005 064004
151003 346009 268008 216010 212010 243013
271004 181014 181011 253008 359018 347008.
280011 266011 279015 280013 265010 314008
063011 349005 PPC001 PPC002 088008 PPC001
094003 294012 292013 284011 300013 234015
073011 156011 284008 303007 055005 215009.
248007 226008 083013 083008 055008 003006
322005 197007 311006 202007 160010 173013
158014 205013 098012 105007 238008 177005
275004 121008 254006 235008 239008 222007.
PPC001 217006 250006 213007 270004 236005
289007 206007 238003 026006 170008 165004
293003 216009 242009 087010 113012 148009
181015 127015 154012 257007 266008 271009.
031008 170007 PPC001 087010 PPC002 014007
064005 202004 310007 PPC001 200005 230004
213010 265006 173008 161016 082010 118013
161012 156016 133015 111015 096014 351010.
316003 283008 PPC002 317011 283008 296005
307005 305004 259005 050006 239008 273006
237009 296007 309006 046004 150013 081012
085012 099009 114009 095012 132008 232007.
271010 239008 231006 353007 016008 354006
303008 354006 313007 300007 275004 142010
318005 021010 126019 088014 100018 147023
132029 129026 130019 107015 106013 030007.
333014 340007 281009 277007 242008 280007
253003 256007 PPC001 252006 107004 212005
347008 297008 111010 129018 111022 138016
133025 125019 110017 085012 029008 012011.
339008 299007 347006 341008 314008 279004
293007 327009 313010 178005 249008 328009
250006 352006 188007 238003 044007 006006
221003 184009 232008 138009 095011 099014.
096008 PPC000 039003 191004 PPC001 331004
049004 041006 345007 061009 031005 112005
PPC002 226007 223016 157025 172029 120021
177018 122019 143019 145008 159012 244007.
PPC002 222008 358005 225004 014009 339007
282007 293007 330007 169007 022006 277006
138005 335009 319009 336007 134013 191008
160012 106014 155019 100015 109018 122012.
075006 040003 174004 PPC002 030007 015006
008005 273008 236005 PPC000 248005 038004
345006 339007 138017 117023 147022 115019
183022 141021 135018 125012 117010 096008.
PPC002 032008 354006 286004 244009 318008
354007 001005 347004 264003 193004 257007
339005 130009 108010 111017 088021 139015
125019 126021 143016 104013 092012 350007.
349008 334018 289008 PPC001 PPC000 243008
271004 028007 002006 355007 280008 302003
298007 179003 350008 045010 134014 098017
137014 055010 057013 087014 072012 348007.
341009 078005 347011 222007 296007 012012
352010 226005 081003 040006 323008 331005
353006 301005 345008 062010 122009 161012
096010 125010 105013 105012 103012 065007.
357008 008005 313007 287009 228006 309003
322006 007007 205006 323005 058006 005005
PPC001 174005 123019 285010 344007 267003
352006 025009 PPC001 238008 PPC002 335005.
253007 PPC002 241008 287006 254003 358005
PPC000 274008 244006 PPC002 145012 135017
133015 135016 114016 098016 096020 127011
136005 116006 149009 107008 142006 249008.
288010 258010 320007 261006 271008 287007
193005 263008 348006 100005 289005 256007
265009 272009 273006 218009 295007 268006
183008 152017 162021 098013 267010 245010.
308007 281014 269019 281013 284011 011006
103013 102005 114016 119018 102023 113016
126021 123018 133020 134020 127024 135021
132025 098018 132016 100010 102014 096016.
103016 094014 084014 076010 068014 071012
044009 047006 085009 097009 080012 079010
106013 089009 100015 075014 082013 340007
339011 040005 055006 304007 004008 252007.
303007 249008 317008 023006 137006 103009
030006 206004 343007 PPC002 263009 265015
261010 269012 236007 257010 240007 182007
105006 126008 097015 129008 174009 200004.
081009 127011 158010 119014 128012 101015
132013 127013 139013 153021 155011 168011
172011 198004 179006 PPC002 185003 242007
200004 169007 PPC001 PPC002 228003 020004.
309006 264004 239007 259010 296008 190008
060005 103009 134009 134011 138014 159010
129015 158012 123011 108014 129012 127013
115014 112013 106017 097016 139012 104017.
118014 097017 090013 129015 103013 103015
116011 091012 108011 099013 114013 105014
100013 119023 127017 111014 110010 088011
125010 118012 099006 231008 273006 155003=
031096 1608 050142 1601
034135 1431 051145 1507
026166 1616 039162 1629
030155 1513 044153 1506
016130 1504 024125 1459
026167 1414 040187 1407
026344 1849 039332 1843
020142 1343 032085 1342
022156 0738 029153 0734
018137 1417 023133 1144
022157 1641 033128 1636
015263 0524 020130 1256
030135 1454 043130 1435
028135 1543 040091 1334
018127 1943 024340 2116
032165 1208 043204 1200
024098 1828 031102 1839
025173 1505 036108 1359
026146 1532 036128 1507
019099 1403 031099 1357
017130 1413 025125 1417
020122 1045 028136 1053
021094 1259 029139 0803
021162 1659 031150 1607
027103 0649 040108 1258
018099 2235 024111 2043
019102 1652 026096 1652
025154 0555 039156 0550
018106 1819 028077 2000
025129 1024 038159 1031=
DB
0160 0161 0161 0160 0159 0158 0157 0156 0156 0155 0155 0167
0187 0203 0210 0227 0228 0237 0185 0164 0158 0159 0156 0154 0246 1311 0152 1625.
0141 0129 0131 0133 0131 0125 0127 0123 0120 0124 0124 0136
0158 0176 0183 0217 0256 0235 0236 0194 0160 0143 0135 0116 0295 1344 0116 1956.
0108 0101 0096 0090 0086 0081 0079 0073 0070 0065 0072 0121
0170 0226 0287 0297 0296 0293 0274 0219 0173 0136 0136 0132 0302 1149 0064 0549.
0130 0124 0110 0102 0095 0089 0084 0078 0077 0074 0074 0125
0183 0240 0289 0298 0306 0293 0276 0227 0188 0149 0138 0128 0312 1215 0073 0604.
0127 0137 0135 0141 0140 0137 0134 0135 0133 0132 0134 0134
0139 0154 0168 0181 0198 0185 0212 0185 0169 0133 0123 0113 0230 1445 0113 1956.
0108 0103 0101 0120 0122 0100 0102 0090 0093 0082 0079 0131
0197 0246 0295 0319 0329 0316 0295 0243 0190 0149 0138 0132 0333 1156 0078 0652.
0136 0126 0127 0124 0128 0130 0125 0128 0123 0122 0126 0135
0146 0156 0165 0168 0192 0168 0147 0137 0135 0131 0118 0120 0192 1300 0116 1855.
0118 0117 0113 0113 0113 0113 0104 0095 0096 0104 0106 0122
0140 0173 0205 0237 0243 0254 0208 0168 0155 0141 0135 0134 0268 1402 0094 0352.
0134 0129 0126 0127 0125 0126 0127 0124 0123 0123 0122 0118
0117 0123 0134 0145 0146 0152 0143 0140 0134 0126 0124 0123 0157 1321 0114 0742.
0123 0122 0121 0120 0121 0121 0119 0116 0110 0115 0116 0124
0131 0150 0178 0240 0211 0204 0174 0147 0140 0135 0133 0129 0242 1202 0103 0444.
0128 0128 0128 0126 0127 0124 0125 0124 0123 0123 0123 0130
0142 0175 0267 0286 0268 0278 0268 0228 0181 0155 0140 0140 0321 1216 0123 0018.
0132 0119 0109 0104 0100 0096 0090 0085 0090 0082 0092 0122
0191 0187 0184 0184 0209 0188 0167 0159 0149 0133 0126 0125 0220 1313 0081 0610.
0124 0122 0120 0118 0107 0101 0099 0092 0081 0086 0082 0114
0178 0217 0254 0300 0285 0273 0224 0198 0151 0118 0108 0097 0301 1201 0079 0503.
0093 0086 0080 0074 0069 0066 0062 0058 0057 0054 0054 0091
0156 0212 0261 0278 0286 0288 0249 0212 0159 0124 0113 0105 0294 1303 0053 0621.
0102 0097 0096 0103 0108 0113 0113 0113 0113 0114 0114 0116
0129 0144 0140 0151 0151 0154 0149 0152 0137 0128 0122 0115 0157 1436 0095 2224.
0116 0115 0114 0112 0106 0109 0107 0111 0108 0103 0104 0111
0132 0158 0241 0235 0251 0232 0205 0172 0147 0136 0131 0129 0278 1240 0103 0108.
0127 0125 0122 0121 0118 0116 0116 0114 0113 0113 0112 0119
0132 0162 0183 0217 0220 0215 0188 0169 0145 0127 0119 0118 0234 1229 0112 0441.
0115 0112 0102 0099 0086 0078 0069 0064 0059 0056 0052 0077
0134 0202 0238 0254 0244 0255 0229 0198 0138 0118 0113 0114 0274 1333 0051 0647.
0112 0109 0107 0104 0098 0096 0091 0093 0094 0085 0071 0095
0131 0205 0257 0266 0275 0276 0240 0197 0149 0113 0101 0089 0283 1318 0069 0709.
0082 0079 0072 0067 0062 0057 0053 0054 0050 0051 0050 0067
0127 0166 0226 0262 0246 0263 0244 0213 0165 0130 0115 0110 0280 1349 0049 0651.
0103 0112 0111 0110 0114 0111 0113 0109 0109 0110 0107 0110
0151 0182 0217 0226 0245 0269 0245 0207 0170 0151 0146 0136 0275 1356 0100 2112.
0135 0134 0131 0130 0130 0128 0130 0130 0130 0130 0131 0133
0139 0142 0143 0152 0173 0167 0167 0160 0147 0141 0139 0139 0176 1311 0127 0120.
0138 0137 0135 0133 0133 0133 0134 0131 0130 0130 0127 0123
0125 0125 0127 0128 0132 0134 0132 0128 0123 0120 0119 0119 0139 2001 0118 1820.
0118 0118 0118 0118 0116 0117 0117 0116 0116 0116 0116 0117
0122 0125 0133 0134 0138 0136 0135 0123 0115 0113 0113 0111 0142 1232 0110 1956.
0112 0110 0107 0105 0106 0108 0108 0107 0106 0102 0098 0103
0107 0115 0137 0143 0142 0143 0132 0120 0113 0112 0110 0108 0166 1333 0097 0646.
0106 0107 0105 0107 0105 0106 0105 0105 0105 0105 0104 0106
0110 0115 0118 0118 0122 0131 0129 0129 0121 0117 0115 0114 0132 1524 0103 0431.
0115 0114 0111 0112 0111 0110 0110 0112 0110 0111 0111 0111
0111 0113 0132 0131 0140 0138 0135 0135 0125 0122 0120 0119 0148 1333 0110 2259.
0118 0117 0117 0116 0115 0112 0111 0110 0108 0104 0104 0106
0110 0122 0129 0120 0123 0121 0119 0116 0114 0109 0110 0109 0130 1101 0102 0626.
0106 0107 0107 0104 0103 0103 0104 0101 0099 0093 0092 0094
0093 0097 0105 0123 0129 0131 0145 0141 0117 0109 0107 0105 0161 1540 0091 0529.
0101 0101 0098 0097 0098 0098 0098 0099 0099 0099 0099 0104
0107 0100 0104 0106 0143 0135 0135 0118 0112 0106 0102 0083 0149 1439 0083 2000=
0178 0175 0173 0172 0171 0170 0169 0168 0167 0166 0166 0167
0171 0178 0183 0190 0193 0201 0199 0191 0183 0179 0176 0173.
0170 0165 0159 0157 0156 0153 0151 0148 0146 0144 0143 0144
0150 0157 0163 0172 0185 0199 0202 0199 0187 0176 0167 0158.
0151 0144 0138 0133 0128 0124 0120 0117 0113 0109 0106 0109
0121 0142 0165 0187 0202 0211 0213 0206 0193 0176 0165 0159.
0156 0153 0148 0143 0136 0131 0126 0122 0118 0115 0112 0112
0124 0145 0168 0189 0205 0214 0215 0209 0198 0185 0174 0165.
0159 0156 0154 0154 0155 0154 0152 0151 0150 0149 0148 0148
0149 0150 0156 0162 0168 0171 0175 0180 0174 0166 0157 0150.
0143 0138 0134 0134 0137 0134 0130 0126 0122 0120 0115 0115
0127 0148 0173 0196 0213 0222 0222 0214 0202 0187 0175 0166.
0162 0158 0152 0150 0148 0148 0146 0145 0144 0142 0141 0143
0146 0149 0154 0157 0161 0164 0162 0158 0155 0151 0148 0144.
0142 0139 0138 0136 0134 0133 0130 0127 0124 0123 0124 0125
0130 0140 0153 0166 0177 0184 0187 0181 0173 0164 0159 0155.
0152 0150 0147 0145 0144 0143 0142 0141 0140 0139 0139 0137
0136 0137 0139 0143 0145 0148 0148 0148 0146 0144 0141 0139.
0138 0137 0136 0136 0135 0135 0134 0133 0130 0130 0130 0131
0133 0137 0144 0157 0168 0172 0171 0165 0158 0153 0150 0148.
0146 0144 0143 0142 0141 0140 0139 0138 0138 0137 0136 0137
0139 0145 0161 0184 0198 0200 0206 0204 0194 0182 0171 0165.
0160 0153 0147 0141 0136 0132 0128 0123 0120 0118 0116 0118
0127 0142 0151 0156 0162 0168 0165 0161 0158 0154 0149 0145.
0143 0141 0139 0137 0135 0130 0126 0124 0119 0115 0114 0113
0122 0139 0159 0176 0191 0196 0194 0185 0173 0160 0150 0141.
0134 0129 0123 0118 0113 0109 0106 0102 0099 0096 0093 0093
0104 0123 0147 0169 0185 0194 0197 0189 0177 0164 0153 0144.
0138 0133 0129 0127 0126 0127 0128 0129 0129 0128 0128 0128
0130 0134 0139 0141 0144 0147 0150 0150 0149 0145 0142 0138.
0136 0134 0132 0131 0129 0127 0126 0126 0126 0124 0123 0122
0126 0134 0151 0169 0182 0187 0185 0178 0168 0159 0153 0149.
0147 0144 0142 0140 0138 0136 0135 0133 0132 0131 0130 0130
0132 0138 0147 0158 0168 0172 0171 0168 0160 0152 0145 0140.
0138 0135 0132 0128 0125 0119 0114 0109 0104 0100 0097 0095
0103 0121 0143 0160 0171 0181 0183 0177 0164 0150 0142 0138.
0135 0133 0131 0129 0125 0122 0120 0117 0117 0116 0111 0108
0115 0127 0148 0166 0180 0188 0188 0182 0169 0156 0145 0136.
0129 0123 0118 0113 0108 0104 0100 0097 0094 0092 0090 0090
0098 0113 0130 0153 0168 0177 0182 0177 0171 0160 0149 0142.
0137 0132 0132 0130 0130 0129 0129 0128 0127 0126 0125 0123
0128 0139 0152 0162 0172 0180 0186 0184 0177 0168 0161 0156.
0152 0150 0148 0146 0144 0143 0142 0142 0141 0141 0141 0141
0142 0144 0145 0148 0151 0154 0156 0157 0155 0152 0150 0149.
0148 0147 0146 0145 0144 0143 0143 0142 0142 0141 0141 0139
0139 0138 0138 0137 0138 0140 0140 0139 0138 0136 0134 0133.
0132 0131 0131 0130 0130 0129 0129 0129 0128 0128 0128 0128
0128 0130 0132 0134 0136 0138 0138 0137 0135 0132 0129 0127.
0126 0125 0124 0123 0121 0121 0121 0121 0121 0120 0118 0117
0119 0120 0124 0129 0133 0138 0138 0134 0131 0128 0126 0124.
0123 0122 0121 0120 0119 0119 0119 0118 0119 0118 0118 0118
0119 0121 0123 0124 0126 0127 0130 0131 0130 0128 0127 0126.
0125 0125 0124 0123 0123 0122 0122 0122 0121 0121 0121 0121
0121 0121 0122 0128 0131 0136 0135 0135 0134 0132 0130 0129.
0128 0127 0126 0126 0125 0125 0123 0122 0121 0120 0119 0118
0118 0121 0123 0126 0126 0126 0127 0127 0126 0124 0122 0121.
0121 0120 0119 0119 0118 0117 0115 0115 0115 0110 0107 0106
0106 0107 0108 0112 0119 0122 0127 0132 0130 0125 0121 0119.
0117 0116 0115 0113 0112 0111 0111 0111 0111 0110 0110 0110
0112 0112 0113 0115 0119 0126 0130 0128 0125 0122 0118 0115=
0182 0181 0179 0178 0177 0176 0175 0174 0173 0173 0172 0172
0173 0175 0178 0182 0186 0189 0193 0191 0188 0185 0183 0180.
0178 0176 0172 0169 0167 0165 0163 0161 0160 0158 0156 0155
0156 0158 0162 0166 0172 0180 0186 0190 0189 0184 0179 0174.
0169 0163 0159 0154 0150 0146 0143 0139 0136 0133 0130 0128
0129 0135 0147 0160 0172 0183 0190 0193 0191 0185 0178 0172.
0168 0165 0162 0159 0155 0151 0147 0143 0139 0136 0133 0131
0132 0138 0149 0162 0174 0184 0192 0195 0193 0189 0183 0177.
0172 0168 0166 0164 0163 0162 0161 0160 0159 0158 0157 0156
0156 0156 0157 0160 0163 0167 0169 0173 0174 0172 0168 0163.
0159 0155 0151 0148 0147 0147 0145 0142 0140 0137 0134 0132
0132 0139 0150 0164 0177 0189 0196 0198 0197 0192 0185 0178.
0173 0170 0166 0162 0160 0158 0157 0155 0154 0153 0152 0151
0152 0153 0155 0157 0159 0162 0163 0162 0161 0159 0157 0155.
0152 0150 0149 0147 0146 0144 0143 0141 0139 0137 0136 0136
0137 0139 0145 0152 0160 0167 0172 0174 0173 0169 0166 0162.
0160 0158 0156 0154 0153 0152 0151 0150 0149 0148 0147 0146
0145 0145 0145 0146 0148 0149 0150 0151 0151 0150 0149 0147.
0146 0145 0145 0144 0143 0143 0142 0142 0141 0139 0139 0138
0139 0140 0142 0147 0155 0160 0163 0164 0161 0159 0156 0154.
0153 0151 0150 0149 0148 0147 0147 0146 0145 0145 0144 0144
0144 0145 0149 0159 0171 0179 0184 0188 0188 0184 0178 0173.
0169 0165 0161 0156 0152 0149 0145 0142 0138 0136 0133 0132
0133 0138 0144 0149 0154 0158 0161 0161 0160 0158 0156 0153.
0151 0149 0148 0146 0145 0143 0140 0138 0135 0132 0130 0128
0128 0133 0142 0153 0164 0173 0178 0178 0175 0169 0163 0157.
0152 0147 0142 0138 0134 0131 0127 0124 0121 0118 0115 0113
0113 0119 0129 0142 0154 0165 0173 0175 0174 0169 0163 0157.
0152 0148 0144 0141 0139 0138 0137 0137 0137 0137 0136 0136
0136 0137 0139 0141 0143 0145 0147 0149 0150 0149 0147 0146.
0144 0142 0141 0140 0139 0137 0136 0135 0134 0134 0133 0132
0132 0134 0139 0148 0158 0166 0170 0171 0168 0164 0160 0157.
0154 0152 0150 0148 0147 0145 0144 0143 0141 0140 0139 0138
0138 0139 0143 0148 0154 0160 0163 0163 0162 0159 0155 0151.
0148 0146 0144 0141 0139 0136 0132 0129 0125 0121 0118 0115
0115 0119 0128 0139 0149 0157 0164 0166 0164 0159 0153 0149.
0146 0144 0141 0140 0138 0135 0133 0131 0130 0129 0127 0124
0123 0126 0133 0144 0154 0163 0169 0171 0169 0164 0157 0151.
0146 0141 0136 0132 0129 0125 0121 0118 0115 0113 0111 0109
0109 0113 0121 0131 0143 0152 0159 0163 0164 0161 0156 0151.
0147 0143 0141 0139 0138 0137 0137 0136 0135 0134 0134 0133
0132 0135 0141 0148 0154 0161 0167 0170 0171 0168 0164 0161.
0158 0156 0154 0152 0151 0150 0148 0148 0147 0146 0146 0146
0146 0146 0147 0148 0149 0151 0153 0154 0155 0154 0153 0152.
0151 0151 0150 0149 0149 0148 0148 0147 0147 0146 0146 0145
0144 0144 0143 0143 0143 0143 0144 0144 0143 0142 0141 0140.
0139 0138 0138 0137 0136 0136 0136 0135 0135 0134 0134 0134
0134 0134 0135 0136 0137 0138 0139 0140 0139 0138 0136 0135.
0134 0133 0132 0131 0130 0129 0129 0128 0128 0128 0127 0126
0126 0126 0127 0129 0132 0134 0136 0137 0136 0134 0133 0132.
0130 0129 0128 0128 0127 0127 0126 0126 0125 0125 0125 0125
0125 0125 0126 0127 0128 0129 0130 0131 0132 0132 0131 0131.
0130 0130 0129 0129 0128 0128 0127 0127 0127 0127 0127 0126
0126 0126 0125 0127 0129 0132 0134 0134 0135 0135 0134 0133.
0132 0132 0131 0131 0130 0130 0129 0128 0128 0127 0126 0125
0125 0125 0126 0127 0128 0129 0129 0129 0129 0129 0128 0127.
0127 0126 0125 0125 0124 0124 0123 0122 0122 0119 0116 0114
0114 0113 0113 0114 0117 0120 0123 0126 0128 0128 0126 0125.
0123 0122 0121 0120 0119 0118 0118 0117 0117 0117 0117 0116
0117 0117 0117 0118 0119 0122 0125 0127 0127 0126 0124 0123=
0186 0185 0184 0183 0182 0181 0181 0180 0179 0179 0178 0178
0178 0178 0179 0181 0183 0186 0188 0190 0190 0189 0187 0186.
0184 0183 0181 0179 0177 0175 0174 0172 0170 0169 0168 0166
0165 0166 0167 0169 0171 0175 0180 0184 0186 0186 0184 0182.
0179 0175 0172 0169 0165 0162 0159 0157 0154 0151 0148 0146
0144 0145 0149 0155 0162 0170 0177 0182 0185 0184 0182 0179.
0176 0174 0172 0169 0167 0164 0161 0158 0155 0153 0150 0148
0146 0147 0150 0156 0163 0171 0178 0183 0186 0186 0184 0182.
0179 0176 0174 0172 0171 0170 0169 0168 0167 0166 0165 0164
0163 0163 0163 0164 0165 0167 0169 0171 0173 0174 0173 0171.
0168 0166 0163 0161 0159 0158 0156 0155 0153 0151 0149 0147
0145 0146 0149 0156 0164 0172 0180 0185 0188 0188 0186 0183.
0180 0177 0174 0172 0170 0168 0166 0165 0163 0162 0161 0160
0160 0160 0160 0161 0162 0164 0165 0166 0165 0165 0164 0163.
0161 0160 0158 0157 0156 0154 0153 0152 0151 0149 0148 0147
0146 0147 0148 0151 0156 0160 0165 0168 0170 0170 0169 0167.
0166 0164 0163 0162 0161 0159 0159 0158 0157 0156 0155 0155
0154 0153 0153 0153 0153 0154 0155 0155 0156 0155 0155 0154.
0154 0153 0152 0152 0151 0151 0150 0150 0149 0148 0147 0147
0147 0147 0147 0149 0152 0156 0159 0162 0162 0162 0161 0160.
0159 0158 0157 0156 0155 0154 0154 0153 0152 0152 0151 0151
0151 0151 0152 0155 0161 0167 0172 0177 0179 0180 0179 0177.
0174 0172 0169 0166 0163 0160 0158 0155 0152 0150 0148 0146
0144 0145 0147 0150 0153 0156 0159 0160 0161 0161 0160 0159.
0158 0157 0156 0154 0153 0152 0151 0149 0147 0145 0143 0141
0140 0140 0143 0148 0154 0161 0166 0170 0171 0170 0168 0165.
0161 0158 0155 0152 0149 0146 0143 0140 0137 0135 0132 0130
0128 0129 0132 0138 0145 0152 0159 0164 0167 0167 0165 0163.
0160 0157 0154 0152 0150 0148 0147 0146 0145 0145 0145 0144
0144 0144 0144 0145 0146 0148 0149 0150 0151 0152 0152 0151.
0150 0149 0148 0147 0146 0145 0144 0143 0143 0142 0142 0141
0140 0140 0141 0145 0150 0156 0161 0164 0165 0165 0163 0161.
0160 0158 0157 0155 0154 0153 0152 0151 0149 0149 0148 0147
0146 0146 0147 0149 0151 0155 0158 0160 0161 0161 0160 0158.
0156 0154 0152 0151 0149 0147 0145 0142 0140 0137 0134 0132
0130 0129 0132 0137 0142 0148 0154 0158 0160 0160 0158 0155.
0153 0151 0150 0148 0147 0145 0143 0142 0140 0139 0138 0136
0135 0134 0136 0140 0146 0152 0158 0162 0164 0163 0161 0158.
0155 0152 0149 0146 0143 0140 0137 0134 0132 0129 0127 0125
0124 0124 0126 0130 0136 0142 0148 0153 0156 0158 0157 0155.
0153 0151 0149 0147 0146 0145 0144 0143 0143 0142 0141 0141
0140 0140 0142 0145 0149 0153 0157 0161 0164 0165 0164 0163.
0161 0160 0158 0157 0156 0155 0154 0153 0153 0152 0152 0151
0151 0151 0151 0151 0152 0153 0154 0155 0156 0156 0156 0156.
0155 0155 0154 0154 0154 0153 0153 0152 0152 0152 0151 0151
0150 0150 0149 0149 0149 0149 0148 0149 0148 0148 0147 0147.
0146 0145 0145 0144 0143 0143 0142 0142 0142 0141 0141 0141
0140 0140 0140 0140 0141 0142 0143 0143 0143 0143 0142 0141.
0141 0140 0139 0138 0137 0137 0136 0136 0135 0135 0134 0134
0133 0133 0133 0134 0135 0136 0138 0139 0139 0139 0139 0138.
0137 0136 0136 0135 0134 0134 0133 0133 0133 0132 0132 0132
0131 0131 0132 0132 0132 0133 0134 0135 0135 0136 0136 0136.
0135 0135 0135 0135 0134 0134 0134 0133 0133 0133 0133 0132
0132 0132 0131 0131 0132 0133 0135 0136 0137 0137 0137 0137.
0137 0136 0136 0136 0135 0135 0135 0134 0134 0133 0133 0132
0132 0131 0131 0132 0132 0133 0133 0133 0134 0134 0133 0133.
0133 0132 0132 0131 0131 0130 0130 0129 0128 0127 0124 0123
0122 0121 0121 0120 0121 0122 0124 0126 0128 0129 0129 0129.
0128 0128 0127 0127 0126 0125 0125 0124 0124 0123 0123 0123
0123 0123 0123 0123 0123 0124 0126 0128 0129 0129 0129 0128=
0185 0185 0184 0184 0184 0183 0182 0182 0181 0181 0180 0180
0180 0180 0180 0181 0182 0183 0184 0186 0187 0187 0187 0186.
0186 0185 0184 0183 0181 0180 0179 0178 0176 0175 0174 0173
0172 0171 0171 0171 0172 0174 0176 0179 0181 0183 0183 0182.
0181 0179 0178 0175 0173 0171 0169 0167 0164 0162 0160 0158
0156 0155 0155 0157 0160 0164 0168 0173 0176 0178 0179 0179.
0177 0176 0175 0173 0172 0170 0168 0166 0164 0162 0160 0158
0156 0155 0155 0157 0160 0164 0169 0173 0176 0179 0180 0180.
0179 0178 0176 0175 0174 0173 0172 0171 0170 0170 0169 0168
0168 0167 0167 0167 0167 0168 0169 0170 0171 0172 0172 0172.
0171 0170 0168 0167 0165 0164 0163 0162 0160 0159 0157 0156
0154 0153 0153 0155 0159 0163 0169 0173 0177 0179 0180 0180.
0179 0178 0176 0175 0173 0172 0170 0169 0168 0167 0166 0165
0164 0164 0164 0164 0164 0165 0165 0166 0166 0166 0166 0166.
0165 0164 0163 0162 0161 0160 0159 0158 0157 0156 0155 0154
0153 0152 0153 0153 0155 0157 0160 0163 0165 0167 0167 0167.
0166 0166 0165 0164 0164 0163 0162 0161 0161 0160 0159 0159
0158 0158 0157 0157 0157 0157 0157 0157 0158 0158 0158 0157.
0157 0157 0156 0156 0155 0155 0154 0154 0153 0153 0152 0152
0151 0151 0151 0151 0152 0154 0156 0158 0160 0160 0161 0160.
0160 0159 0159 0158 0158 0157 0157 0156 0156 0155 0155 0155
0154 0154 0154 0155 0157 0160 0164 0167 0170 0172 0173 0173.
0172 0172 0170 0169 0167 0165 0163 0161 0159 0158 0156 0154
0152 0151 0151 0152 0154 0155 0157 0159 0160 0160 0160 0160.
0160 0159 0159 0158 0157 0156 0155 0154 0153 0152 0150 0149
0147 0147 0147 0148 0151 0154 0158 0162 0164 0165 0166 0165.
0163 0162 0160 0158 0156 0154 0152 0149 0147 0145 0143 0141
0139 0138 0138 0140 0142 0146 0151 0155 0158 0161 0162 0161.
0160 0159 0158 0156 0154 0153 0152 0151 0150 0150 0149 0149
0148 0148 0148 0148 0148 0149 0150 0151 0151 0152 0152 0152.
0152 0152 0151 0151 0150 0149 0149 0148 0147 0147 0146 0146
0145 0145 0145 0145 0147 0150 0154 0157 0159 0160 0160 0160.
0160 0159 0158 0157 0156 0155 0155 0154 0153 0152 0152 0151
0150 0150 0149 0150 0151 0153 0154 0156 0158 0159 0159 0158.
0158 0156 0155 0154 0153 0152 0151 0149 0147 0145 0143 0142
0140 0138 0138 0139 0141 0144 0148 0151 0154 0156 0156 0155.
0154 0153 0152 0152 0151 0150 0148 0147 0146 0145 0144 0143
0142 0141 0141 0141 0144 0147 0150 0154 0157 0158 0159 0158.
0157 0155 0153 0151 0149 0147 0145 0143 0141 0139 0137 0136
0134 0133 0132 0133 0135 0139 0142 0146 0149 0151 0153 0153.
0153 0152 0151 0150 0149 0148 0147 0147 0146 0146 0145 0144
0144 0143 0144 0145 0146 0148 0151 0154 0156 0158 0159 0160.
0159 0159 0158 0157 0157 0156 0156 0155 0154 0154 0153 0153
0153 0152 0152 0152 0152 0153 0153 0154 0154 0155 0155 0155.
0155 0155 0155 0155 0155 0154 0154 0154 0153 0153 0153 0152
0152 0152 0151 0151 0151 0151 0150 0150 0150 0150 0150 0149.
0149 0148 0148 0147 0146 0146 0146 0145 0145 0144 0144 0144
0144 0143 0143 0143 0143 0143 0144 0144 0145 0145 0145 0144.
0143 0143 0142 0142 0141 0141 0140 0140 0139 0139 0138 0138
0137 0137 0137 0137 0137 0138 0138 0139 0140 0140 0140 0140.
0140 0139 0139 0138 0138 0137 0137 0137 0136 0136 0136 0135
0135 0135 0135 0135 0135 0135 0136 0136 0136 0137 0137 0137.
0137 0137 0137 0137 0137 0136 0136 0136 0136 0136 0135 0135
0135 0135 0134 0134 0134 0134 0135 0136 0136 0137 0137 0138.
0138 0138 0137 0137 0137 0137 0137 0136 0136 0136 0136 0135
0135 0134 0134 0134 0134 0134 0135 0135 0135 0135 0135 0135.
0135 0135 0134 0134 0134 0133 0133 0132 0132 0131 0129 0127
0126 0125 0125 0124 0124 0124 0125 0126 0127 0128 0129 0130.
0130 0130 0129 0129 0129 0128 0128 0127 0127 0127 0126 0126
0126 0126 0126 0126 0126 0126 0127 0128 0128 0129 0130 0129=
0193 0193 0193 0193 0193 0193 0193 0193 0193 0193 0193 0193
0193 0193 0193 0193 0193 0193 0193 0193 0193 0193 0194 0194.
0194 0194 0194 0194 0194 0194 0193 0193 0193 0193 0193 0192
0192 0192 0192 0192 0191 0191 0191 0191 0191 0191 0191 0191.
0191 0191 0191 0191 0191 0190 0190 0190 0189 0189 0188 0188
0187 0187 0186 0186 0185 0185 0185 0185 0184 0184 0184 0184.
0185 0185 0185 0185 0185 0185 0184 0184 0184 0184 0183 0183
0183 0182 0182 0182 0181 0181 0181 0181 0181 0181 0181 0181.
0181 0182 0182 0182 0182 0182 0182 0182 0182 0182 0182 0181
0181 0181 0181 0181 0181 0181 0181 0181 0181 0181 0181 0181.
0181 0181 0181 0181 0181 0181 0181 0180 0180 0180 0180 0179
0179 0179 0178 0178 0178 0178 0178 0178 0178 0178 0178 0178.
0179 0179 0179 0179 0179 0179 0179 0179 0179 0179 0179 0179
0179 0179 0179 0178 0178 0178 0178 0178 0178 0178 0178 0178.
0178 0178 0178 0178 0178 0178 0177 0177 0177 0177 0177 0176
0176 0176 0176 0175 0175 0175 0175 0175 0175 0175 0175 0175.
0175 0176 0176 0176 0176 0176 0176 0175 0175 0175 0175 0175
0175 0175 0175 0175 0175 0175 0174 0174 0174 0174 0174 0174.
0174 0174 0174 0174 0174 0173 0173 0173 0173 0173 0173 0172
0172 0172 0172 0172 0172 0172 0172 0172 0172 0172 0172 0172.
0172 0172 0172 0172 0172 0172 0172 0172 0172 0172 0172 0172
0172 0172 0171 0171 0171 0171 0171 0172 0172 0172 0172 0173.
0173 0173 0173 0173 0173 0173 0173 0173 0173 0173 0173 0173
0172 0172 0172 0172 0171 0171 0171 0171 0171 0171 0171 0171.
0171 0171 0171 0171 0171 0171 0171 0170 0170 0170 0170 0170
0170 0169 0169 0169 0169 0168 0169 0169 0169 0169 0169 0169.
0169 0169 0169 0169 0169 0169 0169 0169 0168 0168 0168 0167
0167 0166 0166 0165 0165 0165 0165 0165 0165 0165 0165 0165.
0165 0165 0165 0165 0165 0165 0165 0165 0165 0165 0165 0165
0165 0165 0164 0164 0164 0164 0164 0164 0164 0164 0164 0164.
0164 0164 0164 0164 0164 0164 0164 0164 0164 0164 0164 0164
0164 0164 0163 0163 0163 0163 0163 0163 0164 0164 0164 0164.
0164 0165 0165 0165 0165 0165 0165 0165 0165 0165 0165 0165
0165 0164 0164 0164 0164 0164 0164 0164 0164 0164 0164 0165.
0165 0165 0165 0165 0165 0165 0165 0165 0165 0164 0164 0164
0163 0163 0163 0163 0162 0162 0162 0162 0162 0162 0162 0162.
0162 0162 0162 0162 0162 0162 0162 0162 0162 0161 0161 0161
0161 0161 0161 0160 0160 0160 0160 0160 0160 0160 0160 0160.
0161 0161 0161 0161 0161 0161 0160 0160 0160 0160 0159 0159
0159 0158 0158 0158 0157 0157 0157 0157 0157 0157 0157 0157.
0157 0158 0158 0158 0158 0158 0158 0158 0158 0158 0158 0158
0158 0158 0158 0158 0158 0158 0158 0158 0158 0158 0159 0159.
0159 0159 0160 0160 0160 0160 0160 0160 0160 0160 0160 0160
0161 0160 0161 0161 0161 0161 0161 0161 0161 0161 0161 0161.
0161 0161 0161 0161 0161 0161 0162 0162 0162 0162 0162 0162
0162 0162 0162 0162 0162 0162 0162 0162 0162 0162 0162 0162.
0162 0161 0161 0161 0161 0161 0161 0161 0161 0161 0160 0160
0160 0160 0160 0160 0160 0160 0160 0160 0160 0159 0159 0159.
0159 0159 0159 0159 0159 0159 0158 0158 0158 0158 0158 0158
0158 0157 0157 0157 0157 0157 0157 0157 0157 0157 0157 0157.
0157 0156 0156 0156 0156 0156 0156 0156 0156 0156 0156 0156
0155 0155 0155 0155 0155 0155 0155 0155 0155 0155 0155 0155.
0155 0155 0154 0155 0154 0154 0154 0154 0154 0154 0154 0154
0154 0154 0154 0153 0153 0153 0153 0153 0153 0153 0153 0153.
0153 0153 0153 0153 0153 0153 0153 0153 0153 0153 0153 0153
0153 0153 0153 0153 0153 0153 0153 0153 0152 0152 0152 0152.
0152 0152 0152 0152 0152 0152 0152 0152 0152 0151 0151 0151
0150 0150 0149 0149 0149 0148 0148 0148 0148 0148 0148 0148.
0148 0148 0148 0147 0147 0147 0147 0147 0147 0147 0147 0147
0147 0147 0147 0147 0147 0146 0146 0146 0146 0146 0146 0146=
KB
0205 0205 0205 0205 0205 0205 0205 0205 0205 0205 0205 0205
0205 0205 0204 0204 0204 0204 0204 0204 0204 0204 0204 0204.
0204 0204 0204 0204 0204 0204 0204 0204 0204 0204 0204 0204
0204 0204 0204 0204 0204 0204 0204 0203 0203 0203 0203 0203.
0203 0203 0203 0203 0203 0203 0203 0203 0203 0202 0202 0202
0202 0202 0202 0202 0202 0202 0202 0202 0202 0201 0201 0201.
0201 0201 0201 0201 0200 0200 0200 0200 0200 0200 0200 0200
0200 0200 0200 0199 0199 0199 0199 0199 0199 0199 0199 0198.
0198 0198 0198 0198 0198 0198 0198 0198 0197 0197 0197 0197
0197 0197 0197 0197 0197 0197 0197 0197 0197 0196 0196 0196.
0196 0196 0196 0196 0196 0196 0196 0196 0196 0196 0196 0196
0195 0195 0195 0195 0195 0195 0195 0195 0195 0195 0195 0194.
0194 0194 0194 0194 0194 0194 0194 0194 0194 0194 0194 0194
0194 0194 0194 0194 0193 0193 0193 0193 0193 0193 0193 0193.
0193 0193 0193 0193 0193 0193 0193 0192 0192 0192 0192 0192
0192 0192 0192 0192 0192 0192 0192 0192 0192 0192 0191 0191.
0191 0191 0191 0191 0191 0191 0191 0191 0191 0191 0190 0190
0190 0190 0190 0190 0190 0190 0190 0190 0190 0190 0190 0190.
0190 0190 0189 0189 0189 0189 0189 0189 0189 0189 0189 0189
0189 0189 0189 0189 0188 0188 0188 0188 0188 0188 0188 0188.
0188 0188 0188 0188 0188 0188 0187 0187 0187 0187 0187 0187
0187 0187 0187 0187 0187 0187 0187 0187 0187 0187 0187 0186.
0186 0186 0186 0186 0186 0186 0186 0186 0186 0186 0186 0186
0186 0186 0186 0186 0186 0186 0186 0186 0186 0186 0186 0186.
0186 0186 0186 0186 0185 0185 0185 0185 0185 0185 0185 0185
0185 0185 0185 0185 0185 0185 0185 0185 0184 0184 0184 0184.
0184 0184 0184 0184 0184 0184 0184 0184 0184 0184 0184 0184
0183 0184 0184 0183 0183 0183 0183 0183 0183 0183 0183 0183.
0182 0182 0182 0182 0182 0182 0182 0182 0182 0182 0182 0182
0182 0182 0181 0181 0181 0181 0181 0181 0181 0181 0181 0181.
0181 0181 0181 0181 0181 0180 0180 0180 0180 0180 0180 0180
0180 0180 0180 0180 0180 0180 0180 0180 0180 0180 0179 0179.
0179 0179 0179 0179 0179 0179 0179 0179 0179 0179 0179 0179
0179 0179 0179 0179 0179 0179 0179 0179 0179 0179 0179 0179.
0179 0179 0179 0179 0179 0178 0178 0179 0178 0178 0178 0178
0178 0178 0178 0178 0178 0178 0178 0178 0178 0178 0178 0178.
0178 0178 0178 0178 0177 0178 0177 0177 0177 0177 0177 0177
0177 0177 0177 0177 0177 0177 0177 0177 0177 0176 0176 0176.
0176 0176 0176 0176 0176 0176 0176 0176 0176 0176 0176 0176
0176 0176 0176 0175 0175 0175 0175 0175 0175 0175 0175 0175.
0175 0175 0175 0175 0174 0174 0174 0174 0174 0174 0174 0174
0174 0174 0174 0174 0174 0174 0174 0174 0174 0174 0174 0173.
0174 0173 0173 0173 0173 0173 0173 0173 0173 0173 0173 0173
0173 0173 0173 0173 0173 0173 0173 0173 0173 0173 0173 0173.
0173 0173 0173 0173 0173 0173 0173 0173 0173 0173 0173 0173
0173 0173 0173 0173 0173 0173 0173 0173 0173 0173 0173 0173.
0173 0173 0173 0173 0173 0173 0173 0173 0173 0173 0173 0173
0173 0173 0173 0173 0173 0173 0173 0173 0173 0173 0173 0172.
0172 0172 0172 0172 0172 0172 0172 0172 0172 0172 0172 0172
0172 0172 0172 0172 0172 0172 0172 0171 0171 0171 0171 0171.
0171 0171 0171 0171 0171 0171 0171 0171 0171 0171 0171 0171
0170 0170 0170 0170 0170 0170 0170 0170 0170 0170 0170 0170.
0170 0170 0170 0170 0170 0170 0169 0169 0169 0169 0169 0169
0169 0169 0169 0169 0169 0169 0169 0169 0169 0168 0168 0168.
0168 0168 0168 0168 0168 0168 0168 0168 0168 0168 0168 0168
0168 0167 0167 0167 0167 0167 0167 0167 0167 0167 0167 0167.
0167 0167 0167 0167 0167 0167 0167 0167 0167 0166 0165 0165
0165 0165 0165 0165 0165 0165 0165 0165 0165 0164 0164 0164.
0164 0164 0164 0164 0164 0164 0164 0164 0164 0164 0163 0163
0163 0163 0163 0163 0163 0163 0163 0163 0163 0163 0163 0162=
0221 0221 0221 0221 0221 0221 0221 0221 0221 0221 0221 0221
0221 0221 0221 0221 0221 0221 0221 0221 0221 0221 0221 0221.
0221 0221 0220 0220 0220 0220 0220 0220 0220 0220 0220 0220
0220 0220 0220 0220 0220 0220 0220 0220 0220 0220 0220 0220.
0220 0220 0220 0220 0220 0219 0220 0219 0219 0219 0219 0219
0219 0219 0219 0219 0219 0219 0219 0219 0219 0219 0219 0219.
0219 0219 0219 0219 0219 0219 0219 0219 0218 0218 0218 0218
0218 0218 0218 0218 0218 0218 0218 0218 0218 0218 0218 0218.
0218 0218 0218 0218 0218 0218 0218 0218 0218 0218 0218 0218
0218 0217 0218 0217 0218 0217 0217 0217 0217 0217 0217 0217.
0217 0217 0217 0217 0217 0217 0217 0217 0217 0217 0217 0217
0217 0217 0217 0216 0217 0217 0217 0216 0216 0216 0216 0216.
0216 0216 0216 0216 0216 0216 0216 0216 0216 0216 0216 0216
0216 0216 0216 0216 0216 0216 0215 0215 0215 0215 0215 0215.
0215 0215 0215 0215 0215 0215 0215 0215 0215 0215 0215 0215
0215 0215 0215 0215 0215 0215 0214 0214 0214 0214 0214 0214.
0214 0214 0214 0214 0214 0214 0214 0214 0214 0214 0214 0214
0214 0214 0214 0214 0214 0214 0213 0213 0213 0213 0213 0213.
0213 0213 0213 0213 0213 0213 0213 0213 0213 0213 0213 0213
0213 0213 0213 0213 0212 0213 0212 0212 0212 0212 0212 0212.
0212 0212 0212 0212 0212 0212 0212 0212 0212 0212 0212 0212
0212 0212 0212 0212 0212 0211 0211 0211 0211 0211 0211 0211.
0211 0211 0211 0211 0211 0211 0211 0211 0211 0211 0211 0211
0211 0211 0210 0210 0210 0210 0210 0210 0210 0210 0210 0210.
0210 0210 0210 0210 0210 0210 0210 0210 0210 0210 0210 0210
0210 0210 0210 0210 0209 0209 0209 0209 0209 0209 0209 0209.
0209 0209 0209 0209 0209 0209 0209 0209 0209 0209 0209 0209
0209 0209 0209 0209 0208 0208 0208 0208 0208 0208 0208 0208.
0208 0208 0208 0208 0208 0208 0208 0208 0208 0208 0208 0208
0208 0208 0208 0208 0207 0207 0207 0207 0207 0207 0207 0207.
0207 0207 0207 0207 0207 0207 0207 0207 0207 0207 0207 0207
0207 0207 0207 0207 0207 0207 0207 0206 0206 0206 0206 0206.
0206 0206 0206 0206 0206 0206 0206 0206 0206 0206 0206 0206
0206 0206 0206 0206 0206 0206 0206 0205 0205 0205 0205 0205.
0205 0205 0205 0205 0205 0205 0205 0205 0205 0205 0205 0205
0205 0205 0205 0205 0205 0205 0205 0204 0204 0204 0204 0204.
0204 0204 0204 0204 0204 0204 0204 0204 0204 0204 0204 0204
0204 0204 0204 0204 0204 0204 0204 0203 0204 0203 0203 0203.
0203 0203 0203 0203 0203 0203 0203 0203 0203 0203 0203 0203
0203 0203 0203 0203 0203 0203 0203 0203 0203 0202 0202 0202.
0202 0202 0202 0202 0202 0202 0202 0202 0202 0202 0202 0202
0202 0202 0202 0202 0202 0202 0202 0202 0202 0202 0202 0202.
0201 0201 0201 0201 0201 0201 0201 0201 0201 0201 0201 0201
0201 0201 0201 0201 0201 0201 0201 0201 0201 0201 0201 0200.
0200 0200 0200 0200 0200 0200 0200 0200 0200 0200 0200 0200
0200 0200 0200 0200 0200 0200 0200 0200 0200 0200 0200 0200.
0199 0199 0199 0199 0199 0199 0199 0199 0199 0199 0199 0199
0199 0199 0199 0199 0199 0199 0199 0199 0199 0199 0199 0199.
0199 0199 0199 0198 0199 0199 0198 0198 0198 0198 0198 0198
0198 0198 0198 0198 0198 0198 0198 0198 0198 0198 0198 0198.
0198 0198 0198 0198 0198 0198 0197 0197 0197 0197 0197 0197
0197 0197 0197 0197 0197 0197 0197 0197 0197 0197 0197 0197.
0197 0197 0197 0197 0197 0197 0197 0197 0197 0197 0197 0197
0196 0196 0196 0196 0196 0196 0196 0196 0196 0196 0196 0196.
0196 0196 0196 0196 0196 0196 0196 0196 0196 0196 0196 0196
0195 0195 0195 0195 0195 0195 0195 0195 0195 0195 0195 0195.
0195 0195 0195 0195 0195 0195 0195 0195 0195 0195 0194 0194
0194 0194 0194 0194 0194 0194 0194 0194 0194 0194 0194 0194.
0193 0193 0193 0193 0193 0193 0193 0193 0193 0193 0193 0193
0193 0193 0193 0193 0193 0193 0193 0193 0192 0192 0192 0192=
0217 0217 0217 0217 0217 0217 0217 0217 0217 0217 0217 0217
0217 0217 0217 0217 0217 0217 0217 0217 0217 0217 0217 0217.
0217 0217 0217 0217 0217 0217 0217 0217 0217 0217 0217 0217
0217 0217 0217 0217 0217 0217 0217 0217 0217 0217 0217 0217.
0217 0217 0217 0217 0217 0217 0217 0217 0217 0217 0217 0217
0217 0217 0217 0217 0217 0217 0217 0217 0217 0217 0217 0217.
0217 0217 0217 0217 0217 0217 0217 0217 0217 0217 0217 0217
0217 0217 0217 0217 0217 0217 0217 0217 0217 0217 0217 0217.
0217 0217 0217 0217 0217 0217 0217 0217 0217 0217 0217 0217
0217 0217 0217 0217 0217 0216 0217 0217 0217 0216 0216 0216.
0216 0216 0216 0216 0216 0216 0217 0216 0216 0216 0216 0216
0216 0216 0217 0216 0217 0217 0217 0216 0216 0216 0216 0216.
0216 0216 0216 0216 0216 0216 0216 0216 0216 0216 0216 0216
0216 0216 0216 0216 0216 0216 0216 0216 0216 0216 0216 0216.
0216 0216 0216 0216 0216 0216 0216 0216 0216 0216 0216 0216
0216 0216 0216 0216 0216 0216 0216 0216 0216 0216 0216 0216.
0216 0216 0216 0216 0216 0216 0216 0216 0216 0216 0216 0216
0216 0216 0216 0216 0216 0216 0216 0216 0216 0216 0216 0216.
0216 0216 0216 0216 0216 0216 0216 0216 0216 0216 0216 0216
0216 0216 0216 0216 0216 0216 0216 0216 0216 0216 0216 0216.
0216 0216 0216 0216 0216 0216 0216 0216 0216 0216 0216 0216
0216 0216 0216 0216 0216 0216 0216 0216 0216 0216 0215 0215.
0215 0215 0215 0215 0215 0215 0215 0215 0215 0215 0215 0215
0215 0215 0215 0215 0215 0215 0215 0215 0215 0215 0215 0215.
0215 0215 0215 0215 0215 0215 0215 0215 0215 0215 0215 0215
0215 0215 0215 0215 0215 0215 0215 0215 0215 0215 0215 0215.
0215 0215 0215 0215 0215 0215 0215 0215 0215 0215 0215 0215
0215 0215 0215 0215 0215 0215 0215 0215 0215 0215 0215 0215.
0215 0215 0215 0215 0215 0215 0215 0215 0215 0215 0215 0215
0215 0215 0215 0215 0215 0215 0215 0215 0215 0215 0215 0215.
0215 0214 0214 0214 0215 0214 0215 0214 0215 0214 0214 0214
0214 0214 0214 0214 0214 0214 0214 0214 0214 0214 0214 0214.
0214 0214 0214 0214 0214 0214 0214 0214 0214 0214 0214 0214
0214 0214 0214 0214 0214 0214 0214 0214 0214 0214 0214 0214.
0214 0214 0214 0214 0214 0214 0214 0214 0214 0214 0214 0214
0214 0214 0214 0214 0214 0214 0214 0214 0214 0214 0214 0214.
0214 0214 0214 0214 0214 0214 0214 0214 0214 0214 0214 0214
0214 0214 0214 0214 0214 0214 0214 0214 0214 0213 0213 0214.
0213 0213 0213 0213 0213 0213 0213 0213 0213 0213 0213 0213
0213 0213 0213 0213 0213 0213 0213 0213 0213 0213 0213 0213.
0213 0213 0213 0213 0213 0213 0213 0213 0213 0213 0213 0213
0213 0213 0213 0213 0213 0213 0213 0213 0213 0213 0213 0213.
0213 0213 0213 0213 0213 0213 0213 0213 0213 0213 0213 0213
0213 0213 0213 0213 0213 0213 0213 0213 0213 0213 0213 0213.
0213 0213 0212 0212 0212 0212 0212 0212 0212 0212 0212 0212
0212 0212 0212 0212 0212 0212 0212 0212 0212 0212 0212 0212.
0212 0212 0212 0212 0212 0212 0212 0212 0212 0212 0212 0212
0212 0212 0212 0212 0212 0212 0212 0212 0212 0212 0212 0212.
0212 0212 0212 0212 0212 0212 0212 0212 0212 0212 0212 0212
0212 0212 0212 0212 0212 0212 0212 0212 0212 0212 0212 0212.
0212 0212 0212 0212 0211 0211 0211 0211 0211 0211 0211 0211
0211 0211 0211 0211 0211 0211 0211 0211 0211 0211 0211 0211.
0211 0211 0211 0211 0211 0211 0211 0211 0211 0211 0211 0211
0211 0211 0211 0211 0211 0211 0211 0211 0211 0211 0211 0211.
0211 0211 0211 0211 0211 0211 0211 0211 0211 0211 0211 0211
0211 0211 0211 0211 0211 0211 0211 0211 0211 0211 0211 0211.
0211 0210 0210 0211 0211 0211 0211 0211 0211 0210 0210 0210
0210 0210 0210 0210 0210 0210 0210 0210 0210 0210 0210 0210.
0210 0210 0210 0210 0210 0210 0210 0210 0210 0210 0210 0210
0210 0210 0210 0210 0210 0210 0210 0210 0209 0210 0209 0209=
A=
SA=
BA
0146 0149 0152 0148 0151 0152 0152 0151 0149 0148 0148 0169
0191 0203 0214 0223 0227 0241 0180 0154 0142 0143 0141 0139 0258 1313 0138 1928.
0122 0115 0113 0117 0113 0104 0108 0108 0102 0114 0116 0125
0140 0153 0163 0205 0257 0235 0247 0206 0160 0142 0133 0097 0306 1344 0096 1959.
0071 0071 0067 0061 0060 0050 0057 0038 0037 0027 0056 0104
0167 0230 0264 0284 0292 0298 0280 0239 0172 0135 0137 0127 0315 1252 0026 0554.
0128 0111 0086 0082 0074 0063 0055 0046 0050 0042 0049 0102
0186 0232 0261 0287 0302 0294 0286 0241 0184 0139 0109 0100 0320 1312 0042 0559.
0111 0136 0127 0133 0128 0127 0123 0122 0120 0117 0121 0122
0128 0147 0159 0172 0189 0178 0216 0179 0161 0103 0094 0080 0239 1445 0080 1959.
0083 0075 0086 0116 0115 0079 0084 0062 0073 0055 0052 0119
0172 0244 0275 0315 0329 0327 0303 0270 0192 0138 0136 0117 0343 1310 0048 0649.
0119 0099 0117 0103 0118 0118 0112 0118 0106 0105 0114 0125
0146 0155 0164 0164 0183 0160 0135 0124 0119 0117 0101 0102 0187 1256 0091 2217.
0099 0101 0098 0098 0098 0098 0090 0071 0074 0089 0092 0108
0135 0160 0182 0208 0214 0231 0198 0154 0141 0127 0114 0121 0252 1403 0069 0351.
0122 0119 0122 0119 0117 0114 0115 0113 0113 0113 0115 0105
0103 0111 0122 0123 0118 0128 0125 0120 0120 0112 0112 0112 0134 1313 0101 0905.
0111 0111 0110 0111 0111 0109 0109 0104 0096 0106 0108 0120
0127 0150 0170 0222 0201 0191 0163 0141 0132 0128 0126 0112 0231 1156 0083 0443.
0116 0115 0116 0112 0114 0111 0112 0113 0111 0112 0112 0119
0134 0167 0261 0280 0259 0283 0290 0247 0180 0153 0134 0126 0308 1214 0111 0022.
0108 0101 0077 0083 0078 0070 0064 0056 0074 0060 0080 0119
0165 0178 0179 0185 0210 0190 0166 0160 0145 0123 0110 0110 0229 1311 0055 0347.
0119 0109 0104 0104 0091 0083 0087 0072 0054 0077 0058 0108
0183 0221 0264 0284 0285 0268 0233 0208 0152 0105 0091 0066 0295 1317 0049 0516.
0079 0056 0057 0045 0039 0040 0030 0028 0030 0027 0025 0086
0134 0204 0254 0274 0291 0283 0262 0220 0160 0105 0089 0091 0304 1307 0024 0541.
0079 0076 0076 0091 0104 0106 0108 0109 0111 0108 0107 0110
0118 0137 0137 0150 0148 0143 0133 0144 0130 0118 0113 0107 0154 1243 0073 2227.
0104 0101 0101 0100 0090 0098 0098 0104 0098 0094 0091 0106
0123 0152 0217 0214 0234 0235 0193 0167 0144 0127 0128 0117 0273 1239 0085 0109.
0111 0111 0110 0107 0110 0105 0105 0104 0102 0102 0100 0113
0133 0161 0176 0205 0220 0210 0189 0170 0146 0123 0119 0116 0232 1236 0099 0617.
0103 0096 0080 0078 0062 0056 0041 0039 0030 0028 0027 0067
0122 0193 0236 0244 0241 0255 0223 0210 0137 0113 0100 0099 0275 1342 0023 0652.
0097 0098 0093 0090 0085 0080 0074 0079 0080 0066 0045 0085
0132 0208 0244 0259 0276 0267 0251 0203 0150 0103 0082 0061 0279 1330 0045 0648.
0061 0075 0056 0041 0035 0029 0028 0039 0028 0035 0039 0055
0108 0162 0210 0254 0239 0261 0236 0214 0160 0118 0094 0094 0278 1348 0024 0506.
0085 0102 0109 0101 0108 0113 0110 0100 0100 0105 0101 0106
0154 0177 0207 0218 0239 0265 0249 0210 0166 0150 0146 0125 0273 1415 0083 2105.
0131 0126 0129 0127 0125 0119 0125 0127 0127 0127 0129 0131
0140 0142 0142 0150 0170 0166 0165 0159 0143 0137 0134 0137 0179 1318 0118 0131.
0137 0131 0130 0126 0125 0126 0128 0126 0124 0123 0124 0120
0120 0120 0123 0120 0125 0125 0122 0122 0115 0111 0109 0108 0138 2034 0108 1847.
0109 0110 0111 0111 0108 0109 0111 0110 0110 0110 0109 0111
0115 0117 0124 0125 0131 0124 0128 0113 0106 0105 0104 0101 0136 1234 0101 1950.
0103 0102 0099 0097 0098 0101 0102 0099 0100 0095 0091 0096
0103 0113 0131 0135 0132 0135 0125 0113 0107 0105 0105 0104 0160 1332 0091 0640.
0102 0102 0101 0101 0101 0100 0100 0098 0096 0097 0098 0100
0104 0112 0113 0112 0115 0118 0118 0122 0114 0109 0108 0105 0124 1540 0096 0412.
0107 0106 0104 0105 0105 0105 0104 0105 0102 0104 0104 0105
0106 0107 0124 0120 0127 0127 0131 0133 0119 0115 0114 0112 0143 1332 0101 2252.
0113 0112 0113 0113 0111 0107 0107 0106 0104 0102 0100 0103
0109 0123 0123 0112 0108 0104 0104 0102 0101 0098 0098 0097 0125 1006 0097 1741.
0095 0096 0097 0095 0093 0094 0096 0092 0091 0086 0086 0087
0088 0091 0103 0124 0122 0127 0136 0133 0108 0101 0100 0099 0154 1521 0085 0528.
0097 0095 0091 0091 0092 0092 0093 0093 0094 0094 0094 0103
0104 0096 0100 0099 0135 0128 0128 0111 0101 0095 0091 0058 0139 1301 0058 1958=
=
??????
******
YF
19011










=
JY
8888=
GK
01/
05/=
BZ
10/03/08;14;20

10/24/24
11/=
######
