57461 3042N 11118E 001331 001343 105 000 S14 11111999919199111991 0 2016 01
PC
0158 0158 0158 0154 0149 0144 0139 0131 0124 0125 0129 0131
0135 0135 0133 0123 0108 0095 0086 0088 0089 0089 0094 0096 0159 2102 0085 1452.
0102 0097 0101 0099 0089 0083 0083 0080 0066 0061 0072 0079
0080 0083 0079 0066 0048 0041 0035 0035 0035 0037 0038 0043 0103 2043 0031 1639.
0045 0048 0045 0043 0042 0037 0035 0033 0031 0034 0041 0050
0058 0061 0059 0050 0036 0024 0019 0019 0025 0032 0040 0047 0061 0958 0018 1459.
0048 0052 0056 0051 0050 0047 0045 0041 0036 0039 0048 0055
0063 0071 0070 0063 0050 0042 0039 0037 0040 0046 0051 0060 0073 1015 0034 0509.
0066 0069 0070 0066 0065 0062 0062 0062 0060 0064 0075 0086
0094 0100 0097 0087 0078 0071 0071 0072 0076 0081 0089 0096 0100 0937 0059 2003.
0107 0111 0113 0113 0110 0108 0105 0111 0110 0110 0118 0130
0140 0151 0152 0144 0132 0125 0124 0126 0129 0130 0133 0138 0152 1059 0097 2001.
0143 0148 0148 0146 0144 0144 0139 0140 0139 0137 0141 0152
0165 0176 0175 0170 0159 0149 0141 0140 0139 0138 0141 0143 0176 0959 0133 0528.
0145 0143 0142 0137 0134 0128 0123 0118 0118 0118 0125 0122
0129 0132 0130 0122 0110 0101 0101 0101 0098 0099 0103 0109 0145 2035 0098 1659.
0112 0114 0110 0106 0101 0096 0091 0088 0083 0083 0091 0097
0100 0104 0103 0095 0083 0075 0071 0071 0073 0079 0085 0088 0115 2131 0069 1524.
0092 0094 0094 0086 0086 0081 0079 0075 0075 0076 0077 0082
0086 0089 0092 0084 0079 0075 0071 0075 0079 0086 0089 0096 0096 1955 0071 1456.
0101 0105 0108 0111 0110 0109 0108 0103 0098 0108 0109 0119
0122 0127 0127 0119 0114 0107 0104 0108 0111 0118 0126 0129 0129 1958 0096 2001.
0142 0141 0144 0146 0149 0156 0139 0134 0142 0142 0144 0148
0155 0163 0161 0153 0140 0132 0126 0126 0125 0132 0142 0146 0163 0946 0125 1452.
0147 0148 0149 0151 0146 0147 0149 0142 0142 0142 0140 0144
0149 0151 0146 0134 0119 0106 0096 0096 0097 0101 0105 0111 0152 0930 0095 1519.
0112 0111 0110 0108 0106 0104 0103 0099 0095 0095 0095 0096
0102 0111 0111 0099 0082 0069 0063 0060 0061 0065 0072 0076 0114 1019 0059 1553.
0078 0079 0076 0069 0062 0058 0053 0047 0043 0043 0046 0050
0050 0053 0049 0034 0015 0003 9999 0003 0011 0014 0020 0026 0080 2145 9998 1449.
0032 0036 0038 0030 0027 0023 0017 0014 0012 0016 0022 0024
0026 0024 0026 0020 0011 0003 0001 0004 0010 0016 0022 0034 0038 2247 0000 1509.
0036 0042 0043 0041 0046 0048 0047 0043 0040 0045 0049 0056
0061 0064 0069 0059 0049 0038 0032 0029 0031 0036 0043 0054 0069 1039 0029 1557.
0058 0059 0058 0055 0051 0049 0050 0049 0049 0052 0060 0072
0089 0101 0104 0099 0091 0085 0086 0090 0095 0101 0107 0114 0114 1957 0047 0508.
0120 0126 0129 0124 0123 0120 0120 0123 0123 0125 0129 0133
0139 0142 0140 0132 0117 0107 0099 0097 0096 0099 0105 0110 0143 1026 0095 1634.
0119 0125 0130 0128 0125 0122 0119 0120 0115 0117 0126 0131
0135 0142 0148 0139 0127 0113 0108 0110 0113 0118 0126 0135 0149 1049 0107 1502.
0141 0150 0151 0150 0148 0149 0147 0142 0137 0138 0144 0146
0149 0153 0151 0143 0127 0111 0104 0103 0102 0105 0109 0115 0154 0949 0101 1654.
0122 0122 0129 0134 0133 0133 0132 0135 0136 0142 0149 0158
0169 0180 0188 0187 0177 0170 0175 0187 0197 0210 0225 0247 0247 1959 0115 2001.
0263 0271 0277 0274 0279 0275 0275 0272 0273 0275 0281 0286
0290 0294 0288 0276 0257 0243 0236 0232 0236 0247 0257 0268 0294 0922 0231 1549.
0274 0280 0282 0288 0294 0296 0298 0298 0296 0297 0303 0307
0313 0315 0312 0301 0284 0270 0260 0251 0252 0261 0270 0278 0315 0959 0250 1629.
0282 0283 0280 0273 0268 0260 0255 0245 0234 0229 0229 0229
0233 0232 0228 0216 0200 0181 0170 0163 0160 0163 0167 0171 0284 2120 0158 1708.
0174 0175 0175 0175 0170 0163 0159 0156 0149 0152 0149 0151
0155 0158 0154 0141 0131 0118 0112 0111 0113 0110 0111 0113 0177 2336 0108 1815.
0122 0122 0115 0116 0115 0108 0102 0094 0089 0089 0092 0094
0097 0102 0099 0091 0074 0065 0059 0061 0061 0065 0072 0078 0126 2118 0058 1508.
0085 0087 0084 0080 0082 0081 0077 0071 0067 0066 0077 0084
0090 0094 0096 0087 0074 0064 0061 0064 0072 0076 0087 0094 0098 1037 0060 1448.
0103 0102 0108 0109 0112 0109 0106 0108 0109 0110 0113 0119
0122 0125 0124 0119 0109 0098 0092 0094 0101 0104 0112 0118 0126 0937 0092 1439.
0127 0129 0132 0130 0128 0127 0122 0114 0109 0112 0113 0121
0123 0132 0136 0128 0108 0095 0109 0114 0117 0121 0126 0136 0137 1042 0093 1405.
0139 0142 0146 0150 0151 0146 0141 0134 0133 0142 0146 0154
0161 0172 0180 0175 0166 0159 0161 0164 0174 0180 0194 0207 0207 1952 0127 0416=
0309 0297 0259 0262
0247 0245 0205 0208
0201 0216 0187 0212
0210 0220 0207 0225
0227 0252 0237 0263
0275 0298 0293 0306
0312 0320 0318 0311
0297 0291 0269 0277
0264 0265 0242 0256
0249 0250 0242 0264
0276 0287 0274 0297
0325 0317 0302 0316
0317 0314 0275 0280
0272 0264 0235 0243
0225 0218 0169 0194
0188 0191 0169 0201
0215 0223 0203 0220
0214 0239 0252 0282
0287 0301 0275 0278
0290 0300 0282 0304
0319 0317 0281 0286
0303 0329 0341 0420
0448 0460 0415 0442
0470 0482 0443 0452
0433 0403 0352 0343
0333 0322 0287 0283
0276 0262 0232 0246
0248 0251 0231 0262
0277 0287 0265 0286
0294 0289 0263 0305
0315 0324 0329 0379=
TB
0091 0084 0083 0082 0080 0079 0078 0077 0079 0077 0077 0078
0080 0088 0098 0112 0120 0139 0141 0140 0131 0119 0111 0095 0144 1425 0076 0618.
0091 0083 0078 0075 0071 0069 0069 0068 0067 0063 0061 0063
0071 0085 0101 0114 0120 0124 0130 0130 0121 0112 0108 0095 0134 1516 0060 0649.
0088 0081 0077 0070 0064 0059 0058 0057 0060 0059 0051 0055
0061 0068 0100 0130 0143 0161 0172 0159 0140 0123 0107 0095 0175 1449 0046 0715.
0090 0086 0085 0079 0079 0079 0079 0075 0071 0077 0082 0082
0083 0082 0085 0088 0095 0096 0098 0096 0097 0097 0098 0097 0099 1456 0071 0442.
0097 0095 0095 0095 0094 0092 0093 0083 0074 0068 0065 0066
0067 0068 0069 0069 0067 0067 0066 0066 0067 0065 0062 0061 0097 2001 0061 1941.
0061 0059 0059 0058 0058 0058 0057 0056 0055 0054 0054 0054
0054 0054 0054 0056 0059 0063 0068 0068 0068 0062 0058 0060 0070 1544 0054 0557.
0063 0064 0063 0063 0064 0064 0064 0066 0064 0063 0063 0065
0062 0050 0036 0028 0028 0033 0037 0041 0041 0042 0041 0042 0066 0347 0026 1209.
0043 0045 0045 0045 0044 0041 0039 0039 0033 0034 0039 0039
0039 0041 0042 0045 0049 0054 0054 0054 0054 0051 0050 0047 0057 1442 0031 0548.
0045 0044 0045 0046 0046 0047 0045 0048 0048 0046 0045 0045
0045 0049 0054 0059 0055 0053 0050 0050 0050 0049 0049 0049 0059 1159 0043 2215.
0051 0050 0050 0045 0045 0045 0047 0046 0046 0046 0047 0047
0049 0056 0060 0064 0066 0063 0063 0062 0060 0058 0056 0057 0066 1259 0042 0041.
0058 0059 0058 0058 0056 0056 0057 0058 0056 0057 0051 0051
0052 0055 0058 0063 0071 0075 0070 0068 0067 0060 0056 0051 0076 1350 0051 0654.
0047 0044 0037 0032 0030 0032 0027 0025 0024 0022 0021 0022
0023 0024 0024 0025 0027 0031 0035 0036 0034 0034 0035 0033 0051 2001 0020 0619.
0032 0028 0025 0021 0019 0018 0017 0016 0017 0018 0019 0021
0027 0032 0036 0043 0051 0058 0063 0067 0065 0063 0060 0054 0067 1529 0016 0348.
0052 0050 0049 0046 0045 0042 0041 0041 0040 0039 0038 0040
0047 0055 0065 0075 0086 0096 0097 0099 0095 0086 0076 0065 0101 1503 0037 0706.
0057 0045 0039 0037 0031 0024 0020 0019 0016 0014 0010 0013
0024 0042 0066 0084 0089 0096 0090 0075 0057 0051 0053 0055 0101 1416 0010 0654.
0054 0055 0055 0056 0057 0056 0055 0052 0046 0042 0041 0041
0042 0043 0046 0045 0047 0047 0049 0051 0054 0054 0055 0055 0057 0010 0040 0704.
0056 0056 0053 0050 0051 0050 0050 0051 0050 0043 0040 0041
0049 0062 0086 0105 0119 0126 0130 0132 0122 0110 0099 0085 0132 1417 0036 0734.
0075 0064 0055 0053 0045 0041 0041 0036 0030 0032 0036 0035
0036 0050 0067 0074 0078 0077 0081 0078 0074 0068 0065 0063 0085 2001 0030 0454.
0060 0057 0056 0052 0050 0048 0045 0042 0041 0037 0036 0035
0037 0041 0052 0053 0059 0058 0060 0059 0057 0055 0054 0053 0063 2001 0035 0712.
0050 0050 0047 0046 0045 0043 0043 0042 0041 0042 0040 0039
0038 0037 0025 0021 0023 0026 0026 0027 0030 0031 0031 0032 0053 2001 0021 1157.
0033 0032 0031 0028 0023 0017 0012 0009 0001 -006 -006 -005
-004 0000 0006 0012 0016 0020 0021 0023 0026 0022 0022 0022 0034 2035 -007 0607.
0022 0022 0020 0019 0018 0016 0016 0010 0004 0004 0004 0004
0009 0014 0018 0024 0029 0033 0037 0031 0033 0025 0018 0015 0039 1515 0003 0512.
0006 0005 0004 0000 -001 -001 -003 -005 -007 -008 -010 -010
-008 0002 0011 0020 0027 0033 0038 0040 0032 0022 0015 0012 0045 1419 -012 0742.
0005 -002 -008 -012 -017 -019 -015 -020 -018 -019 -023 -022
-012 0003 0016 0019 0031 0038 0045 0050 0040 0023 0013 0007 0054 1539 -027 0748.
-003 -008 -013 -020 -025 -028 -033 -034 -035 -037 -042 -042
-026 -002 0017 0032 0048 0060 0068 0070 0059 0050 0042 0034 0075 1518 -044 0711.
0026 0020 0013 0011 0010 0002 -004 -006 -007 0000 0000 0001
0010 0021 0035 0048 0053 0063 0064 0063 0062 0057 0052 0047 0065 1401 -008 0412.
0037 0035 0034 0031 0030 0029 0028 0026 0026 0027 0030 0030
0034 0040 0054 0059 0075 0079 0077 0077 0078 0071 0065 0061 0080 1421 0025 0408.
0058 0056 0055 0053 0055 0053 0053 0051 0050 0049 0049 0050
0053 0055 0058 0061 0064 0064 0065 0068 0066 0062 0060 0055 0068 1556 0049 0519.
0051 0049 0049 0049 0049 0048 0047 0048 0048 0046 0046 0047
0055 0059 0066 0071 0081 0081 0082 0077 0071 0066 0063 0059 0092 1447 0045 0614.
0058 0056 0054 0052 0049 0046 0045 0042 0037 0036 0035 0036
0035 0038 0041 0046 0051 0051 0050 0051 0052 0050 0047 0048 0059 2001 0033 0617.
0047 0045 0042 0032 0029 0029 0028 0030 0028 0024 0016 0008
0003 0005 0008 0016 0026 0030 0031 0030 0028 0025 0022 0020 0048 2001 0003 0843=
IB
=
0008 0018 0023 0027 0023 0017 0016 0020 0032 0037 0037 0040
0042 0036 0040 0025 0025 0022 0017 0023 0021 0026 0029 0041.
0043 0039 0047 0041 0039 0047 0047 0046 0040 0046 0039 0041
0041 0051 0057 0053 0061 0058 0057 0061 0078 0079 0075 0073.
0071 0061 0068 0058 0052 0052 0052 0053 0056 0056 0048 0052
0054 0061 0095 0068 0059 0057 0055 0066 0075 0072 0076 0073.
0074 0074 0070 0065 0071 0070 0070 0066 0059 0063 0070 0071
0066 0074 0081 0084 0089 0082 0090 0088 0085 0091 0092 0091.
0091 0090 0090 0090 0089 0087 0088 0075 0060 0051 0045 0048
0049 0046 0047 0042 0038 0045 0044 0046 0047 0035 0030 0024.
0031 0024 0031 0030 0031 0035 0034 0028 0032 0032 0029 0032
0032 0031 0032 0028 0037 0040 0043 0046 0048 0045 0041 0051.
0051 0054 0054 0054 0055 0055 0057 0059 0058 0057 0057 0059
0015 0027 0021 0012 0019 0017 0021 0025 0028 0024 0025 0030.
0030 0030 0033 0033 0034 0028 0026 0027 0026 0028 0035 0035
0030 0034 0035 0036 0036 0037 0036 0036 0036 0034 0035 0029.
0032 0031 0032 0031 0031 0032 0033 0036 0036 0034 0035 0035
0033 0034 0031 0039 0040 0038 0033 0029 0032 0034 0040 0040.
0042 0043 0043 0033 0035 0041 0038 0042 0042 0042 0038 0043
0045 0049 0045 0044 0043 0048 0048 0050 0051 0048 0041 0043.
0048 0045 0049 0051 0050 0050 0047 0054 0052 0053 0042 0034
0039 0038 0031 0031 0030 0016 -005 0000 -005 -009 -002 -003.
-003 0000 -003 -014 -010 -012 -009 -011 -019 -023 -022 -019
-019 -009 -012 -009 -002 -005 -009 0001 -004 0003 0007 0004.
-004 -006 -006 -015 -019 -013 -014 -013 -017 -009 -008 -010
0004 0004 0005 0012 0010 0010 0004 -007 -007 -011 -007 -020.
-015 -010 -015 -010 -007 -010 -009 0010 0010 0006 0013 0014
0019 0016 0020 0018 0006 0000 0001 0000 -004 0001 -004 0000.
0003 -005 0009 0021 0018 0011 0010 0007 0009 0007 -002 0007
0020 0033 0027 0026 0018 0027 0036 0030 0029 0028 0033 0028.
0032 0035 0035 0036 0039 0036 0035 0037 0036 0035 0035 0037
0038 0039 0036 0038 0040 0040 0043 0045 0048 0042 0048 0041.
0042 0044 0043 0043 0045 0041 0046 0047 0041 0039 0036 0038
0046 0045 0040 0031 0018 0019 0017 0015 0015 0021 0027 0023.
0030 0030 0033 0038 0035 0031 0034 0026 0024 0026 0030 0031
0018 0006 0002 0006 0012 0015 0013 -063 -063 -062 -052 -054.
-047 -036 -032 -017 -010 -016 -026 -024 -021 -023 -024 -042
-038 -041 -031 -057 -070 -074 -076 -080 -082 -087 -100 -097.
-072 -048 -041 -034 -033 -028 -023 -020 -019 -020 -031 -029
-026 -023 -009 0000 0007 0005 0011 0011 0004 0005 0000 -001.
-011 -019 -018 -029 -032 -024 -017 -013 -013 -016 -016 -015
-020 -011 -008 -015 -006 -006 -010 -015 -012 -009 -005 -009.
-001 0003 0002 -007 -009 -025 -023 -019 -014 -005 -003 -003
0002 0004 0003 0001 -009 -035 -036 -035 -039 -034 -027 -026.
-023 -038 -041 -043 -051 -055 -053 -053 -057 -062 -082 -089
-124 -124 -120 -099 -095 -100 -110 -101 -101 -106 -103 -103.
-095 -086 -080 -078 -080 -082 -050 -040 -071 -125 -132 -128
-093 -130 -109 -106 -105 -118 -124 -120 -120 -112 -108 -114.
-120 -140 -141 -118 -101 -089 -085 -092 -093 -075 -090 -070
-068 -094 -095 -088 -090 -091 -096 -078 -073 -072 -067 -060.
-063 -056 -060 -054 -031 -030 -033 -036 -039 -043 -048 -049
-031 -024 -016 -028 -048 -039 -041 -036 -040 -036 -033 -026.
-029 -031 -017 -011 -014 -011 -010 -016 -003 -001 -005 -012
-019 -026 -020 -027 -022 -019 -023 -015 -022 -013 -012 -004.
-009 -005 -010 -003 -005 -010 -010 -005 -012 -009 -011 -017
-016 -019 -007 -018 -022 -013 -009 -002 -002 0003 -001 0005.
0007 0014 0014 0016 0012 0011 0010 0009 0004 0011 0018 0010
0016 0014 0003 -013 -017 -020 -024 -018 -016 -020 -016 -020.
-014 -015 -013 -010 -011 -016 -007 -012 -011 -010 -011 -015
-029 -024 -017 -018 -016 -016 -010 -009 -010 -012 -009 -004.
0003 -001 -004 0006 0013 0014 0015 0023 0021 0015 0007 -003
-007 -001 0004 0012 0013 0017 0008 0001 0000 -004 -009 -011=
EA
065 069 072 074 072 069 069 070 077 080 080 081
083 079 081 073 073 071 069 072 071 074 075 082.
083 081 086 082 081 086 086 085 081 085 081 082
082 088 091 089 094 092 091 094 106 106 104 102.
101 094 099 092 088 088 088 089 091 091 086 088
089 094 119 099 093 091 090 097 104 101 104 102.
103 103 100 097 101 100 100 097 093 096 100 101
097 103 108 110 114 109 115 113 111 115 116 115.
115 115 115 115 114 113 114 104 094 088 084 086
086 085 086 083 080 084 084 085 085 078 076 072.
076 072 076 076 076 078 078 075 077 077 075 077
077 076 077 075 080 081 083 085 086 084 082 088.
088 089 090 090 090 090 091 093 092 092 092 093
068 074 071 066 070 069 071 073 074 073 073 076.
076 076 077 077 078 074 073 074 074 075 078 078
076 078 078 079 079 080 079 079 079 078 078 075.
077 076 077 076 076 077 077 079 079 078 078 078
077 078 076 081 081 080 078 075 077 078 081 081.
083 083 083 077 078 082 080 082 082 082 080 083
084 086 084 084 083 086 086 087 088 086 082 083.
086 084 087 088 087 087 085 089 088 089 083 078
080 080 076 076 076 068 059 061 059 057 060 060.
060 061 060 055 057 056 057 056 053 052 052 053
053 057 056 057 060 059 057 062 059 062 064 063.
059 058 058 055 053 056 055 056 054 057 057 057
063 063 063 066 066 065 063 058 058 056 058 053.
055 057 055 057 058 057 057 065 066 064 067 067
070 069 071 069 064 061 061 061 059 061 059 061.
062 059 065 071 069 066 066 064 065 064 060 064
070 077 074 074 070 074 079 076 075 075 077 075.
077 079 079 079 081 079 079 080 079 078 079 079
080 081 079 080 081 081 083 084 086 082 086 082.
083 084 083 083 084 082 085 085 082 081 079 080
085 084 082 076 070 070 069 068 068 071 074 072.
076 076 078 080 078 076 078 073 073 074 076 076
070 064 062 064 067 068 067 038 038 039 042 041.
043 047 048 054 057 054 051 051 052 052 051 045
046 045 049 040 036 035 035 033 033 032 029 029.
036 043 045 047 048 050 051 053 053 053 049 049
050 052 057 061 064 063 066 066 063 063 061 061.
056 053 053 049 048 051 054 055 055 054 054 055
053 056 057 055 058 059 057 055 056 057 059 057.
061 062 062 058 057 051 051 053 055 059 060 060
062 063 063 062 057 047 047 047 046 048 050 050.
052 046 045 045 042 041 041 041 040 039 033 031
024 024 024 029 030 029 026 028 028 027 028 028.
030 032 033 034 033 033 042 045 036 023 022 023
030 022 027 027 027 025 024 024 024 026 027 026.
024 021 021 025 028 031 032 030 030 035 031 036
037 030 030 031 031 031 030 034 035 036 037 039.
038 040 039 041 049 049 048 047 046 045 043 042
049 051 054 050 043 046 045 047 045 047 048 050.
049 049 054 056 055 056 057 054 060 061 059 056
053 050 053 050 052 053 051 055 052 055 056 059.
057 059 057 060 059 057 057 059 056 057 056 054
054 053 058 054 052 056 057 060 060 063 061 063.
064 068 068 068 067 066 066 065 063 066 070 066
069 068 062 055 054 053 051 054 054 053 054 053.
055 055 056 057 056 054 058 056 057 057 056 055
049 051 054 053 054 054 057 057 057 056 057 059.
062 061 059 064 067 068 068 072 071 068 064 060
058 061 063 066 067 069 065 061 061 059 057 056=
UB
56 63 66 68 67 65 65 67 72 76 76 77
77 70 67 55 52 45 43 45 47 53 57 69 42 1427.
72 74 81 79 80 86 86 86 83 89 86 86
81 79 74 66 67 64 61 63 75 80 80 86 57 1521.
89 87 94 92 92 95 96 97 97 98 98 98
95 95 97 66 57 50 46 54 65 71 81 86 43 1444.
90 92 90 91 95 94 94 94 92 91 92 93
89 95 97 97 96 91 95 95 92 96 96 96 83 2001.
96 97 97 97 97 97 97 95 91 89 87 88
88 86 86 83 82 86 86 87 87 81 80 77 76 1841.
81 78 82 82 83 85 85 82 85 86 84 86
86 85 86 82 86 85 84 86 87 89 89 94 77 2001.
92 93 94 94 94 94 95 95 96 96 96 96
72 85 90 89 94 89 89 89 91 88 89 92 70 0858.
91 90 92 92 93 91 91 92 95 96 97 97
94 95 95 94 91 89 88 88 88 89 90 88 85 1445.
91 91 91 90 90 90 92 92 92 92 93 93
92 90 85 87 90 90 89 86 88 90 94 94 82 1145.
94 95 95 92 93 97 94 97 97 97 94 97
97 95 90 87 85 90 90 92 94 93 90 91 81 1258.
93 91 94 95 96 96 93 97 97 97 94 89
91 89 83 80 75 66 59 62 60 61 66 68 57 1734.
70 73 75 72 75 73 77 77 73 72 73 74
74 79 77 78 81 77 73 78 76 80 82 81 67 2001.
77 78 80 77 76 80 80 81 78 82 82 80
85 82 80 80 75 71 66 59 60 59 62 59 55 1603.
62 65 63 67 69 69 70 80 81 79 84 83
82 76 73 67 57 51 51 50 50 55 57 63 46 1331.
68 70 81 89 91 91 93 92 95 95 92 96
97 94 76 67 61 62 69 73 82 85 87 83 58 1222.
86 87 87 87 88 87 87 90 93 95 96 97
97 97 93 95 95 95 96 96 96 92 95 91 83 2014.
91 92 93 95 96 94 97 97 94 97 97 98
98 89 73 60 50 48 46 45 48 54 61 65 42 1543.
73 79 86 90 93 93 95 93 96 96 96 97
88 73 63 62 63 65 62 36 37 39 43 43 34 1622.
46 51 53 61 65 63 60 62 64 65 65 57
58 55 55 45 39 38 37 36 36 35 32 33 30 1835.
41 49 53 56 57 60 62 64 65 64 60 61
63 65 78 86 89 86 90 89 83 83 80 79 32 2013.
73 69 70 66 67 74 81 85 90 93 93 93
89 92 90 82 85 83 80 76 76 80 82 80 63 2352.
85 87 88 83 82 74 75 81 88 94 95 95
95 93 90 85 76 61 59 62 59 65 72 74 54 1447.
81 73 72 73 69 67 69 70 69 67 58 55
41 38 37 41 40 37 33 35 37 38 41 42 31 1523.
47 53 58 61 62 62 77 86 67 44 43 44
54 36 39 39 36 31 28 28 30 36 40 40 24 1531.
41 36 37 47 56 63 67 64 64 75 69 81
73 50 43 41 36 33 30 34 38 41 45 50 29 1435.
52 57 58 62 74 79 81 80 79 73 70 69
74 72 69 58 48 48 47 49 48 51 54 59 44 1714.
62 62 69 74 73 75 76 74 81 82 78 74
68 62 59 54 50 50 49 52 49 55 58 63 46 1423.
62 65 63 67 65 64 64 67 64 66 65 62
61 59 63 57 54 58 59 61 62 66 65 70 54 1300.
73 78 78 79 77 77 77 76 73 78 82 77
76 73 64 55 50 49 47 51 54 54 57 57 44 1448.
60 60 62 64 65 64 69 68 71 72 72 69
63 64 66 63 62 62 65 65 64 64 67 69 57 2003.
73 72 72 83 89 90 91 95 95 94 94 92
93 96 97 97 91 91 85 81 82 81 80 80 68 2005=
N=
H=
C=
V=
R6
0000 0000 0000
0000 0000 0000
0001 0000 0001
0007 0091 0098
0000 0000 0000
0000 0000 0000
0000 0086 0086
0000 0000 0000
0000 0037 0037
0006 0014 0020
0006 0000 0006
0000 0000 0000
0000 0000 0000
0000 0000 0000
0000 0000 0000
0000 0031 0031
0000 0000 0000
0000 0000 0000
0000 0000 0000
0000 0005 0005
0000 0011 0011
0000 0011 0011
0000 0000 0000
0000 0000 0000
0000 0000 0000
0000 0000 0000
0000 0000 0000
0000 0000 0000
0000 0000 0000
0000 0000 0000
0076 0072 0148=
0000 0000 0000 0000 0000 0000 0000 0000 0000 0000 0000 0000
0000 0000 0000 0000 0000 0000 0000 0000 0000 0000 0000 0000.
0000 0000 0000 0000 0000 0000 0000 0000 0000 0000 0000 0000
0000 0000 0000 0000 0000 0000 0000 0000 0000 0000 0000 0000.
0000 0000 0000 0000 0000 0000 0000 0001 0000 0000 0000 0000
0000 0000 0000 0000 0000 0000 0000 0000 0000 0000 0000 0000.
0000 0000 0000 0000 0000 0000 0000 0000 0000 0000 0000 0007
0002 0031 0031 0019 0005 0000 0003 0000 0000 0000 0000 0000.
0000 0000 0000 0000 0000 0000 0000 0000 0000 0000 0000 0000
0000 0000 0000 0000 0000 0000 0000 0000 0000 0000 0000 0000.
0000 0000 0000 0000 0000 0000 0000 0000 0000 0000 0000 0000
0000 0000 0000 0000 0000 0000 0000 0000 0000 0000 0000 0000.
0000 0000 0000 0000 0000 0000 0000 0000 0000 0000 0000 0000
0002 0006 0024 0028 0016 0007 0002 0001 0000 0000 0000 0000.
0000 0000 0000 0000 0000 0000 0000 0000 0000 0000 0000 0000
0000 0000 0000 0000 0000 0000 0000 0000 0000 0000 0000 0000.
0000 0000 0000 0000 0000 0000 0000 0000 0000 0000 0000 0000
0000 0000 0000 0004 0005 0017 0002 0003 0003 0003 0000 0000.
0001 0004 0001 0000 0000 0000 0000 0000 0000 0000 0000 0000
0000 0000 0000 0000 0000 0000 0004 0004 0005 0000 0000 0001.
0000 0000 0000 0001 0002 0001 0001 0000 0001 0000 0000 0000
0000 0000 0000 0000 0000 0000 0000 0000 0000 0000 0000 0000.
0000 0000 0000 0000 0000 0000 0000 0000 0000 0000 0000 0000
0000 0000 0000 0000 0000 0000 0000 0000 0000 0000 0000 0000.
0000 0000 0000 0000 0000 0000 0000 0000 0000 0000 0000 0000
0000 0000 0000 0000 0000 0000 0000 0000 0000 0000 0000 0000.
0000 0000 0000 0000 0000 0000 0000 0000 0000 0000 0000 0000
0000 0000 0000 0000 0000 0000 0000 0000 0000 0000 0000 0000.
0000 0000 0000 0000 0000 0000 0000 0000 0000 0000 0000 0000
0000 0000 0000 0000 0000 0000 0000 0000 0000 0000 0000 0000.
0000 0000 0000 0000 0000 0000 0000 0000 0000 0000 0000 0000
0000 0000 0000 0000 0003 0003 0008 0008 0007 0001 0001 0000.
0000 0000 0000 0000 0000 0000 0000 0000 0000 0000 0000 0000
0000 0000 0000 0000 0000 0000 0000 0000 0000 0000 0000 0000.
0000 0000 0000 0000 0000 0000 0000 0000 0000 0000 0000 0000
0000 0000 0000 0000 0000 0000 0000 0000 0000 0000 0000 0000.
0000 0000 0000 0000 0000 0000 0000 0000 0000 0000 0000 0000
0000 0000 0000 0000 0000 0000 0000 0000 0000 0000 0000 0000.
0000 0000 0000 0000 0000 0000 0000 0000 0000 0000 0000 0000
0000 0000 0000 0003 0002 0000 0000 0000 0000 0000 0000 0000.
0000 0000 0000 0000 0000 0000 0000 0000 0000 0000 0000 0000
0000 0000 0004 0005 0002 0000 0000 0000 0000 0000 0000 0000.
0000 0000 0000 0000 0000 0000 0000 0000 0000 0000 0000 0000
0000 0008 0003 0000 0000 0000 0000 0000 0000 0000 0000 0000.
0000 0000 0000 0000 0000 0000 0000 0000 0000 0000 0000 0000
0000 0000 0000 0000 0000 0000 0000 0000 0000 0000 0000 0000.
0000 0000 0000 0000 0000 0000 0000 0000 0000 0000 0000 0000
0000 0000 0000 0000 0000 0000 0000 0000 0000 0000 0000 0000.
0000 0000 0000 0000 0000 0000 0000 0000 0000 0000 0000 0000
0000 0000 0000 0000 0000 0000 0000 0000 0000 0000 0000 0000.
0000 0000 0000 0000 0000 0000 0000 0000 0000 0000 0000 0000
0000 0000 0000 0000 0000 0000 0000 0000 0000 0000 0000 0000.
0000 0000 0000 0000 0000 0000 0000 0000 0000 0000 0000 0000
0000 0000 0000 0000 0000 0000 0000 0000 0000 0000 0000 0000.
0000 0000 0000 0000 0000 0000 0000 0000 0000 0000 0000 0000
0000 0000 0000 0000 0000 0000 0000 0000 0000 0000 0000 0000.
0000 0000 0000 0000 0000 0000 0000 0000 0000 0000 0000 0000
0000 0000 0000 0000 0000 0000 0000 0000 0000 0000 0000 0000.
0000 0000 0000 0000 0000 0000 0000 0000 0000 0000 0000 0000
0000 0000 0000 0000 0000 0000 0000 0000 0000 0000 0000 0000.
0000 0000 0000 0000 0002 0000 0010 0004 0014 0009 0020 0017
0000 0001 0001 0006 0034 0023 0007 0000 0000 0000 0000 0000=
0000 ////////// 00000=
W=
LA
=
000 001 000 000 000 000 001 000 000 000 000 001
000 000 001 000 002 000 001 000 000 000 000 000 007.
001 000 001 000 000 001 000 000 000 000 001 001
000 000 000 001 000 000 000 000 000 000 000 000 006.
000 000 001 000 000 001 000 001 000 001 000 000
001 000 000 002 001 000 002 001 000 001 001 000 013.
000 000 001 000 001 001 000 000 000 000 000 001
000 004 002 003 000 000 000 000 000 000 001 000 014.
001 000 001 000 000 000 001 000 000 001 001 000
000 001 000 000 000 001 000 000 000 001 000 000 008.
001 001 000 000 001 000 000 001 000 001 000 001
001 000 000 000 001 000 000 001 000 000 000 000 009.
001 000 000 001 000 000 000 000 000 001 000 000
000 001 002 002 002 004 005 003 002 000 000 001 025.
001 000 000 000 001 000 000 000 000 001 000 000
000 001 000 000 000 000 000 001 000 000 001 000 006.
000 000 000 002 000 000 000 000 000 000 001 000
001 000 000 000 000 006 004 005 003 004 004 001 031.
001 003 001 001 000 000 002 000 000 000 000 000
001 000 000 000 000 000 001 002 003 004 001 001 021.
001 000 000 000 002 001 001 000 001 000 000 002
000 000 000 000 000 002 000 001 000 001 001 001 014.
000 000 001 001 000 000 001 000 001 000 001 000
001 001 000 000 000 001 000 000 000 001 000 000 009.
001 000 000 000 002 000 000 001 000 000 000 001
001 000 001 000 000 002 000 001 000 000 001 000 011.
000 000 001 000 001 000 000 000 001 000 001 000
000 001 000 001 000 000 001 001 000 000 001 000 009.
000 001 000 001 000 000 001 000 001 000 000 001
000 001 000 001 001 001 000 001 001 000 000 001 012.
000 001 001 000 000 000 001 000 000 000 000 000
000 000 001 000 000 000 001 000 000 001 001 000 007.
000 000 000 000 000 001 000 000 001 000 001 000
000 001 000 001 002 000 002 001 001 000 000 001 012.
000 000 000 001 000 000 000 001 000 001 000 000
000 001 000 001 000 001 001 000 001 001 000 001 010.
000 001 000 001 000 001 000 000 000 001 000 001
000 001 000 001 001 000 000 001 001 000 001 000 011.
000 001 001 000 000 001 000 000 000 000 001 001
000 001 000 000 002 000 000 000 001 000 000 000 009.
000 001 001 000 000 000 000 000 000 000 000 000
000 000 005 005 002 001 000 000 000 000 000 001 016.
000 000 000 001 000 000 000 000 000 000 000 000
000 008 003 000 000 000 001 001 000 000 000 001 015.
000 001 000 001 000 000 001 001 000 000 002 000
000 001 000 002 001 001 000 001 001 001 001 000 015.
001 000 001 000 000 000 001 001 000 001 000 000
000 001 000 004 002 000 002 001 000 000 001 001 017.
001 001 000 001 001 000 000 001 006 004 000 000
001 002 001 001 000 008 002 001 000 000 001 000 032.
000 001 000 000 001 000 001 000 000 001 000 001
000 000 000 002 001 001 000 001 000 000 000 000 010.
000 000 000 002 000 001 000 000 000 001 000 000
001 000 000 001 000 001 001 000 000 000 001 000 009.
001 000 000 000 000 001 000 000 000 001 000 001
000 000 000 001 001 000 001 000 000 000 000 000 007.
000 000 001 000 001 000 000 001 000 001 000 000
000 001 001 000 001 001 001 000 000 001 000 002 012.
000 000 000 001 001 000 000 000 001 000 000 001
000 001 000 001 001 000 000 000 001 000 000 000 008.
000 001 000 000 001 000 001 000 002 000 003 000
000 000 000 002 030 026 009 001 000 002 000 000 078=
Z=
G=
FN
030010 303010 286007 193004 007004 018003
059007 333008 130007 323009 026004 212007
298004 087004 088011 094018 115009 081013
191011 166012 PPC002 093014 113015 055012.
013011 289007 344012 297003 335008 345007
PPC002 340008 220008 008008 037008 022005
311008 267010 003006 149015 158023 101014
042011 135009 068012 105012 113011 337010.
010006 355007 302008 357006 017005 335011
338006 195008 272008 306007 317009 259008
PPC002 286007 070009 130015 104016 130015
158021 132027 122022 097021 087019 137006.
139004 148003 073013 045007 318003 017004
339009 332012 345004 002006 143005 004006
263004 270014 254008 256004 337007 343003
050007 018006 PPC001 PPC001 092006 151012.
071007 120006 PPC001 131015 070006 124008
117017 110020 109024 115024 140035 163016
130016 157018 094019 102016 104022 089017
096026 097024 137012 136017 115016 119017.
077017 096018 068010 091013 096013 054006
102010 107019 110019 110019 112015 111015
101021 105020 097020 080016 115012 014003
281010 245016 298005 268009 078005 015007.
325009 267008 271007 271007 058004 032004
079005 099008 273006 341005 267003 PPC002
042016 042013 017008 355009 338007 PPC002
017006 342008 243004 261003 246005 202008.
259010 PPC000 059006 119005 343006 248007
082008 091013 097009 101007 280010 305007
259010 098017 118010 122017 110019 092019
137019 112018 101025 108018 108017 102011.
112019 089010 081012 048008 079010 126008
060004 214008 111012 103018 098015 093016
103009 084011 080008 320003 085009 131007
103014 151009 117012 018004 037005 152007.
PPC001 234007 264006 200005 204005 PPC002
066004 256005 141008 PPC000 007005 320008
PPC000 320004 232009 348007 103007 079010
080010 135009 098014 090008 059007 154008.
174007 148009 105012 067008 066004 013007
163004 292005 111011 099009 110016 123016
130024 158013 178013 106010 086011 168011
131022 159019 135020 138021 148013 152019.
150025 136020 106017 139031 140014 137020
136033 124025 122012 115014 174020 128010
170022 171006 125010 097012 253011 243012
226009 129010 145012 107012 076006 114012.
107014 103011 105023 111019 105016 093016
104014 091018 098020 076006 104011 120008
275007 099014 196012 223013 099012 110008
093005 158012 098018 125011 094013 098016.
105009 057009 084009 233004 091011 063005
PPC000 330010 044007 215005 214007 243005
194006 211007 330004 184011 260010 144016
150014 132022 126026 123020 110012 091008.
065007 332009 345012 259009 314007 247008
254005 353003 287006 000003 254005 229007
218005 311009 147012 171019 154015 128030
134032 149032 133026 088028 102017 067015.
046012 354004 041003 PPC002 167011 062008
137012 101017 108019 103015 103013 168007
131011 142015 134014 133013 140011 093022
088017 118005 254007 265013 266011 275018.
276020 306010 010003 083010 PPC002 323008
261009 002007 254009 291008 322008 253008
230010 336007 192012 100005 137024 138016
116020 160027 137022 121019 127017 082010.
076008 139004 335009 249010 311007 354005
008007 272012 271009 062008 141011 101006
136014 248013 125009 166010 105020 204022
148015 130020 105028 121019 151021 104014.
137008 176009 173006 042004 077008 090014
098014 076014 098013 093022 089013 081020
073011 064019 124011 086007 109012 116014
088010 103011 071013 093013 094006 103010.
319005 302008 276009 279011 267009 266008
280013 247007 171007 354009 343029 338029
350023 038015 354027 340015 323007 267006
241010 275016 267010 284006 287010 156004.
164014 130012 155013 191011 158011 165019
173015 120013 121016 110019 119011 111017
101021 098013 124011 217011 269004 276005
249009 325006 306008 243012 276008 257013.
289008 233006 019006 096028 076016 117013
184010 164016 093013 096006 090012 117009
141011 137007 113011 130010 016010 056023
016013 112016 039030 055016 108018 109022.
109020 110027 143017 123017 151017 159021
154018 175026 137020 143018 124024 130020
132024 099031 122021 190022 301009 014014
148017 122013 111021 141029 154018 148013.
198007 009004 003011 015010 298006 PPC001
251006 310008 152010 147018 164017 177013
035009 139017 068016 140010 173016 150024
161035 165010 123027 109034 109017 105013.
090019 138012 107007 093007 268007 293006
347011 025005 080003 319008 PPC002 262007
330005 337005 154017 080012 070021 106019
126026 159028 098021 126019 105014 070013.
031006 038007 022010 332004 234008 307005
359003 073005 013007 046005 020008 355006
344005 132008 240008 118011 129020 093015
144017 130016 120017 108020 092017 074011.
003008 353010 273005 231009 248003 343005
030004 353005 317006 PPC000 130005 005006
109009 099012 121005 295008 017013 081005
264010 339006 116009 093018 124021 091016.
098015 015009 PPC002 091004 108015 100004
138013 037006 102011 135010 169008 219004
257007 253004 134006 145011 186004 271006
190007 145008 267012 356006 316014 263018.
253013 261016 252011 293008 279012 270015
263008 265010 257009 PPC002 189007 174008
096017 078008 220004 174021 163020 191022
127036 152020 141018 152022 152026 178019.
169007 191019 151014 140016 119017 125020
126009 129008 103012 094021 133028 116015
096022 102010 099015 066011 138013 122005
191012 084013 071011 084011 095006 100021.
155016 135014 113012 117010 148005 114010
126006 330008 PPC002 137011 098009 284012
PPC000 118006 115010 175006 207012 245008
118021 157023 177031 150026 193029 151019=
017009 300009 308008 PPC002 005006 006004
045006 343008 140008 299007 PPC002 216005
317006 177004 099011 115012 153010 161011
171010 153011 133003 089015 114015 058013.
008011 319007 344005 015005 344008 343008
083005 306007 220007 232005 034007 067007
325007 253007 049006 120010 155022 113013
090010 149009 092009 097011 111014 348009.
038005 356008 317008 010006 350008 347008
347006 209008 283008 299008 333006 295003
330003 269009 159008 151014 113018 122020
148022 133024 120025 103018 090016 116007.
177006 PPC002 076012 059005 277003 086004
326009 333012 040006 355009 177007 355003
291003 281011 271006 251006 312007 006007
025006 PPC002 PPC002 091004 080006 145011.
036008 104005 PPC000 120011 012003 107009
115012 112022 112026 106026 133028 141016
130018 155018 084016 118016 109019 095016
097019 102019 123016 125021 112018 123020.
099013 102019 082012 089012 102013 090008
110013 102018 107018 098019 104015 109015
102023 110018 101019 086018 107013 054007
264009 260017 288010 264009 082007 034008.
298006 252008 278006 317006 057004 038006
046006 105008 280006 337004 236004 249006
070018 034015 057015 018011 023005 129007
057008 335006 276003 PPC002 264009 212008.
263010 PPC001 057007 125007 357005 259005
060005 095010 089007 055004 269010 327007
244009 111017 101013 128017 104016 098020
138019 106017 112021 122013 109018 102017.
106022 095012 089013 073006 086011 100008
050003 226007 101012 101016 116015 115012
100011 071014 085007 043004 120008 157005
110013 140011 096012 051009 019006 183007.
257004 269007 274006 213005 196006 110003
PPC002 307005 190003 PPC000 303003 319006
PPC002 PPC002 250008 003006 094003 100011
115009 118010 121010 098009 043005 167008.
152006 133007 106012 068007 028006 022006
PPC001 276005 110012 103011 115021 127014
131021 136013 177011 130013 108012 177009
130027 156021 141021 130022 148015 148021.
156022 136025 106019 136027 132019 118017
125027 119020 123016 127021 173016 100011
172018 150013 144015 096009 230007 236011
262007 104010 130014 120011 067006 109013.
102016 110015 102024 104021 108019 091018
105015 101019 101015 069012 109010 112004
283005 090011 138011 138011 109011 100012
105011 135011 100013 118014 108013 106013.
103012 060008 078010 213003 085009 056006
PPC002 311006 054007 201009 227006 255007
236003 235006 262006 227010 270011 172011
158018 145019 136023 133019 117010 111009.
074010 338006 355008 264009 292009 271005
236007 PPC002 328007 341004 PPC002 252006
265003 310008 139015 152020 133022 126026
136037 136036 126032 087022 097014 058012.
040011 027006 PPC001 PPC001 158010 064010
133012 117017 118019 108016 107015 140008
129011 107015 126012 122016 123011 103018
098013 090005 259006 267015 282012 268013.
282021 292009 350003 086009 PPC000 303007
241006 343006 264009 301008 323006 259009
209008 318009 250009 208010 133017 127020
110021 141021 143019 124018 125018 086010.
071010 069007 340009 268009 309007 338007
002006 267011 272007 109007 142010 105010
132016 244013 140013 166010 123023 176020
158022 124024 126028 134019 155019 138016.
124010 163006 180006 PPC002 068009 093012
100015 074010 097013 098019 087013 092020
077012 066018 110010 157008 051009 135017
108012 105012 105012 094010 098011 109010.
271005 284007 278009 269008 274009 303010
275011 234007 238007 000009 346024 340026
355018 025010 357027 340017 003009 338004
255012 273015 261013 276009 277008 168004.
151015 126015 154012 158015 162014 163017
164012 132016 124017 114017 119015 111016
101018 100013 102010 169014 248008 PPC002
235009 006006 332009 266011 285009 264010.
278008 252006 349006 096024 080017 113012
168010 171014 139009 104005 097012 120010
119012 102011 131012 166008 057012 071022
062015 117020 039024 051016 126020 111025.
113021 118024 120016 121017 178012 155017
142016 141024 145018 158020 131023 133022
119023 110021 104024 187018 288015 028014
144016 148018 135023 128032 128017 151014.
199009 352007 356011 012010 353007 PPC002
257007 306007 136012 157019 166018 178009
360007 157016 085020 143019 173021 121018
147024 168016 126031 124035 121020 106013.
108018 146012 107008 088008 278007 289007
331008 015005 055005 325008 091004 266007
280005 324007 110015 047013 110018 152021
134032 151028 112020 115019 103018 072017.
037007 037007 024010 355009 254006 302007
351009 067005 029008 021004 023009 008006
332007 178011 226007 159013 129019 144018
140019 120013 123016 106018 094016 070011.
010008 344010 298006 237008 305004 354007
045005 006006 285006 PPC001 140005 022006
125011 121010 345008 316012 343012 003006
289011 274007 115011 114018 127024 103015.
074014 043007 063005 067004 122013 107005
131012 068006 108010 151012 187007 192007
249007 256004 209006 162010 222006 255008
248007 068007 236009 329007 317009 283016.
265016 269015 269014 259009 277015 281013
255009 267013 263009 298004 226007 180008
078012 110010 176009 202015 138014 178022
137027 143024 137023 152024 155025 174016.
183013 184017 150015 147014 125016 130017
137015 117010 102014 101017 143024 120016
116017 110014 109013 087011 091015 172012
191017 097011 073010 088014 045004 116014.
140014 129014 129015 126012 161005 102009
118007 333006 187008 124010 122011 260010
PPC000 177008 115011 123006 236013 251008
133021 149017 171028 139023 164023 158019=
019088 1749 026139 1426
026173 1308 034207 1306
036126 1635 049125 1627
015124 2227 021232 0518
031128 0650 047105 0649
026100 0926 035094 0857
021059 1041 035091 1035
023103 1718 030096 1320
024104 2056 031094 2052
015101 1722 022088 1713
032131 1445 045125 1445
034127 0011 044119 0339
024101 2255 033105 2308
024149 1824 033139 1708
041127 1542 056128 1535
022112 0432 033099 0426
027124 1508 038065 1408
030142 1644 042170 1636
021106 0532 031094 0531
032346 0616 052340 0608
021097 0844 029145 0538
026093 0001 042085 1712
036108 2012 046096 2003
040132 1746 056119 1740
033143 1458 043142 1457
023150 1347 034119 1419
027129 1855 037128 1906
020096 2004 031068 2002
030126 1638 044128 1631
025140 0701 036139 0700
035164 1709 048159 1730=
DB
0059 0068 0069 0070 0069 0070 0069 0069 0068 0067 0069 0072
0080 0105 0154 0194 0170 0246 0205 0180 0114 0083 0075 0059 0268 1347 0042 2001.
0058 0056 0049 0049 0047 0052 0050 0050 0050 0031 0034 0051
0090 0116 0152 0191 0183 0158 0159 0122 0108 0093 0082 0055 0199 1205 0028 0611.
0045 0043 0035 0029 0022 0017 0015 0009 0054 0059 0014 0058
0083 0128 0208 0267 0275 0280 0259 0191 0131 0090 0070 0051 0283 1336 0008 0350.
0047 0041 0054 0045 0061 0069 0067 0049 0055 0070 0076 0080
0085 0083 0088 0102 0130 0104 0105 0099 0098 0092 0092 0090 0134 1302 0038 0430.
0090 0088 0087 0088 0087 0091 0090 0081 0072 0067 0063 0067
0068 0073 0076 0079 0075 0078 0072 0071 0070 0064 0062 0060 0092 2240 0059 1943.
0062 0060 0061 0060 0059 0061 0060 0057 0057 0056 0058 0058
0059 0066 0068 0076 0087 0103 0100 0094 0084 0043 0028 0057 0109 1543 0027 1924.
0060 0062 0062 0061 0060 0059 0060 0060 0060 0060 0058 0063
0052 0048 0046 0042 0055 0087 0060 0067 0059 0055 0050 0051 0099 1405 0040 1158.
0051 0051 0051 0050 0037 0041 0020 0023 0009 0026 0043 0048
0061 0066 0073 0083 0085 0101 0082 0077 0073 0055 0053 0049 0108 1346 0004 0542.
0048 0048 0050 0051 0052 0051 0045 0053 0052 0049 0047 0048
0053 0066 0081 0080 0070 0068 0061 0063 0058 0051 0056 0053 0084 1053 0045 0254.
0057 0056 0056 0030 0037 0046 0051 0053 0050 0051 0052 0052
0065 0081 0091 0088 0083 0073 0079 0069 0066 0061 0059 0058 0092 1101 0026 0118.
0058 0057 0055 0057 0058 0059 0061 0057 0055 0058 0048 0048
0054 0081 0097 0116 0127 0136 0110 0082 0068 0054 0052 0047 0147 1328 0047 0657.
0045 0042 0039 0032 0032 0034 0029 0027 0028 0023 0025 0029
0028 0033 0042 0042 0050 0071 0075 0055 0047 0037 0038 0032 0085 1431 0022 0549.
0028 0028 0027 0025 0023 0023 0023 0022 0023 0024 0026 0030
0043 0066 0076 0102 0121 0152 0125 0101 0072 0058 0053 0049 0154 1358 0020 0330.
0047 0046 0044 0044 0038 0036 0035 0036 0035 0036 0022 0042
0066 0085 0116 0154 0178 0180 0173 0152 0101 0056 0032 0021 0196 1343 0020 1952.
0024 0010 0005 0000 -003 -009 -014 -015 -015 -020 -023 -011
0054 0138 0179 0219 0225 0204 0174 0124 0074 0056 0061 0060 0237 1237 -024 0658.
0059 0061 0062 0061 0059 0059 0057 0054 0047 0046 0045 0048
0050 0054 0060 0054 0059 0059 0067 0067 0066 0055 0054 0052 0072 1526 0044 0528.
0050 0050 0036 0029 0039 0045 0048 0052 0033 0036 0014 0019
0091 0174 0205 0258 0254 0253 0247 0200 0131 0077 0065 0044 0270 1349 0008 0720.
0033 0026 0019 0015 0012 0006 0007 0000 0001 -001 -001 0017
0055 0103 0143 0178 0165 0128 0110 0089 0072 0056 0051 0047 0218 1234 -004 0616.
0039 0040 0041 0041 0038 0035 0035 0034 0033 0031 0029 0031
0044 0072 0105 0107 0122 0107 0100 0078 0063 0049 0045 0044 0124 1302 0029 0700.
0043 0042 0040 0039 0038 0036 0035 0036 0036 0038 0034 0033
0038 0034 0025 0035 0047 0052 0042 0042 0041 0034 0032 0032 0052 1310 0023 1040.
0026 0025 0025 0020 0018 0013 0010 0006 -002 0001 0003 0003
0007 0016 0029 0046 0052 0059 0053 0049 0047 0025 0023 0021 0061 1629 -002 0454.
0021 0021 0020 0015 0017 0017 0015 0008 -001 0006 0003 0008
0024 0042 0042 0062 0063 0068 0065 0047 0038 0018 0012 0013 0080 1410 -002 0439.
0000 -004 -002 -005 -004 -004 -007 -010 -011 -013 -016 -013
0010 0084 0118 0154 0187 0178 0152 0115 0048 0005 -010 -022 0189 1212 -024 0740.
-034 -031 -023 -030 -037 -042 -042 -046 -038 -048 -051 -035
0037 0108 0137 0170 0190 0180 0163 0145 0058 0007 -011 -027 0204 1246 -055 0729.
-031 -040 -051 -053 -057 -055 -051 -046 -048 -057 -062 -043
0036 0121 0154 0193 0207 0204 0181 0144 0055 0025 0014 0014 0217 1227 -063 0707.
0014 -009 -024 -010 -018 -032 -031 -034 -020 -006 -005 0002
0026 0053 0112 0150 0137 0165 0109 0085 0072 0049 0038 0031 0172 1402 -036 0220.
0012 0012 0009 0007 0018 0019 0019 0018 0021 0023 0025 0027
0032 0060 0137 0145 0177 0159 0121 0112 0088 0064 0058 0054 0181 1246 0004 2344.
0051 0049 0049 0047 0047 0047 0046 0045 0044 0044 0044 0044
0057 0066 0068 0084 0097 0093 0079 0080 0065 0053 0045 0040 0101 1240 0039 1957.
0039 0039 0040 0041 0039 0040 0040 0039 0039 0038 0037 0042
0072 0098 0115 0132 0175 0168 0141 0109 0075 0060 0055 0050 0233 1247 0037 0613.
0050 0048 0046 0045 0043 0040 0039 0034 0021 0023 0027 0034
0040 0050 0066 0085 0093 0089 0058 0058 0058 0045 0043 0043 0100 1324 0016 0615.
0042 0040 0039 0029 0034 0033 0032 0035 0033 0027 0013 -001
-002 0003 0006 0014 0057 0070 0042 0040 0029 0021 0017 0016 0083 1313 -002 0805=
0088 0086 0086 0086 0085 0085 0084 0084 0084 0083 0083 0082
0083 0086 0093 0107 0115 0131 0139 0135 0128 0117 0108 0101.
0095 0091 0088 0085 0083 0081 0079 0078 0077 0075 0072 0071
0074 0083 0094 0104 0112 0115 0116 0115 0112 0109 0105 0099.
0092 0087 0082 0078 0074 0071 0067 0064 0063 0067 0067 0064
0070 0080 0096 0117 0136 0149 0154 0148 0137 0124 0114 0105.
0098 0092 0089 0086 0084 0085 0086 0083 0080 0081 0083 0085
0086 0088 0089 0092 0099 0104 0104 0103 0102 0101 0100 0099.
0098 0098 0097 0097 0096 0096 0097 0096 0095 0092 0090 0088
0087 0088 0089 0089 0089 0089 0089 0088 0087 0085 0084 0082.
0081 0081 0080 0080 0080 0079 0079 0078 0078 0077 0077 0076
0076 0077 0078 0079 0082 0085 0088 0091 0090 0085 0078 0074.
0076 0076 0077 0077 0076 0076 0076 0076 0076 0076 0075 0075
0075 0075 0073 0070 0072 0076 0081 0082 0080 0078 0076 0074.
0073 0073 0072 0072 0071 0068 0066 0062 0058 0055 0058 0060
0062 0067 0070 0073 0078 0083 0086 0084 0083 0081 0078 0075.
0074 0072 0071 0071 0070 0070 0069 0069 0069 0069 0068 0068
0068 0069 0073 0077 0079 0079 0078 0079 0078 0076 0074 0073.
0073 0072 0072 0070 0067 0065 0066 0066 0066 0067 0067 0067
0068 0072 0075 0078 0081 0081 0082 0083 0081 0080 0078 0076.
0075 0074 0074 0073 0073 0073 0073 0073 0072 0072 0071 0070
0069 0072 0078 0083 0090 0098 0100 0097 0091 0086 0081 0078.
0074 0072 0070 0067 0065 0064 0062 0061 0059 0058 0057 0056
0056 0055 0056 0058 0060 0062 0068 0069 0067 0065 0063 0061.
0059 0057 0056 0055 0054 0053 0052 0051 0051 0050 0050 0050
0052 0055 0062 0067 0076 0085 0092 0091 0087 0082 0077 0073.
0071 0069 0067 0066 0065 0063 0062 0060 0060 0059 0058 0056
0059 0064 0072 0082 0093 0104 0109 0109 0104 0094 0084 0076.
0070 0065 0060 0055 0051 0048 0044 0041 0039 0036 0033 0032
0034 0046 0065 0086 0105 0116 0119 0113 0104 0094 0088 0084.
0082 0080 0079 0078 0077 0076 0075 0074 0073 0071 0070 0070
0070 0070 0071 0072 0072 0074 0075 0077 0077 0075 0073 0072.
0070 0069 0067 0064 0061 0062 0063 0063 0063 0060 0059 0055
0055 0067 0085 0106 0126 0139 0142 0139 0128 0115 0103 0094.
0087 0081 0075 0070 0065 0061 0058 0054 0051 0049 0046 0045
0048 0057 0071 0084 0099 0101 0099 0094 0088 0082 0077 0073.
0070 0068 0066 0065 0065 0063 0062 0060 0059 0058 0057 0056
0056 0058 0066 0072 0078 0082 0082 0083 0078 0074 0070 0068.
0066 0064 0063 0062 0061 0060 0059 0059 0058 0058 0056 0055
0054 0055 0054 0054 0057 0060 0061 0061 0061 0059 0058 0056.
0056 0054 0053 0052 0050 0049 0047 0046 0044 0041 0040 0040
0040 0041 0045 0049 0053 0056 0058 0058 0059 0057 0053 0050.
0049 0048 0046 0046 0044 0044 0043 0042 0039 0038 0037 0036
0038 0043 0047 0052 0057 0062 0063 0063 0060 0056 0051 0047.
0044 0041 0038 0036 0034 0033 0031 0029 0028 0026 0024 0022
0022 0029 0044 0062 0080 0092 0097 0093 0081 0067 0055 0047.
0040 0034 0030 0028 0024 0021 0018 0016 0014 0012 0010 0009
0009 0010 0031 0054 0076 0090 0096 0094 0083 0066 0052 0043.
0035 0029 0024 0019 0016 0013 0011 0010 0009 0008 0006 0005
0005 0006 0022 0051 0076 0092 0098 0095 0083 0069 0059 0051.
0047 0044 0037 0033 0031 0027 0023 0020 0018 0019 0021 0022
0025 0031 0043 0057 0069 0077 0082 0078 0073 0068 0062 0058.
0052 0049 0046 0043 0041 0042 0041 0041 0041 0041 0041 0041
0042 0045 0055 0067 0081 0089 0093 0090 0086 0080 0074 0070.
0067 0065 0064 0063 0062 0061 0060 0059 0058 0058 0057 0056
0057 0059 0062 0065 0068 0070 0071 0071 0070 0068 0065 0064.
0062 0060 0059 0059 0058 0057 0056 0056 0055 0055 0054 0054
0056 0061 0070 0076 0089 0100 0108 0102 0093 0085 0079 0074.
0071 0069 0066 0065 0063 0061 0060 0058 0055 0053 0050 0050
0051 0053 0056 0061 0066 0070 0069 0067 0066 0064 0062 0060.
0059 0058 0057 0056 0055 0055 0054 0054 0053 0052 0050 0045
0038 0039 0040 0041 0046 0054 0055 0055 0054 0051 0048 0046=
0096 0093 0092 0091 0090 0090 0089 0089 0088 0088 0087 0087
0087 0087 0090 0095 0102 0109 0117 0121 0121 0118 0113 0109.
0104 0100 0097 0094 0092 0090 0088 0087 0086 0085 0082 0081
0080 0082 0087 0094 0100 0105 0107 0109 0109 0108 0107 0104.
0101 0097 0093 0090 0087 0084 0081 0078 0075 0075 0076 0075
0075 0078 0084 0095 0107 0119 0127 0131 0130 0125 0119 0114.
0108 0103 0099 0097 0094 0093 0092 0091 0089 0088 0088 0089
0090 0090 0091 0092 0095 0099 0101 0101 0102 0102 0101 0101.
0100 0100 0099 0099 0099 0098 0098 0098 0098 0097 0096 0094
0093 0092 0092 0092 0093 0093 0092 0092 0091 0091 0090 0089.
0088 0087 0087 0086 0086 0085 0085 0084 0084 0083 0083 0082
0082 0082 0082 0083 0084 0085 0087 0089 0090 0090 0087 0084.
0082 0082 0082 0082 0082 0081 0081 0081 0081 0081 0080 0080
0080 0080 0079 0078 0077 0077 0080 0082 0083 0082 0081 0080.
0079 0078 0078 0077 0077 0076 0074 0072 0070 0068 0066 0067
0068 0069 0071 0074 0076 0079 0082 0083 0084 0083 0082 0081.
0080 0078 0077 0077 0076 0076 0075 0075 0074 0074 0074 0074
0073 0073 0074 0076 0079 0080 0080 0080 0081 0080 0079 0078.
0077 0077 0077 0076 0075 0073 0072 0072 0072 0072 0072 0072
0072 0073 0075 0077 0079 0081 0082 0083 0083 0082 0081 0081.
0080 0079 0078 0078 0078 0077 0077 0077 0077 0077 0076 0075
0075 0075 0077 0080 0084 0088 0092 0094 0093 0090 0087 0085.
0082 0080 0078 0076 0075 0073 0072 0070 0069 0068 0066 0065
0065 0064 0064 0064 0065 0066 0068 0070 0071 0070 0069 0068.
0067 0065 0064 0063 0062 0061 0061 0060 0060 0059 0058 0058
0058 0059 0061 0065 0069 0075 0081 0084 0085 0083 0081 0079.
0077 0075 0074 0072 0072 0070 0069 0068 0067 0066 0065 0064
0064 0066 0069 0074 0080 0087 0094 0097 0098 0096 0091 0086.
0081 0077 0073 0070 0066 0063 0060 0057 0054 0052 0049 0047
0046 0048 0056 0066 0079 0090 0098 0101 0099 0096 0092 0089.
0086 0084 0083 0082 0081 0080 0080 0079 0078 0077 0076 0075
0075 0075 0075 0075 0075 0076 0077 0078 0078 0078 0078 0077.
0076 0075 0074 0072 0070 0069 0069 0069 0069 0068 0067 0065
0063 0065 0072 0082 0095 0107 0115 0119 0119 0114 0108 0102.
0097 0092 0087 0083 0079 0075 0072 0069 0066 0063 0061 0059
0058 0060 0065 0073 0081 0089 0091 0091 0090 0087 0084 0081.
0078 0076 0074 0073 0072 0071 0070 0069 0068 0067 0065 0065
0064 0064 0066 0070 0073 0077 0079 0081 0081 0079 0077 0075.
0073 0071 0070 0069 0068 0067 0067 0066 0065 0065 0064 0063
0062 0062 0061 0061 0061 0063 0064 0064 0065 0065 0064 0063.
0062 0062 0061 0060 0059 0058 0057 0055 0054 0052 0051 0050
0050 0049 0050 0052 0054 0056 0059 0060 0061 0061 0060 0058.
0056 0055 0054 0054 0053 0052 0051 0051 0050 0048 0047 0046
0046 0047 0049 0052 0055 0058 0061 0062 0062 0061 0059 0056.
0054 0052 0049 0047 0046 0044 0043 0041 0040 0038 0037 0036
0034 0035 0039 0048 0059 0069 0077 0081 0079 0074 0068 0061.
0055 0051 0046 0043 0040 0038 0035 0032 0030 0028 0026 0025
0023 0023 0027 0038 0051 0063 0072 0077 0077 0072 0065 0058.
0052 0046 0042 0038 0034 0031 0028 0026 0025 0023 0022 0020
0019 0019 0021 0032 0047 0061 0071 0077 0077 0072 0066 0061.
0057 0054 0050 0046 0043 0041 0038 0035 0033 0031 0031 0031
0032 0034 0038 0045 0054 0061 0067 0070 0070 0068 0065 0063.
0060 0057 0055 0052 0050 0049 0049 0048 0047 0047 0047 0047
0047 0048 0051 0057 0064 0072 0078 0080 0081 0079 0076 0073.
0071 0069 0068 0067 0066 0065 0064 0064 0063 0062 0062 0061
0061 0061 0062 0064 0066 0068 0069 0070 0070 0069 0069 0068.
0066 0065 0064 0063 0063 0062 0062 0061 0060 0060 0059 0059
0059 0061 0064 0068 0074 0082 0088 0092 0091 0087 0084 0080.
0077 0075 0073 0071 0070 0068 0067 0066 0064 0062 0060 0059
0058 0058 0059 0061 0064 0067 0069 0069 0068 0068 0066 0065.
0064 0063 0063 0062 0061 0061 0060 0060 0059 0058 0057 0055
0052 0049 0049 0049 0049 0052 0055 0057 0057 0056 0055 0053=
0102 0100 0098 0097 0096 0095 0094 0094 0093 0093 0093 0092
0092 0092 0092 0094 0098 0101 0107 0111 0114 0115 0114 0112.
0109 0107 0105 0102 0100 0098 0097 0095 0094 0093 0092 0090
0089 0089 0090 0093 0096 0100 0103 0105 0107 0107 0107 0107.
0105 0103 0101 0099 0097 0094 0092 0090 0088 0086 0085 0085
0084 0084 0086 0090 0097 0104 0111 0117 0120 0120 0119 0116.
0113 0110 0107 0105 0103 0101 0100 0099 0098 0096 0095 0095
0095 0095 0096 0096 0097 0099 0101 0102 0103 0103 0103 0103.
0103 0103 0103 0102 0102 0102 0102 0102 0102 0101 0101 0100
0099 0098 0098 0097 0097 0097 0097 0097 0097 0096 0096 0095.
0094 0094 0093 0093 0092 0092 0091 0091 0091 0090 0090 0089
0089 0089 0089 0089 0089 0089 0090 0092 0093 0093 0093 0091.
0090 0089 0089 0088 0088 0088 0088 0087 0087 0087 0087 0086
0086 0086 0086 0085 0084 0083 0084 0085 0086 0086 0086 0086.
0085 0085 0084 0084 0084 0083 0082 0081 0080 0078 0077 0076
0076 0076 0077 0078 0079 0081 0083 0085 0086 0086 0086 0086.
0085 0084 0084 0083 0083 0082 0082 0081 0081 0081 0080 0080
0080 0080 0080 0080 0082 0083 0083 0084 0084 0084 0084 0083.
0083 0083 0083 0082 0082 0081 0080 0079 0079 0079 0078 0078
0078 0078 0079 0080 0082 0083 0084 0085 0085 0085 0085 0085.
0085 0084 0084 0083 0083 0083 0083 0082 0082 0082 0082 0081
0081 0081 0081 0082 0084 0086 0089 0091 0093 0092 0091 0090.
0089 0087 0086 0084 0083 0082 0080 0079 0078 0077 0076 0075
0074 0073 0073 0072 0072 0073 0073 0075 0075 0076 0075 0075.
0074 0073 0073 0072 0071 0070 0070 0069 0068 0068 0067 0067
0067 0067 0067 0069 0071 0073 0077 0081 0083 0084 0083 0083.
0082 0081 0080 0079 0078 0077 0076 0075 0075 0074 0073 0072
0072 0072 0073 0075 0078 0082 0086 0090 0093 0094 0093 0091.
0088 0086 0083 0080 0078 0075 0073 0070 0068 0066 0064 0062
0060 0059 0061 0065 0071 0078 0085 0090 0093 0093 0092 0091.
0090 0089 0087 0086 0086 0085 0085 0084 0083 0083 0082 0081
0081 0080 0080 0080 0080 0080 0081 0081 0082 0082 0082 0082.
0081 0081 0080 0079 0078 0077 0076 0076 0075 0075 0074 0073
0072 0072 0073 0077 0084 0092 0099 0104 0108 0108 0107 0105.
0102 0099 0095 0092 0089 0086 0084 0081 0079 0076 0074 0072
0070 0070 0071 0074 0078 0083 0087 0089 0090 0089 0088 0087.
0085 0083 0082 0081 0080 0079 0078 0077 0076 0075 0074 0073
0072 0072 0072 0073 0075 0077 0080 0081 0082 0082 0081 0080.
0079 0078 0077 0077 0076 0075 0074 0074 0073 0072 0072 0071
0070 0070 0069 0069 0069 0069 0069 0070 0070 0070 0070 0070.
0069 0069 0068 0068 0067 0066 0066 0065 0064 0063 0061 0060
0060 0059 0059 0059 0060 0061 0063 0064 0065 0065 0065 0065.
0064 0063 0063 0062 0061 0061 0060 0059 0059 0058 0057 0056
0055 0055 0056 0057 0058 0060 0062 0064 0065 0065 0065 0064.
0062 0061 0059 0058 0056 0055 0054 0053 0051 0050 0049 0048
0047 0046 0046 0049 0054 0061 0067 0072 0075 0075 0073 0070.
0066 0063 0060 0057 0054 0052 0049 0047 0045 0043 0041 0040
0038 0037 0037 0040 0046 0053 0061 0067 0070 0071 0069 0066.
0063 0059 0056 0052 0049 0046 0044 0042 0040 0038 0036 0035
0034 0033 0033 0035 0041 0050 0058 0064 0068 0069 0068 0066.
0063 0061 0059 0057 0054 0052 0050 0048 0046 0044 0043 0042
0042 0042 0043 0046 0051 0055 0060 0064 0066 0067 0067 0066.
0065 0063 0062 0060 0058 0057 0056 0056 0055 0055 0054 0054
0054 0054 0054 0057 0060 0065 0070 0073 0076 0076 0076 0075.
0074 0073 0072 0071 0071 0070 0069 0069 0068 0068 0067 0067
0066 0066 0066 0067 0068 0069 0070 0071 0072 0072 0072 0071.
0071 0070 0070 0069 0068 0068 0067 0067 0066 0066 0065 0065
0065 0065 0066 0068 0071 0075 0079 0084 0086 0086 0085 0083.
0081 0080 0078 0077 0076 0075 0074 0073 0071 0070 0069 0067
0066 0066 0066 0066 0067 0069 0070 0071 0071 0071 0071 0070.
0070 0069 0069 0068 0067 0067 0066 0066 0066 0065 0064 0063
0062 0060 0058 0058 0057 0057 0059 0060 0061 0061 0061 0060=
0101 0100 0099 0098 0097 0097 0096 0096 0095 0095 0095 0094
0094 0094 0094 0094 0095 0097 0100 0103 0106 0108 0109 0109.
0108 0107 0106 0104 0103 0102 0100 0099 0098 0097 0096 0095
0094 0093 0093 0094 0095 0097 0099 0101 0103 0104 0105 0105.
0105 0104 0103 0102 0100 0099 0097 0096 0094 0092 0091 0090
0090 0089 0089 0090 0093 0097 0101 0105 0109 0111 0112 0112.
0112 0110 0109 0107 0106 0104 0103 0102 0101 0100 0099 0098
0098 0098 0098 0098 0098 0098 0099 0100 0101 0102 0102 0102.
0103 0103 0103 0103 0103 0102 0102 0102 0102 0102 0102 0101
0101 0100 0100 0099 0099 0099 0099 0099 0099 0098 0098 0098.
0097 0097 0096 0096 0096 0095 0095 0094 0094 0094 0093 0093
0092 0092 0092 0092 0092 0092 0092 0093 0093 0094 0094 0094.
0093 0092 0092 0092 0091 0091 0091 0091 0090 0090 0090 0089
0089 0089 0089 0088 0087 0087 0086 0087 0088 0088 0088 0088.
0088 0088 0088 0087 0087 0087 0086 0086 0085 0084 0083 0082
0081 0081 0081 0081 0082 0082 0083 0085 0086 0086 0087 0087.
0087 0087 0086 0086 0086 0085 0085 0085 0084 0084 0084 0084
0083 0083 0083 0083 0083 0084 0084 0085 0085 0086 0086 0086.
0085 0085 0085 0085 0085 0084 0083 0083 0082 0082 0082 0082
0082 0082 0082 0082 0083 0083 0084 0085 0085 0086 0086 0086.
0086 0086 0086 0085 0085 0085 0085 0085 0084 0084 0084 0084
0084 0083 0083 0083 0084 0085 0087 0088 0090 0091 0091 0091.
0090 0089 0089 0088 0087 0086 0085 0084 0083 0082 0081 0080
0080 0079 0078 0078 0077 0077 0077 0078 0078 0078 0078 0078.
0078 0078 0077 0077 0076 0075 0075 0074 0074 0073 0073 0072
0072 0072 0071 0072 0073 0074 0076 0078 0080 0081 0082 0083.
0082 0082 0082 0081 0081 0080 0080 0079 0079 0078 0077 0077
0076 0076 0076 0076 0077 0079 0082 0084 0087 0089 0090 0090.
0089 0088 0086 0085 0083 0081 0080 0078 0076 0074 0073 0071
0069 0068 0067 0068 0070 0074 0078 0082 0085 0087 0088 0089.
0088 0088 0088 0087 0087 0086 0086 0086 0085 0085 0084 0084
0083 0083 0083 0082 0082 0082 0082 0082 0083 0083 0083 0083.
0083 0083 0082 0082 0081 0081 0080 0079 0079 0079 0078 0078
0077 0076 0076 0077 0080 0083 0088 0092 0096 0099 0100 0100.
0099 0098 0097 0095 0093 0091 0089 0087 0085 0083 0081 0080
0078 0077 0076 0076 0078 0080 0083 0085 0087 0087 0088 0087.
0087 0086 0085 0084 0083 0082 0082 0081 0080 0080 0079 0078
0077 0077 0076 0076 0077 0078 0079 0080 0081 0082 0082 0082.
0081 0081 0080 0080 0079 0079 0078 0077 0077 0076 0076 0075
0075 0074 0074 0073 0073 0073 0073 0073 0073 0073 0073 0073.
0073 0073 0072 0072 0071 0071 0070 0070 0069 0068 0068 0067
0066 0065 0065 0065 0065 0065 0066 0066 0067 0068 0068 0068.
0068 0067 0067 0067 0066 0065 0065 0065 0064 0064 0063 0062
0062 0061 0061 0061 0062 0062 0063 0065 0066 0066 0067 0067.
0066 0066 0065 0064 0063 0062 0061 0060 0059 0058 0057 0056
0055 0054 0053 0054 0055 0058 0062 0066 0068 0071 0071 0071.
0069 0068 0066 0064 0062 0060 0058 0057 0055 0053 0051 0050
0049 0047 0046 0046 0048 0051 0055 0060 0063 0066 0067 0067.
0066 0064 0062 0060 0058 0056 0054 0052 0050 0048 0047 0045
0044 0043 0042 0042 0044 0047 0051 0056 0060 0063 0065 0065.
0064 0063 0063 0061 0060 0058 0057 0055 0054 0052 0051 0050
0049 0049 0049 0049 0051 0053 0056 0059 0062 0064 0065 0065.
0065 0064 0064 0063 0062 0061 0060 0060 0059 0059 0058 0058
0057 0057 0057 0058 0059 0061 0064 0067 0070 0071 0072 0073.
0073 0072 0072 0072 0071 0071 0070 0070 0070 0069 0069 0069
0068 0068 0068 0068 0068 0069 0069 0070 0071 0071 0072 0072.
0071 0071 0071 0071 0070 0070 0069 0069 0069 0068 0068 0068
0067 0067 0067 0068 0069 0071 0073 0076 0079 0080 0081 0081.
0080 0080 0079 0078 0077 0077 0076 0075 0074 0073 0072 0071
0071 0070 0069 0069 0069 0070 0070 0071 0072 0072 0072 0072.
0072 0071 0071 0071 0070 0070 0069 0069 0069 0068 0068 0067
0066 0065 0064 0063 0062 0061 0061 0062 0063 0063 0063 0063=
0103 0104 0104 0104 0104 0104 0104 0104 0104 0104 0105 0105
0105 0104 0105 0105 0105 0105 0105 0105 0105 0105 0106 0106.
0106 0106 0107 0107 0107 0107 0107 0107 0107 0107 0107 0107
0107 0107 0107 0107 0107 0107 0107 0107 0107 0107 0107 0107.
0107 0107 0108 0108 0108 0108 0108 0108 0108 0108 0108 0107
0107 0107 0107 0107 0107 0107 0107 0107 0107 0107 0107 0108.
0108 0108 0108 0109 0109 0109 0109 0109 0109 0109 0109 0109
0109 0109 0109 0109 0108 0108 0108 0108 0108 0108 0109 0109.
0109 0109 0109 0109 0109 0109 0109 0109 0109 0110 0109 0110
0110 0110 0110 0110 0110 0109 0109 0109 0109 0109 0109 0109.
0109 0109 0109 0109 0109 0108 0108 0108 0108 0108 0108 0108
0108 0108 0108 0107 0107 0107 0107 0107 0107 0107 0107 0107.
0107 0107 0107 0106 0106 0106 0106 0106 0106 0106 0106 0106
0106 0106 0106 0106 0105 0105 0105 0105 0105 0105 0105 0104.
0104 0104 0104 0104 0104 0104 0104 0104 0104 0104 0103 0103
0103 0103 0103 0102 0102 0102 0102 0102 0102 0102 0102 0102.
0102 0101 0101 0101 0101 0101 0101 0101 0101 0101 0101 0101
0101 0101 0101 0101 0100 0100 0100 0100 0100 0100 0100 0100.
0100 0100 0100 0100 0100 0100 0100 0100 0100 0100 0100 0100
0100 0100 0100 0099 0099 0099 0099 0099 0099 0099 0099 0099.
0099 0099 0100 0100 0100 0100 0099 0100 0100 0100 0099 0100
0100 0099 0100 0099 0099 0099 0099 0099 0099 0099 0099 0099.
0100 0100 0100 0100 0100 0099 0099 0099 0099 0099 0099 0099
0099 0098 0098 0098 0098 0097 0097 0097 0097 0097 0097 0097.
0096 0096 0096 0096 0096 0096 0096 0095 0095 0095 0095 0095
0095 0094 0094 0094 0094 0094 0094 0094 0094 0094 0094 0094.
0094 0094 0094 0094 0094 0094 0094 0094 0094 0094 0094 0094
0094 0094 0094 0094 0094 0094 0094 0094 0094 0094 0094 0094.
0095 0095 0095 0095 0095 0095 0095 0095 0095 0094 0094 0094
0094 0093 0093 0093 0093 0092 0092 0092 0092 0092 0092 0093.
0093 0093 0093 0093 0093 0093 0093 0093 0094 0094 0094 0094
0094 0094 0094 0094 0094 0094 0094 0094 0094 0094 0094 0094.
0094 0094 0094 0094 0094 0094 0094 0094 0094 0094 0094 0094
0094 0094 0094 0093 0093 0094 0094 0094 0094 0094 0094 0095.
0095 0095 0096 0096 0096 0096 0096 0096 0096 0096 0096 0095
0095 0095 0095 0094 0094 0094 0094 0094 0094 0094 0094 0094.
0094 0094 0094 0094 0094 0094 0094 0094 0094 0094 0093 0093
0093 0093 0093 0093 0093 0093 0093 0093 0092 0092 0092 0092.
0092 0092 0092 0092 0092 0092 0092 0092 0092 0092 0092 0092
0092 0092 0091 0091 0091 0091 0091 0091 0091 0091 0091 0091.
0091 0091 0090 0090 0090 0090 0090 0090 0090 0090 0089 0089
0089 0089 0089 0088 0088 0088 0088 0088 0087 0087 0087 0087.
0087 0087 0087 0087 0086 0086 0086 0086 0086 0086 0086 0086
0086 0086 0085 0085 0085 0085 0085 0084 0084 0084 0084 0084.
0084 0084 0084 0084 0084 0084 0084 0083 0083 0083 0083 0083
0082 0082 0082 0082 0081 0081 0081 0081 0081 0081 0081 0081.
0081 0081 0081 0081 0081 0081 0081 0080 0080 0080 0080 0079
0079 0078 0078 0078 0077 0077 0077 0077 0077 0077 0077 0077.
0077 0077 0077 0077 0077 0076 0076 0076 0076 0075 0075 0075
0074 0074 0074 0073 0073 0072 0072 0072 0072 0072 0072 0072.
0072 0073 0073 0073 0073 0073 0073 0073 0073 0073 0072 0072
0072 0072 0072 0072 0071 0071 0071 0071 0071 0072 0072 0072.
0072 0072 0073 0073 0073 0073 0073 0073 0073 0073 0073 0073
0073 0073 0073 0073 0073 0073 0073 0073 0074 0074 0074 0075.
0075 0075 0075 0075 0076 0076 0076 0076 0077 0077 0077 0077
0077 0077 0077 0077 0077 0077 0077 0077 0078 0078 0078 0078.
0078 0078 0078 0079 0079 0079 0079 0079 0079 0079 0079 0079
0079 0079 0079 0079 0079 0080 0079 0080 0080 0080 0080 0080.
0081 0081 0081 0081 0081 0081 0082 0082 0082 0082 0082 0081
0082 0082 0082 0081 0081 0081 0081 0081 0081 0081 0081 0081.
0081 0081 0081 0081 0081 0081 0081 0081 0081 0081 0081 0081
0081 0081 0081 0080 0080 0080 0080 0080 0079 0079 0079 0079=
KB
0121 0122 0121 0121 0121 0121 0121 0121 0121 0121 0121 0121
0121 0121 0121 0121 0121 0121 0121 0121 0121 0121 0121 0121.
0121 0121 0121 0121 0121 0121 0121 0121 0121 0121 0121 0121
0121 0121 0121 0121 0121 0122 0122 0122 0122 0121 0121 0121.
0121 0121 0121 0122 0121 0121 0121 0121 0121 0122 0122 0121
0122 0122 0122 0122 0122 0122 0122 0122 0122 0122 0122 0122.
0122 0122 0122 0121 0122 0122 0122 0122 0122 0122 0122 0122
0122 0122 0122 0122 0122 0122 0122 0122 0122 0122 0122 0122.
0122 0122 0122 0122 0122 0122 0122 0122 0122 0122 0122 0122
0122 0122 0122 0122 0122 0122 0122 0122 0122 0122 0122 0122.
0122 0122 0122 0122 0122 0122 0122 0122 0122 0122 0122 0122
0122 0122 0122 0122 0122 0122 0122 0122 0122 0122 0122 0122.
0122 0122 0122 0122 0122 0122 0122 0122 0122 0122 0122 0122
0122 0122 0122 0122 0122 0122 0122 0122 0121 0121 0121 0121.
0121 0121 0121 0121 0121 0121 0121 0121 0121 0121 0121 0121
0121 0121 0121 0121 0120 0120 0120 0120 0120 0120 0120 0120.
0120 0120 0120 0120 0120 0120 0119 0119 0119 0119 0119 0119
0119 0119 0119 0119 0119 0119 0119 0119 0119 0119 0119 0118.
0118 0118 0118 0118 0118 0118 0118 0118 0118 0118 0118 0118
0118 0118 0118 0118 0118 0118 0118 0118 0118 0118 0118 0118.
0117 0117 0117 0117 0117 0117 0117 0117 0117 0117 0117 0117
0117 0117 0117 0117 0117 0117 0117 0117 0117 0117 0117 0116.
0117 0117 0117 0116 0116 0116 0116 0116 0116 0116 0116 0116
0116 0116 0116 0116 0116 0116 0116 0116 0116 0116 0116 0116.
0116 0116 0116 0116 0116 0116 0115 0115 0115 0115 0115 0115
0115 0115 0115 0115 0115 0115 0115 0115 0115 0115 0115 0114.
0114 0114 0114 0114 0114 0114 0114 0114 0114 0114 0114 0114
0114 0114 0114 0114 0113 0113 0114 0113 0113 0113 0113 0113.
0113 0113 0113 0113 0113 0113 0113 0113 0113 0113 0113 0113
0113 0113 0113 0113 0113 0113 0113 0112 0112 0112 0112 0112.
0112 0112 0112 0112 0112 0112 0112 0112 0112 0111 0111 0111
0111 0111 0111 0111 0111 0111 0111 0111 0111 0111 0111 0111.
0111 0111 0111 0111 0111 0111 0111 0111 0111 0111 0111 0111
0111 0111 0111 0111 0111 0111 0111 0111 0111 0111 0111 0111.
0111 0111 0111 0111 0111 0111 0111 0111 0111 0111 0110 0111
0111 0111 0111 0111 0111 0111 0111 0111 0111 0111 0111 0111.
0111 0110 0110 0110 0110 0110 0110 0110 0110 0110 0110 0110
0110 0110 0110 0110 0110 0110 0110 0110 0110 0110 0110 0110.
0110 0110 0110 0110 0110 0110 0110 0109 0109 0109 0109 0109
0109 0109 0109 0109 0109 0109 0109 0109 0109 0109 0109 0109.
0109 0109 0109 0109 0109 0109 0109 0109 0109 0109 0108 0108
0108 0108 0108 0108 0108 0108 0108 0108 0108 0108 0108 0108.
0108 0108 0108 0107 0107 0107 0107 0107 0107 0107 0107 0107
0107 0107 0107 0107 0106 0107 0106 0106 0106 0106 0106 0106.
0106 0106 0106 0106 0106 0105 0105 0105 0105 0105 0105 0105
0105 0105 0105 0105 0105 0105 0105 0105 0104 0104 0104 0104.
0104 0104 0104 0104 0104 0104 0103 0103 0103 0103 0103 0103
0103 0103 0103 0103 0103 0103 0103 0102 0102 0102 0102 0102.
0102 0102 0101 0101 0101 0101 0101 0101 0101 0101 0101 0100
0100 0100 0100 0100 0100 0100 0100 0100 0100 0099 0099 0099.
0099 0099 0099 0098 0098 0098 0098 0098 0098 0098 0098 0098
0097 0097 0097 0097 0097 0097 0097 0097 0097 0097 0096 0097.
0096 0096 0096 0096 0096 0096 0096 0096 0096 0096 0096 0096
0096 0096 0096 0095 0095 0095 0095 0095 0095 0095 0095 0095.
0095 0095 0095 0095 0095 0095 0095 0095 0095 0095 0095 0095
0095 0095 0095 0095 0095 0095 0095 0095 0095 0095 0095 0095.
0095 0095 0095 0095 0095 0095 0095 0095 0095 0096 0095 0096
0096 0096 0096 0096 0096 0096 0096 0096 0096 0096 0096 0096.
0096 0096 0096 0096 0096 0096 0096 0096 0096 0096 0096 0096
0096 0096 0096 0096 0097 0097 0097 0097 0097 0097 0097 0097.
0097 0097 0097 0097 0097 0097 0097 0097 0097 0097 0097 0097
0097 0097 0097 0097 0097 0097 0097 0097 0097 0097 0097 0097=
0161 0161 0161 0161 0161 0161 0161 0161 0161 0161 0161 0161
0160 0160 0160 0160 0160 0160 0160 0160 0160 0160 0160 0160.
0160 0160 0160 0160 0160 0160 0160 0160 0160 0160 0160 0160
0159 0160 0160 0159 0160 0160 0160 0159 0159 0159 0159 0159.
0159 0159 0159 0159 0159 0159 0159 0159 0159 0159 0159 0159
0159 0159 0159 0159 0159 0159 0159 0159 0159 0159 0158 0159.
0158 0158 0158 0158 0158 0158 0158 0158 0158 0158 0158 0158
0158 0158 0158 0158 0158 0158 0158 0158 0158 0158 0158 0158.
0158 0158 0158 0158 0158 0157 0157 0157 0157 0157 0157 0157
0157 0157 0157 0157 0157 0157 0157 0157 0157 0157 0157 0157.
0157 0157 0157 0157 0157 0157 0157 0157 0157 0157 0157 0157
0157 0157 0157 0157 0157 0157 0157 0156 0157 0156 0156 0156.
0156 0156 0156 0156 0156 0156 0156 0156 0156 0156 0156 0156
0156 0156 0156 0156 0156 0156 0156 0156 0156 0156 0156 0156.
0156 0156 0156 0156 0156 0156 0156 0156 0156 0156 0156 0156
0156 0156 0156 0156 0155 0155 0155 0155 0155 0155 0155 0155.
0155 0155 0155 0155 0155 0155 0155 0155 0155 0155 0155 0155
0155 0155 0155 0155 0155 0155 0155 0155 0155 0155 0155 0155.
0155 0155 0155 0155 0155 0155 0154 0154 0154 0154 0154 0154
0154 0154 0154 0154 0154 0154 0154 0154 0154 0154 0154 0154.
0154 0154 0154 0154 0154 0154 0154 0154 0154 0154 0154 0154
0154 0154 0154 0154 0154 0154 0154 0153 0154 0154 0153 0153.
0153 0153 0153 0153 0153 0153 0153 0153 0153 0153 0153 0153
0153 0153 0153 0153 0153 0153 0153 0153 0153 0153 0153 0153.
0153 0153 0153 0153 0152 0152 0152 0152 0152 0152 0152 0152
0152 0152 0152 0152 0152 0152 0152 0152 0152 0152 0152 0152.
0152 0152 0152 0152 0152 0152 0152 0152 0152 0152 0152 0152
0152 0151 0151 0152 0151 0151 0151 0151 0151 0151 0151 0151.
0151 0151 0151 0151 0151 0151 0151 0151 0151 0151 0151 0151
0151 0151 0151 0151 0151 0151 0151 0151 0151 0150 0150 0150.
0150 0150 0150 0150 0150 0150 0150 0150 0150 0150 0150 0150
0150 0150 0150 0150 0150 0150 0150 0150 0150 0150 0150 0150.
0150 0150 0150 0150 0150 0149 0149 0149 0149 0149 0149 0149
0149 0149 0149 0149 0149 0149 0149 0149 0149 0149 0149 0149.
0149 0149 0149 0149 0149 0149 0149 0149 0149 0149 0149 0149
0148 0148 0148 0148 0148 0148 0148 0148 0148 0148 0148 0148.
0148 0148 0148 0148 0148 0148 0148 0148 0148 0148 0148 0148
0148 0148 0148 0148 0148 0148 0148 0148 0148 0148 0147 0147.
0147 0147 0147 0147 0147 0147 0147 0147 0147 0147 0147 0147
0147 0147 0147 0147 0147 0147 0147 0147 0147 0147 0147 0147.
0147 0147 0147 0147 0147 0147 0147 0147 0146 0147 0146 0146
0146 0146 0146 0146 0146 0146 0146 0146 0146 0146 0146 0146.
0146 0146 0146 0146 0146 0146 0146 0146 0146 0146 0146 0146
0146 0146 0146 0146 0146 0146 0146 0146 0145 0146 0146 0145.
0145 0145 0145 0145 0145 0145 0145 0145 0145 0145 0145 0145
0145 0145 0145 0145 0145 0145 0145 0145 0145 0145 0145 0145.
0145 0145 0145 0145 0145 0144 0144 0144 0144 0144 0144 0144
0144 0144 0144 0144 0144 0144 0144 0144 0144 0144 0144 0144.
0144 0144 0144 0144 0144 0144 0144 0144 0143 0144 0144 0143
0144 0143 0144 0143 0144 0143 0143 0143 0143 0143 0143 0143.
0143 0143 0143 0143 0143 0143 0143 0143 0143 0143 0143 0143
0142 0143 0143 0142 0142 0142 0142 0142 0142 0142 0142 0142.
0142 0142 0142 0142 0142 0142 0142 0142 0142 0142 0142 0142
0142 0142 0142 0141 0142 0141 0141 0141 0141 0141 0141 0141.
0141 0141 0141 0141 0141 0141 0141 0141 0141 0141 0141 0141
0140 0141 0141 0140 0140 0140 0140 0140 0140 0140 0140 0140.
0140 0140 0140 0140 0140 0140 0140 0140 0140 0140 0140 0140
0139 0139 0139 0139 0139 0140 0139 0139 0139 0139 0139 0139.
0139 0139 0139 0139 0139 0139 0139 0139 0139 0139 0139 0138
0139 0138 0139 0138 0138 0138 0138 0138 0138 0138 0138 0138.
0138 0138 0138 0138 0138 0138 0138 0138 0138 0138 0138 0138
0138 0138 0138 0137 0137 0137 0137 0137 0137 0137 0137 0137=
0197 0197 0196 0197 0197 0196 0196 0196 0196 0196 0196 0196
0196 0196 0196 0196 0196 0196 0196 0196 0196 0196 0196 0196.
0196 0196 0196 0196 0196 0196 0196 0196 0196 0196 0196 0196
0196 0196 0196 0196 0196 0196 0196 0196 0196 0196 0196 0196.
0196 0196 0195 0195 0195 0195 0195 0195 0195 0195 0195 0195
0195 0195 0195 0195 0196 0195 0195 0195 0195 0195 0195 0195.
0195 0195 0195 0195 0195 0195 0195 0195 0195 0195 0195 0195
0195 0195 0195 0195 0195 0195 0195 0195 0195 0195 0195 0195.
0195 0195 0195 0195 0195 0194 0194 0194 0194 0194 0194 0194
0194 0194 0194 0194 0194 0194 0194 0194 0194 0194 0194 0194.
0194 0194 0194 0194 0194 0194 0194 0194 0194 0194 0194 0194
0194 0194 0194 0194 0194 0194 0194 0194 0194 0194 0194 0194.
0194 0194 0194 0194 0194 0193 0194 0194 0194 0193 0193 0193
0193 0193 0193 0193 0193 0193 0193 0193 0193 0193 0193 0193.
0193 0193 0193 0193 0193 0193 0193 0193 0193 0193 0193 0193
0193 0193 0193 0193 0193 0193 0193 0193 0193 0193 0193 0193.
0193 0193 0193 0193 0192 0192 0192 0192 0192 0192 0192 0192
0192 0192 0192 0192 0192 0192 0192 0192 0192 0192 0192 0192.
0192 0192 0192 0192 0192 0192 0192 0192 0192 0192 0192 0192
0192 0192 0192 0192 0192 0192 0192 0192 0192 0192 0192 0192.
0192 0192 0192 0192 0192 0192 0192 0192 0191 0192 0191 0191
0191 0191 0191 0191 0191 0191 0191 0191 0191 0191 0191 0191.
0191 0191 0191 0191 0191 0191 0191 0191 0191 0191 0191 0191
0191 0191 0191 0191 0191 0191 0191 0191 0191 0191 0191 0191.
0191 0191 0191 0191 0191 0191 0191 0191 0191 0191 0191 0190
0190 0190 0190 0190 0191 0190 0190 0190 0190 0190 0190 0190.
0190 0190 0190 0190 0190 0190 0190 0190 0190 0190 0190 0190
0190 0190 0190 0190 0190 0190 0190 0190 0190 0190 0190 0190.
0190 0190 0190 0190 0190 0190 0190 0190 0190 0190 0189 0189
0190 0189 0189 0190 0190 0190 0190 0189 0189 0189 0189 0189.
0189 0189 0189 0189 0189 0189 0189 0189 0189 0189 0189 0189
0189 0189 0189 0189 0189 0189 0189 0189 0189 0189 0189 0189.
0189 0189 0189 0189 0189 0189 0189 0189 0189 0189 0189 0189
0188 0189 0189 0189 0189 0189 0189 0189 0189 0188 0188 0188.
0188 0188 0188 0188 0188 0188 0188 0188 0188 0188 0188 0188
0188 0188 0188 0188 0188 0188 0188 0188 0188 0188 0188 0188.
0188 0188 0188 0188 0188 0188 0188 0188 0188 0188 0188 0188
0188 0188 0188 0188 0188 0188 0188 0188 0188 0187 0187 0187.
0187 0187 0187 0187 0187 0187 0187 0187 0187 0187 0187 0187
0187 0187 0187 0187 0187 0187 0187 0187 0187 0187 0187 0187.
0187 0187 0187 0187 0187 0187 0187 0187 0187 0187 0187 0187
0187 0187 0187 0187 0187 0187 0187 0187 0187 0187 0186 0186.
0186 0186 0186 0186 0186 0186 0186 0186 0186 0186 0186 0186
0186 0186 0186 0186 0186 0186 0186 0186 0186 0186 0186 0186.
0186 0186 0186 0186 0186 0186 0186 0186 0186 0186 0186 0186
0186 0186 0186 0186 0186 0186 0186 0186 0186 0186 0185 0185.
0185 0186 0186 0185 0185 0185 0185 0185 0185 0185 0185 0185
0185 0185 0185 0185 0185 0185 0185 0185 0185 0185 0185 0185.
0185 0185 0185 0185 0185 0185 0185 0185 0185 0185 0185 0185
0185 0185 0185 0185 0185 0185 0185 0185 0185 0185 0185 0185.
0185 0185 0184 0184 0184 0184 0184 0184 0184 0184 0184 0184
0184 0184 0184 0184 0184 0184 0184 0184 0184 0184 0184 0184.
0184 0184 0184 0184 0184 0184 0184 0184 0184 0184 0184 0184
0184 0184 0184 0184 0184 0184 0184 0184 0184 0184 0184 0184.
0184 0184 0184 0184 0184 0184 0184 0184 0183 0184 0183 0183
0183 0183 0183 0183 0183 0183 0183 0183 0183 0183 0183 0183.
0183 0183 0183 0183 0183 0183 0183 0183 0183 0183 0183 0183
0183 0183 0183 0183 0183 0183 0183 0183 0183 0183 0183 0183.
0183 0183 0183 0183 0183 0183 0183 0183 0182 0182 0182 0182
0182 0182 0182 0182 0182 0182 0182 0182 0182 0182 0182 0182.
0182 0182 0182 0182 0182 0182 0182 0182 0182 0182 0182 0182
0182 0182 0182 0182 0182 0182 0182 0182 0182 0182 0182 0182=
A=
SA=
BA
0035 0051 0056 0055 0056 0056 0056 0056 0056 0055 0056 0060
0072 0098 0154 0203 0177 0264 0215 0178 0100 0062 0054 0040 0289 1345 0011 2001.
0035 0030 0027 0026 0026 0034 0031 0032 0031 0008 0013 0034
0079 0111 0146 0192 0194 0160 0157 0120 0100 0082 0069 0032 0203 1203 0003 0612.
0020 0019 0011 0005 -002 -007 -010 -017 0042 0052 -004 0046
0078 0117 0196 0272 0294 0313 0266 0180 0116 0072 0045 0020 0315 1344 -017 0358.
0015 0013 0036 0020 0040 0056 0055 0031 0036 0060 0068 0072
0078 0076 0082 0099 0127 0096 0099 0091 0090 0082 0081 0081 0130 1303 0013 2156.
0080 0078 0077 0079 0076 0083 0083 0074 0064 0058 0054 0056
0059 0064 0065 0069 0063 0065 0061 0059 0058 0052 0049 0047 0083 0120 0046 1942.
0049 0048 0047 0047 0048 0050 0049 0046 0046 0045 0046 0047
0049 0056 0058 0066 0080 0095 0097 0089 0076 0022 0002 0044 0102 1543 0001 1924.
0050 0052 0051 0050 0049 0047 0050 0050 0048 0050 0046 0053
0045 0039 0035 0029 0045 0085 0049 0056 0048 0041 0040 0040 0092 1407 0026 1125.
0041 0041 0040 0040 0023 0022 0001 0007 -011 -002 0036 0041
0056 0061 0065 0079 0074 0090 0074 0067 0062 0044 0042 0037 0097 1351 -013 0502.
0037 0039 0038 0040 0040 0040 0030 0042 0043 0040 0038 0040
0044 0056 0075 0074 0062 0063 0053 0057 0049 0043 0045 0043 0078 1128 0029 0301.
0047 0046 0045 0011 0017 0032 0044 0043 0040 0041 0042 0044
0057 0075 0082 0080 0078 0068 0075 0062 0060 0049 0047 0047 0084 1230 0006 0119.
0047 0046 0046 0049 0049 0051 0052 0048 0048 0051 0040 0040
0048 0077 0088 0100 0112 0119 0095 0070 0054 0039 0038 0034 0130 1327 0034 1958.
0033 0030 0026 0021 0021 0022 0018 0018 0017 0012 0015 0017
0018 0023 0034 0033 0043 0066 0071 0050 0040 0026 0026 0019 0082 1431 0012 0558.
0014 0017 0017 0015 0013 0013 0012 0012 0013 0014 0015 0020
0035 0059 0077 0099 0123 0152 0123 0099 0065 0046 0041 0037 0154 1359 0011 0142.
0035 0034 0031 0030 0025 0021 0019 0022 0021 0021 0003 0030
0060 0082 0115 0159 0184 0192 0175 0142 0090 0035 0006 -009 0200 1347 -009 1951.
-003 -020 -024 -030 -032 -036 -041 -042 -041 -045 -048 -037
0028 0098 0176 0232 0248 0230 0177 0112 0068 0044 0049 0048 0260 1319 -048 0653.
0048 0049 0050 0050 0049 0048 0047 0045 0039 0038 0037 0040
0043 0048 0055 0048 0054 0055 0060 0060 0057 0048 0045 0043 0066 1524 0036 0705.
0042 0039 0019 0011 0021 0032 0036 0043 0014 0017 0000 -006
0063 0114 0170 0244 0282 0286 0245 0175 0109 0053 0041 0015 0298 1350 -011 0721.
0003 -007 -012 -015 -013 -021 -019 -027 -025 -025 -026 -008
0042 0091 0133 0175 0182 0130 0107 0083 0063 0044 0038 0033 0229 1235 -032 0626.
0022 0024 0024 0027 0023 0021 0021 0021 0021 0019 0017 0018
0035 0066 0112 0110 0124 0110 0102 0075 0055 0037 0032 0031 0126 1302 0016 2224.
0030 0029 0029 0027 0025 0025 0023 0023 0023 0027 0023 0023
0029 0026 0018 0030 0044 0045 0038 0038 0036 0024 0021 0020 0048 1309 0016 1044.
0018 0014 0014 0010 0008 0003 0000 -003 -009 -007 -002 -002
-003 0005 0018 0041 0042 0048 0042 0040 0037 0012 0009 0010 0052 1404 -009 0436.
0009 0005 0005 0005 0005 0006 0005 -001 -010 -009 -009 -007
0015 0039 0041 0058 0053 0051 0049 0032 0022 0001 -003 0000 0067 1345 -010 0425.
-010 -017 -016 -018 -018 -017 -020 -023 -024 -026 -030 -029
-010 0050 0115 0167 0203 0190 0158 0095 0031 -012 -033 -051 0209 1247 -052 1950.
-067 -066 -049 -055 -068 -073 -076 -083 -066 -073 -080 -072
0000 0054 0147 0199 0228 0223 0179 0116 0038 -008 -031 -054 0238 1239 -091 0731.
-056 -072 -084 -093 -100 -100 -093 -082 -082 -097 -106 -089
0002 0062 0159 0216 0245 0257 0192 0125 0039 0005 -007 -005 0260 1318 -108 0711.
-006 -033 -053 -036 -043 -060 -059 -062 -043 -019 -016 -010
0020 0049 0112 0158 0151 0180 0116 0085 0067 0040 0025 0017 0186 1402 -067 0222.
-011 -009 -012 -016 -002 0004 0004 0003 0007 0010 0012 0016
0025 0054 0135 0154 0187 0164 0125 0111 0083 0055 0049 0045 0200 1422 -018 2344.
0041 0039 0039 0036 0036 0037 0035 0035 0034 0034 0034 0035
0050 0060 0066 0083 0098 0094 0078 0077 0060 0045 0036 0032 0101 1256 0032 1957.
0032 0032 0031 0030 0031 0031 0029 0028 0027 0026 0026 0033
0061 0085 0105 0135 0190 0186 0159 0108 0068 0051 0045 0039 0245 1247 0026 0600.
0039 0037 0036 0035 0033 0031 0029 0023 0007 0012 0015 0025
0034 0046 0063 0086 0097 0092 0054 0052 0052 0037 0033 0033 0101 1306 0002 0442.
0034 0032 0029 0022 0025 0025 0023 0026 0023 0019 0000 -010
-009 -009 -008 -005 0000 0027 0037 0035 0021 0011 0008 0008 0042 1454 -010 0754=
=
??????
******
YF
19011










20160210=
JY
8888=
GK
01/
05/=
BZ
10/03/08;14;20

10/24/24
11/=
######
