57461 3042N 11118E 001331 001343 105 000 S14 11111999919199111991 0 2016 03
PC
0119 0118 0115 0109 0105 0100 0092 0086 0083 0081 0080 0084
0088 0085 0078 0070 0057 0044 0036 0034 0037 0043 0054 0061 0120 2030 0033 1552.
0066 0075 0076 0079 0078 0076 0070 0066 0068 0072 0076 0083
0087 0088 0081 0075 0058 0045 0038 0034 0034 0037 0051 0056 0089 0947 0032 1627.
0059 0063 0059 0054 0050 0040 0035 0028 0028 0029 0030 0035
0037 0035 0030 0021 0008 9995 9986 9982 9980 9982 9989 9995 0065 2146 9980 1620.
9998 0001 0000 9998 9995 9991 9985 9980 9978 9980 9985 9993
9999 9996 9995 9987 9976 9963 9957 9957 9959 9969 9980 9991 0002 2223 9956 1512.
0003 0014 0023 0027 0034 0032 0031 0027 0025 0030 0041 0039
0048 0048 0051 0044 0033 0019 0013 0012 0011 0016 0026 0031 0051 1022 9991 2001.
0037 0042 0044 0045 0043 0038 0033 0027 0026 0026 0025 0028
0029 0025 0020 0010 9993 9975 9962 9953 9951 9953 9959 9966 0046 2235 9950 1642.
9972 9977 9978 9976 9974 9970 9963 9958 9960 9962 9969 9976
9983 9986 9983 9981 9970 9956 9950 9944 9948 9953 9956 9959 9987 0944 9944 1553.
9967 9968 9970 9973 9973 9974 9974 9970 9974 9978 9984 9992
0001 0009 0015 0019 0011 0007 0007 0015 0025 0039 0048 0061 0061 1959 9959 2001.
0080 0085 0094 0095 0088 0086 0082 0086 0090 0103 0111 0122
0130 0132 0134 0128 0126 0117 0114 0120 0132 0146 0154 0168 0168 1959 0061 2001.
0180 0184 0185 0190 0185 0183 0184 0180 0185 0186 0192 0194
0198 0195 0193 0184 0172 0156 0147 0142 0144 0144 0146 0147 0198 0859 0142 1558.
0152 0156 0150 0143 0137 0137 0135 0130 0131 0133 0135 0137
0135 0130 0124 0111 0096 0081 0064 0058 0052 0052 0055 0058 0157 2140 0051 1738.
0063 0062 0059 0055 0051 0039 0031 0027 0021 0014 0013 0016
0013 0014 0011 0005 9990 9976 9969 9968 9973 9987 9997 0008 0063 2100 9968 1452.
0017 0024 0026 0030 0029 0034 0038 0032 0032 0041 0049 0057
0065 0072 0077 0073 0063 0051 0048 0049 0054 0069 0081 0088 0088 2000 0008 2001.
0096 0105 0105 0110 0111 0107 0104 0103 0101 0098 0106 0106
0113 0113 0110 0101 0089 0072 0068 0057 0053 0052 0052 0057 0114 0826 0051 1856.
0058 0061 0056 0056 0053 0051 0042 0034 0029 0031 0028 0034
0037 0034 0031 0019 0006 9995 9985 9979 9981 9987 9993 0000 0062 2130 9979 1545.
0010 0015 0015 0014 0011 0008 0004 9994 9995 0000 0007 0018
0030 0034 0031 0026 0017 0006 0003 0001 0001 0005 0004 0011 0035 1010 9992 0422.
0015 0016 0016 0012 0006 0000 9997 9984 9993 9990 9987 9998
0006 0006 0001 9996 9989 9978 9971 9968 9968 9973 9978 9985 0019 2144 9967 1627.
9991 9988 9989 9980 9974 9971 9966 9956 9958 9963 9970 9978
9980 9981 9978 9970 9957 9942 9936 9935 9938 9948 9959 9972 9991 2047 9934 1522.
9981 9988 9989 9992 9991 9989 9989 9988 9989 9993 9998 0006
0013 0016 0017 0010 0000 9989 9980 9973 9973 9978 9983 9991 0018 1020 9972 2001.
0000 0002 0000 9999 0001 9997 9990 9992 9994 9995 9999 0010
0018 0024 0018 0011 0007 0006 9998 9998 0000 0007 0013 0025 0025 1959 9988 0318.
0034 0039 0039 0039 0036 0033 0029 0026 0023 0030 0035 0041
0044 0048 0050 0042 0035 0025 0016 0011 0010 0013 0018 0022 0050 1031 0010 1612.
0024 0026 0028 0024 0021 0012 0008 0003 9999 0001 0006 0007
0010 0014 0011 0002 9997 9990 9984 9983 9985 9995 0005 0016 0028 2241 9982 1551.
0026 0036 0037 0037 0040 0043 0044 0045 0046 0057 0068 0082
0092 0100 0102 0097 0093 0088 0082 0083 0086 0094 0102 0111 0111 1958 0016 2001.
0123 0135 0139 0147 0147 0148 0148 0147 0146 0150 0152 0158
0160 0161 0160 0157 0151 0136 0127 0124 0124 0127 0134 0141 0163 1029 0111 2001.
0147 0150 0147 0142 0136 0129 0122 0117 0113 0117 0122 0130
0135 0135 0128 0121 0109 0097 0089 0088 0086 0088 0096 0108 0150 2155 0085 1633.
0122 0130 0121 0119 0117 0110 0106 0095 0098 0100 0114 0129
0138 0139 0134 0126 0115 0106 0097 0094 0094 0099 0107 0115 0141 0931 0092 0412.
0123 0128 0128 0126 0125 0120 0116 0113 0113 0115 0116 0123
0128 0128 0121 0109 0095 0082 0068 0059 0053 0056 0062 0071 0130 0927 0053 1647.
0076 0080 0078 0079 0075 0068 0063 0056 0053 0055 0058 0060
0062 0058 0051 0041 0030 0013 9998 9995 9991 9999 9999 0001 0080 2159 9991 1613.
0014 0018 0018 0013 0013 0010 0006 0004 0005 0006 0006 0025
0031 0031 0029 0027 0024 0021 0014 0011 0011 0018 0024 0035 0035 0938 0001 2001.
0042 0042 0049 0047 0038 0036 0029 0024 0026 0026 0033 0040
0040 0048 0046 0045 0035 0027 0015 0014 0011 0015 0015 0024 0051 2252 0011 1658.
0032 0032 0034 0033 0032 0025 0016 0009 0006 0006 0009 0014
0025 0021 0014 0003 9992 9978 9972 9965 9962 9962 9966 9971 0035 2137 9961 1658=
0264 0249 0206 0225
0238 0246 0206 0218
0200 0197 0154 0156
0150 0154 0121 0151
0190 0199 0178 0191
0198 0189 0133 0126
0129 0135 0115 0119
0134 0153 0169 0225
0251 0289 0284 0338
0353 0365 0324 0315
0305 0305 0246 0224
0203 0181 0139 0172
0197 0221 0213 0252
0271 0271 0235 0221
0213 0197 0156 0162
0170 0181 0169 0174
0162 0160 0139 0147
0133 0140 0101 0133
0148 0167 0147 0151
0155 0169 0166 0186
0194 0203 0186 0183
0173 0168 0150 0178
0204 0245 0250 0274
0311 0322 0300 0305
0293 0295 0260 0273
0273 0294 0269 0279
0284 0288 0244 0234
0229 0222 0173 0161
0168 0185 0181 0196
0197 0201 0187 0185
0186 0175 0137 0131=
TB
0118 0105 0096 0090 0083 0075 0072 0068 0063 0066 0066 0069
0089 0123 0139 0160 0172 0180 0187 0190 0181 0171 0162 0153 0191 1532 0061 0714.
0150 0133 0128 0121 0115 0113 0114 0113 0112 0106 0103 0105
0116 0134 0169 0186 0196 0204 0212 0210 0206 0197 0187 0162 0214 1504 0101 0719.
0152 0147 0141 0136 0136 0135 0128 0124 0123 0121 0118 0117
0131 0153 0173 0191 0204 0217 0217 0217 0214 0198 0186 0171 0220 1522 0115 0738.
0163 0159 0151 0141 0131 0126 0119 0116 0111 0108 0104 0115
0128 0154 0171 0191 0215 0235 0243 0237 0231 0221 0204 0198 0245 1454 0104 0650.
0194 0195 0177 0174 0166 0164 0166 0162 0163 0153 0145 0144
0147 0152 0162 0166 0180 0187 0198 0200 0197 0190 0183 0178 0203 1547 0144 0758.
0171 0161 0155 0155 0151 0142 0139 0139 0131 0123 0114 0120
0138 0161 0176 0193 0203 0218 0226 0224 0221 0210 0196 0183 0230 1432 0113 0702.
0172 0161 0157 0147 0139 0133 0128 0133 0137 0138 0141 0141
0146 0159 0172 0172 0184 0186 0192 0191 0184 0176 0168 0160 0194 1528 0127 0237.
0159 0155 0154 0142 0132 0131 0134 0133 0131 0125 0126 0126
0126 0126 0114 0104 0103 0108 0107 0106 0099 0100 0099 0098 0161 2007 0098 1706.
0097 0091 0085 0080 0080 0079 0078 0077 0075 0069 0056 0042
0040 0041 0043 0044 0054 0060 0068 0057 0041 0027 0023 0022 0098 2001 0022 1959.
0021 0021 0024 0022 0024 0024 0025 0025 0027 0027 0029 0033
0045 0055 0071 0078 0085 0096 0093 0096 0095 0088 0082 0075 0099 1402 0019 2048.
0067 0055 0048 0044 0041 0032 0033 0030 0032 0026 0027 0037
0058 0077 0095 0112 0125 0137 0143 0138 0127 0116 0104 0093 0147 1453 0025 0556.
0082 0078 0074 0064 0059 0055 0052 0049 0043 0042 0044 0056
0060 0071 0082 0093 0116 0125 0136 0133 0130 0120 0110 0107 0139 1534 0039 0617.
0105 0103 0102 0100 0097 0096 0094 0092 0087 0087 0088 0091
0099 0110 0122 0138 0160 0171 0175 0168 0159 0154 0144 0138 0183 1410 0086 0503.
0129 0113 0098 0092 0087 0077 0072 0065 0065 0059 0053 0067
0084 0108 0140 0147 0149 0155 0151 0151 0156 0147 0137 0133 0160 1628 0053 0658.
0130 0123 0117 0115 0109 0107 0104 0103 0096 0097 0097 0098
0107 0108 0121 0144 0152 0166 0173 0166 0160 0147 0136 0128 0181 1508 0096 0500.
0118 0108 0101 0096 0094 0090 0083 0084 0080 0081 0080 0086
0095 0105 0110 0120 0126 0132 0138 0138 0136 0134 0130 0127 0141 1512 0078 0526.
0122 0118 0116 0112 0111 0100 0097 0095 0096 0098 0097 0098
0101 0112 0122 0136 0143 0151 0143 0144 0140 0137 0133 0129 0154 1409 0095 0350.
0124 0117 0109 0102 0098 0092 0086 0086 0085 0083 0083 0096
0111 0138 0171 0199 0217 0229 0235 0231 0223 0209 0191 0177 0240 1511 0081 0647.
0173 0158 0147 0138 0131 0129 0121 0116 0113 0111 0111 0121
0146 0174 0196 0216 0229 0238 0240 0238 0230 0221 0206 0191 0245 1551 0109 0618.
0183 0175 0172 0163 0160 0153 0147 0148 0146 0142 0142 0150
0154 0159 0172 0180 0176 0163 0152 0151 0151 0150 0148 0150 0191 2001 0140 0609.
0149 0148 0143 0141 0139 0138 0138 0138 0136 0135 0134 0134
0136 0142 0143 0146 0154 0158 0160 0160 0161 0159 0154 0150 0165 1437 0132 0717.
0148 0144 0143 0139 0137 0134 0132 0130 0129 0124 0125 0131
0148 0166 0179 0188 0185 0181 0181 0176 0166 0142 0134 0129 0190 1204 0124 0537.
0126 0126 0124 0122 0122 0121 0121 0116 0118 0118 0118 0124
0133 0135 0143 0151 0154 0160 0161 0167 0164 0160 0153 0145 0168 1604 0116 0357.
0145 0143 0140 0125 0121 0121 0115 0111 0108 0107 0104 0110
0113 0121 0129 0135 0138 0145 0153 0150 0146 0143 0137 0131 0157 1506 0104 0631.
0128 0120 0108 0103 0094 0088 0084 0078 0074 0075 0070 0081
0097 0121 0137 0148 0163 0168 0170 0163 0161 0154 0145 0118 0177 1420 0069 0638.
0108 0099 0099 0096 0094 0094 0097 0094 0091 0089 0091 0095
0100 0118 0138 0158 0164 0173 0176 0175 0168 0161 0153 0143 0182 1415 0089 0543.
0132 0121 0107 0098 0091 0083 0078 0077 0071 0070 0064 0080
0105 0132 0166 0189 0203 0206 0213 0207 0206 0190 0177 0157 0217 1510 0064 0646.
0151 0135 0133 0118 0107 0104 0095 0088 0083 0080 0079 0103
0127 0154 0181 0203 0218 0229 0238 0241 0233 0224 0210 0196 0247 1522 0078 0616.
0184 0178 0173 0167 0161 0159 0155 0152 0148 0146 0147 0147
0150 0157 0162 0171 0168 0174 0178 0178 0170 0170 0160 0157 0195 2001 0145 0627.
0153 0147 0141 0138 0130 0128 0125 0124 0125 0127 0126 0127
0135 0139 0146 0154 0172 0198 0207 0188 0184 0182 0175 0165 0207 1458 0124 0303.
0159 0142 0134 0125 0117 0110 0108 0099 0097 0096 0099 0111
0131 0160 0180 0200 0220 0230 0225 0231 0219 0208 0196 0181 0238 1419 0095 0539=
IB
=
-020 -006 0002 0007 0005 0000 0013 0011 0010 0015 0007 0022
0011 0016 -002 -003 -005 0006 0008 0006 0012 0019 0036 0031.
0041 0073 0066 0084 0094 0096 0095 0090 0088 0089 0089 0091
0088 0083 0081 0068 0060 0056 0067 0065 0062 0057 0055 0077.
0091 0099 0101 0098 0104 0107 0112 0108 0109 0108 0107 0108
0105 0111 0107 0090 0093 0096 0096 0093 0090 0082 0091 0098.
0095 0096 0099 0099 0097 0094 0095 0099 0097 0097 0095 0104
0098 0102 0102 0107 0109 0106 0113 0107 0121 0129 0129 0130.
0131 0132 0150 0150 0148 0124 0113 0126 0123 0132 0129 0128
0129 0129 0127 0111 0116 0105 0075 0074 0050 0032 0030 0021.
0023 0035 0036 0042 0069 0073 0072 0074 0075 0072 0084 0085
0082 0060 0062 0064 0070 0076 0083 0089 0096 0093 0095 0102.
0103 0100 0105 0103 0099 0105 0100 0108 0107 0108 0107 0109
0106 0113 0103 0110 0112 0109 0118 0119 0133 0137 0139 0140.
0149 0149 0148 0134 0113 0103 0098 0092 0108 0112 0115 0117
0101 0083 0077 0088 0089 0091 0088 0089 0061 0060 0041 0040.
0037 0024 0023 0007 0005 0011 0001 0004 0002 -028 -022 0004
0012 0004 -001 0000 -017 -023 -037 -024 -003 0009 0011 0012.
0011 0006 0015 0015 0017 0011 0016 0015 0014 0014 0006 0005
0005 -012 -016 -025 -024 -027 -033 -027 -021 -019 -016 -009.
-007 0011 0018 0018 0018 0011 0020 0018 0016 0017 0018 0028
0030 0022 0009 0006 -004 0000 0002 -006 -005 -002 0010 0007.
0011 0016 0017 0017 0016 0016 0031 0031 0025 0027 0031 0038
0035 0037 0035 0039 0043 0032 0042 0039 0042 0045 0049 0048.
0044 0047 0052 0046 0051 0058 0059 0065 0060 0060 0066 0065
0068 0067 0071 0064 0047 0034 0019 0031 0027 0022 0020 0004.
-004 0004 0024 0034 0037 0039 0029 0035 0038 0018 0032 0028
0035 0019 0023 0009 -008 0001 -048 -053 -038 -062 -031 -007.
0001 0007 0016 0028 0027 0020 0023 0029 0027 0034 0039 0042
0042 0036 0023 0013 -005 0003 -009 0007 0009 0029 0028 0037.
0038 0040 0043 0044 0046 0044 0052 0055 0046 0049 0055 0050
0057 0057 0051 0054 0050 0056 0049 0030 0028 0038 0047 0056.
0060 0059 0057 0061 0062 0062 0068 0071 0074 0074 0075 0077
0093 0091 0092 0095 0071 0061 0066 0065 0068 0068 0075 0076.
0075 0076 0090 0086 0084 0078 0078 0078 0079 0077 0077 0091
0094 0088 0090 0083 0082 0075 0076 0084 0084 0098 0101 0098.
0102 0099 0097 0106 0099 0106 0105 0103 0102 0095 0102 0107
0102 0103 0109 0107 0107 0098 0092 0090 0087 0096 0101 0107.
0107 0106 0108 0117 0116 0117 0117 0119 0121 0117 0119 0118
0123 0123 0121 0129 0123 0132 0139 0140 0135 0140 0142 0144.
0139 0143 0138 0136 0133 0130 0132 0132 0130 0124 0128 0118
0122 0121 0120 0110 0097 0106 0080 0094 0098 0093 0104 0110.
0114 0110 0109 0116 0114 0113 0107 0105 0097 0106 0107 0108
0110 0093 0052 0073 0057 0047 0047 0055 0064 0090 0109 0106.
0117 0117 0115 0116 0113 0113 0113 0102 0107 0097 0090 0083
0047 0066 0049 0045 0035 0047 0051 0041 0028 0017 0025 0027.
0018 0019 0020 0026 0031 0026 0030 0022 0021 0018 0018 0021
0018 0028 0010 0018 0004 0007 0007 0015 0005 0016 0017 0018.
0024 0038 0045 0047 0044 0044 0055 0049 0047 0056 0045 0054
0055 0023 0014 0030 0027 0024 0030 0023 0022 0029 0039 0077.
0089 0085 0085 0088 0086 0088 0091 0088 0082 0085 0082 0084
0094 0099 0076 0076 0048 0036 0031 0030 0042 0025 0034 0037.
0044 0055 0061 0056 0057 0063 0059 0058 0057 0056 0052 0060
0055 0054 0053 0005 -034 -012 -001 -024 -001 0024 0036 0044.
0045 0046 0050 0057 0057 0062 0060 0061 0058 0061 0060 0066
0063 0067 0057 0055 0044 0018 0020 0040 0033 0049 0065 0074.
0066 0078 0082 0087 0086 0084 0090 0082 0094 0096 0089 0093
0096 0102 0087 0088 0100 0101 0094 0089 0101 0094 0112 0094.
0099 0107 0118 0118 0121 0110 0111 0110 0111 0118 0117 0111
0116 0112 0110 0116 0127 0110 0087 0093 0089 0090 0089 0092.
0093 0096 0106 0106 0101 0098 0097 0090 0088 0088 0093 0094
0094 0092 0083 0090 0089 0079 0097 0118 0113 0120 0126 0125=
EA
053 058 062 064 063 061 067 066 066 068 064 072
066 069 060 060 059 064 065 064 066 070 079 076.
082 102 097 110 118 119 119 115 113 114 114 115
113 109 108 099 093 091 098 097 095 092 091 105.
116 122 124 121 126 128 133 130 130 130 129 129
127 132 128 115 117 119 119 117 115 108 116 121.
119 119 122 122 121 118 118 121 120 120 118 126
121 124 125 128 131 127 134 129 141 149 149 150.
151 152 170 171 168 144 134 145 143 151 149 148
149 148 147 132 136 127 104 103 087 077 076 071.
072 079 079 083 099 102 102 103 104 101 110 111
109 093 095 096 100 104 110 114 120 117 119 124.
126 123 127 125 122 127 123 130 128 129 129 130
128 134 126 131 133 131 138 139 152 157 159 160.
170 169 168 154 133 125 121 116 130 133 136 137
124 109 105 113 114 115 113 114 094 093 082 081.
079 073 072 064 063 066 061 063 062 050 052 063
067 063 061 061 054 051 046 051 060 065 066 067.
066 064 068 068 069 066 069 068 067 067 064 063
063 056 054 051 051 050 048 050 052 053 054 057.
058 066 070 069 070 066 070 070 068 069 070 075
076 071 065 064 059 061 062 058 059 060 066 064.
066 069 069 069 069 069 076 076 073 074 076 080
079 080 078 081 083 077 082 081 082 084 087 086.
084 085 088 085 088 092 093 097 093 093 097 097
099 098 101 096 085 078 070 076 074 072 070 063.
059 063 073 078 080 081 075 078 080 070 077 075
078 070 072 065 058 062 043 041 046 038 049 058.
061 064 069 075 074 071 072 075 074 078 081 082
082 079 072 067 059 062 057 064 065 075 075 080.
080 082 083 084 085 084 089 090 085 086 090 087
091 091 088 090 087 091 087 076 075 080 085 091.
094 093 091 094 095 094 099 101 103 103 103 105
117 116 116 118 101 094 098 097 099 099 104 104.
104 104 115 112 110 106 106 106 106 105 105 116
118 114 115 109 109 103 104 110 110 121 124 121.
124 122 120 128 122 128 127 126 124 119 124 128
125 125 130 129 128 121 116 115 112 120 124 128.
128 128 129 137 136 137 137 140 141 138 139 138
143 143 141 149 143 152 159 160 154 160 162 164.
159 163 158 156 152 150 151 151 149 144 147 138
142 141 140 131 121 127 107 118 121 117 126 131.
135 131 130 136 135 134 129 127 120 128 129 130
131 117 088 102 092 085 085 091 096 115 131 128.
137 137 135 136 133 134 134 124 129 120 115 109
085 097 086 084 079 085 088 082 075 069 073 074.
069 070 070 074 076 073 076 071 071 069 069 071
070 075 065 070 063 064 064 068 063 068 069 069.
072 080 084 085 084 084 090 087 085 091 084 090
090 072 067 076 074 073 076 072 071 075 081 105.
114 111 111 113 112 113 115 113 109 111 109 110
118 122 104 104 086 079 076 076 082 073 078 080.
083 090 094 091 091 095 093 092 092 091 088 093
090 089 089 063 048 056 061 051 061 072 079 084.
084 085 087 091 091 095 094 094 092 094 094 098
095 098 091 090 084 070 071 081 077 087 097 103.
097 106 109 112 112 110 114 109 118 120 114 117
119 125 112 113 122 123 118 114 124 118 133 118.
122 129 138 139 141 131 132 131 132 138 137 132
136 133 131 136 147 132 112 117 114 115 114 116.
117 120 128 127 124 121 120 115 113 113 117 118
118 116 109 115 114 107 120 138 134 140 146 145=
UB
38 46 52 56 58 59 66 67 69 70 66 72
58 48 38 33 30 31 30 29 32 36 43 44 27 1439.
48 67 66 78 87 89 88 86 85 89 91 91
83 71 56 46 41 38 39 39 39 40 42 57 37 1321.
67 73 77 78 81 83 90 90 91 92 93 94
84 76 65 52 49 46 46 45 45 47 54 62 43 1618.
64 66 71 76 80 81 85 89 91 93 94 93
82 71 64 58 51 44 44 44 50 56 62 65 42 1424.
67 67 84 86 89 77 71 79 77 87 90 90
89 86 80 70 66 59 45 44 38 35 36 35 34 1739.
37 43 45 47 58 63 64 65 69 71 82 79
69 51 47 43 42 40 40 42 45 47 52 59 34 2011.
64 67 71 75 77 83 83 85 82 82 80 81
77 74 64 67 63 61 62 63 72 78 83 88 57 2003.
94 96 96 95 88 83 79 76 86 92 93 94
85 75 78 90 91 89 88 89 77 76 67 67 63 1948.
66 63 65 60 59 62 58 60 60 50 57 76
82 77 73 73 60 55 47 56 73 88 92 93 41 1438.
93 90 94 95 95 91 94 93 91 91 85 82
75 62 54 48 46 42 41 42 44 47 50 55 40 1403.
59 73 81 83 85 86 91 92 89 94 94 94
82 68 55 48 41 39 38 37 40 44 52 55 35 1508.
61 65 67 72 74 76 86 88 88 90 91 88
84 79 72 69 61 53 53 53 55 60 66 67 50 1536.
66 68 71 69 73 77 79 83 83 83 86 84
81 75 71 61 47 40 35 40 41 41 43 40 32 1519.
40 47 60 67 71 77 74 81 83 75 86 76
71 54 45 39 34 35 25 24 26 23 31 38 22 1736.
41 45 50 55 57 55 57 60 62 65 67 68
64 61 51 41 34 33 29 34 36 45 48 54 27 1518.
58 63 67 70 72 73 81 82 79 80 84 78
77 72 67 64 60 60 55 48 48 52 57 62 45 1529.
66 67 67 71 72 77 82 85 86 85 86 87
95 87 82 76 62 55 60 59 62 63 68 70 53 1401.
72 76 88 90 91 91 95 95 96 96 96 97
89 72 59 47 42 37 36 39 41 49 56 60 34 1403.
63 68 72 81 81 86 90 92 93 90 94 91
75 63 57 50 46 41 39 39 40 45 51 58 37 1555.
61 64 66 74 75 79 82 83 85 85 86 81
82 79 72 72 71 82 92 93 90 94 96 96 56 2009.
94 97 97 97 96 95 96 96 96 93 96 90
91 87 86 79 69 71 59 65 66 65 72 77 58 1459.
80 80 80 86 86 87 85 85 81 89 89 86
78 62 43 47 43 41 41 45 51 71 85 86 40 1419.
94 94 94 96 94 95 95 91 93 87 83 76
56 63 53 49 45 47 48 43 40 38 42 45 36 1743.
42 43 44 51 54 52 56 54 55 54 55 54
52 53 44 45 40 39 37 40 38 42 44 46 36 1516.
49 57 65 68 71 74 82 82 83 88 84 83
75 51 43 45 40 38 39 39 39 43 49 76 36 1654.
88 91 91 95 95 96 96 96 94 97 94 93
96 88 66 58 46 40 38 38 43 40 45 49 35 1550.
55 64 73 75 79 87 88 88 91 91 92 87
71 59 47 29 20 23 24 21 25 33 39 47 16 1228.
49 55 57 66 71 75 79 83 84 88 88 78
65 56 44 38 32 25 24 27 27 32 39 45 22 1514.
46 52 55 59 61 61 65 63 70 72 68 70
70 70 61 58 64 62 58 56 64 61 73 66 44 2006.
70 77 86 88 94 89 91 91 91 94 94 90
88 84 79 78 75 57 46 54 54 55 57 62 45 1439.
65 74 83 88 90 92 93 94 94 95 96 89
78 64 53 49 43 38 44 49 51 57 64 70 36 1341=
N=
H=
C=
V=
R6
0000 0000 0000
0006 0001 0007
0002 0000 0002
0000 0000 0000
0003 0000 0003
0000 0000 0000
0000 0000 0000
0028 0069 0097
0000 0051 0051
0019 0000 0019
0000 0000 0000
0000 0000 0000
0000 0000 0000
0000 0000 0000
0000 0000 0000
0000 0000 0000
0000 0000 0000
0000 0000 0000
0000 0000 0000
0000 0003 0003
0002 0000 0002
0000 0010 0010
0047 0000 0047
0000 0000 0000
0000 0019 0019
0058 0001 0059
0000 0000 0000
0000 0000 0000
0000 0000 0000
0010 0000 0010
0000 0000 0000=
0000 0000 0000 0000 0000 0000 0000 0000 0000 0000 0000 0000
0000 0000 0000 0000 0000 0000 0000 0000 0000 0000 0000 0000.
0000 0000 0000 0002 0003 0001 0000 0000 0000 0000 0000 0000
0000 0000 0000 0000 0000 0000 0000 0000 0000 0000 0000 0001.
0000 0000 0000 0000 0000 0000 0002 0000 0000 0000 0000 0000
0000 0000 0000 0000 0000 0000 0000 0000 0000 0000 0000 0000.
0000 0000 0000 0000 0000 0000 0000 0000 0000 0000 0000 0000
0000 0000 0000 0000 0000 0000 0000 0000 0000 0000 0000 0000.
0000 0000 0000 0000 0003 0000 0000 0000 0000 0000 0000 0000
0000 0000 0000 0000 0000 0000 0000 0000 0000 0000 0000 0000.
0000 0000 0000 0000 0000 0000 0000 0000 0000 0000 0000 0000
0000 0000 0000 0000 0000 0000 0000 0000 0000 0000 0000 0000.
0000 0000 0000 0000 0000 0000 0000 0000 0000 0000 0000 0000
0000 0000 0000 0000 0000 0000 0000 0000 0000 0000 0000 0000.
0000 0000 0000 0017 0003 0003 0000 0002 0000 0002 0000 0001
0001 0002 0005 0030 0021 0000 0004 0005 0001 0000 0000 0000.
0000 0000 0000 0000 0000 0000 0000 0000 0000 0000 0000 0000
0004 0006 0001 0004 0000 0000 0000 0000 0000 0008 0015 0013.
0011 0004 0003 0001 0000 0000 0000 0000 0000 0000 0000 0000
0000 0000 0000 0000 0000 0000 0000 0000 0000 0000 0000 0000.
0000 0000 0000 0000 0000 0000 0000 0000 0000 0000 0000 0000
0000 0000 0000 0000 0000 0000 0000 0000 0000 0000 0000 0000.
0000 0000 0000 0000 0000 0000 0000 0000 0000 0000 0000 0000
0000 0000 0000 0000 0000 0000 0000 0000 0000 0000 0000 0000.
0000 0000 0000 0000 0000 0000 0000 0000 0000 0000 0000 0000
0000 0000 0000 0000 0000 0000 0000 0000 0000 0000 0000 0000.
0000 0000 0000 0000 0000 0000 0000 0000 0000 0000 0000 0000
0000 0000 0000 0000 0000 0000 0000 0000 0000 0000 0000 0000.
0000 0000 0000 0000 0000 0000 0000 0000 0000 0000 0000 0000
0000 0000 0000 0000 0000 0000 0000 0000 0000 0000 0000 0000.
0000 0000 0000 0000 0000 0000 0000 0000 0000 0000 0000 0000
0000 0000 0000 0000 0000 0000 0000 0000 0000 0000 0000 0000.
0000 0000 0000 0000 0000 0000 0000 0000 0000 0000 0000 0000
0000 0000 0000 0000 0000 0000 0000 0000 0000 0000 0000 0000.
0000 0000 0000 0000 0000 0000 0000 0000 0000 0000 0000 0000
0000 0000 0000 0000 0000 0000 0000 0000 0000 0000 0000 0000.
0000 0000 0000 0000 0000 0000 0000 0000 0000 0000 0000 0000
0000 0000 0000 0000 0000 0000 0000 0000 0000 0000 0000 0000.
0000 0000 0000 0000 0000 0000 0000 0000 0000 0000 0000 0000
0000 0000 0000 0000 0000 0000 0000 0000 0000 0000 0003 0000.
0001 0001 0000 0000 0000 0000 0000 0000 0000 0000 0000 0000
0000 0000 0000 0000 0000 0000 0000 0000 0000 0000 0000 0000.
0000 0000 0000 0000 0000 0000 0000 0000 0000 0000 0000 0000
0000 0000 0000 0000 0000 0000 0000 0000 0000 0003 0004 0003.
0013 0011 0010 0011 0000 0000 0002 0000 0000 0000 0000 0000
0000 0000 0000 0000 0000 0000 0000 0000 0000 0000 0000 0000.
0000 0000 0000 0000 0000 0000 0000 0000 0000 0000 0000 0000
0000 0000 0000 0000 0000 0000 0000 0000 0000 0000 0000 0000.
0000 0000 0000 0000 0000 0000 0000 0000 0000 0000 0000 0000
0000 0000 0000 0000 0000 0000 0000 0000 0000 0000 0000 0019.
0004 0035 0010 0003 0000 0000 0000 0000 0001 0000 0000 0005
0001 0000 0000 0000 0000 0000 0000 0000 0000 0000 0000 0000.
0000 0000 0000 0000 0000 0000 0000 0000 0000 0000 0000 0000
0000 0000 0000 0000 0000 0000 0000 0000 0000 0000 0000 0000.
0000 0000 0000 0000 0000 0000 0000 0000 0000 0000 0000 0000
0000 0000 0000 0000 0000 0000 0000 0000 0000 0000 0000 0000.
0000 0000 0000 0000 0000 0000 0000 0000 0000 0000 0000 0000
0000 0000 0000 0000 0000 0000 0000 0000 0000 0000 0000 0000.
0000 0000 0000 0005 0005 0000 0000 0000 0000 0000 0000 0000
0000 0000 0000 0000 0000 0000 0000 0000 0000 0000 0000 0000.
0000 0000 0000 0000 0000 0000 0000 0000 0000 0000 0000 0000
0000 0000 0000 0000 0000 0000 0000 0000 0000 0000 0000 0000=
0000 ////////// 00000=
W=
LA
=
000 001 000 000 002 000 001 000 001 000 001 000
002 001 001 001 002 002 001 003 001 001 001 001 023.
000 000 001 001 000 000 001 000 000 000 000 000
001 001 000 001 001 002 001 001 000 003 001 000 015.
000 000 001 001 000 000 000 000 001 001 000 000
000 000 001 001 001 001 001 001 002 001 002 000 015.
000 001 001 000 000 000 001 001 000 000 001 000
001 000 001 001 001 001 001 003 000 001 002 001 018.
000 002 000 000 000 000 001 001 001 000 000 000
000 000 000 000 000 001 001 001 002 001 002 002 015.
001 000 000 001 001 001 000 000 002 000 001 000
001 001 001 001 001 002 002 002 001 003 000 002 024.
000 001 000 001 001 000 001 001 000 000 001 000
001 001 000 000 000 001 000 000 000 001 000 000 010.
000 000 000 000 001 001 000 003 000 000 001 000
000 000 001 002 000 000 000 000 000 002 000 001 012.
000 001 001 002 000 002 001 000 002 000 002 000
000 001 000 001 001 001 001 001 000 000 002 001 020.
002 002 001 001 001 000 001 001 000 001 001 000
000 001 002 001 001 002 000 002 001 001 000 001 023.
000 001 000 001 001 000 001 001 000 001 000 002
000 000 002 003 001 001 002 001 002 002 001 000 023.
001 001 001 000 000 000 001 001 000 001 000 000
002 000 000 001 001 002 002 000 002 000 001 000 017.
001 000 001 000 001 000 001 000 001 000 001 000
000 001 000 001 001 002 001 002 003 000 001 002 020.
000 000 001 000 001 001 000 000 000 001 001 000
001 000 002 002 001 001 002 002 001 002 000 001 020.
001 000 000 001 001 000 000 001 000 000 001 000
001 002 000 001 002 001 002 003 000 002 000 002 021.
000 000 001 001 000 001 000 001 000 000 001 000
001 000 001 000 001 000 000 002 001 000 000 002 013.
000 000 000 000 001 000 000 000 000 001 000 000
000 001 000 001 000 000 000 000 002 000 000 001 007.
000 001 000 001 000 000 000 001 000 001 000 000
000 002 001 002 001 003 001 002 002 001 001 001 021.
000 000 002 000 000 001 000 000 001 000 000 000
001 000 002 001 001 002 003 003 001 002 001 001 022.
001 000 001 001 000 000 000 000 001 000 001 000
000 000 001 000 000 000 000 000 000 000 000 000 006.
000 000 000 000 001 000 000 000 000 000 001 000
001 000 000 000 000 000 002 000 000 000 000 000 005.
001 000 001 000 000 000 000 001 000 000 000 000
001 001 001 001 001 000 002 001 000 000 000 000 011.
002 001 002 002 001 000 002 000 000 001 000 001
001 000 001 001 001 001 000 000 001 002 001 000 021.
001 000 003 000 001 001 001 000 001 001 001 001
002 000 002 000 001 001 002 002 000 000 000 001 022.
001 001 001 000 001 001 001 000 001 001 000 000
001 002 001 001 002 003 001 002 002 001 000 001 025.
001 003 001 002 001 000 001 000 001 001 000 001
001 001 001 001 001 004 000 004 002 002 003 001 033.
000 000 001 000 002 001 001 000 000 001 000 002
000 002 001 002 002 002 004 003 003 003 001 001 032.
000 002 001 000 000 001 001 001 000 001 001 000
001 001 002 002 001 003 002 003 003 002 001 001 030.
001 001 001 000 001 000 001 000 001 000 000 001
000 001 000 001 000 000 000 001 000 000 000 001 011.
001 000 000 000 000 001 000 000 000 001 000 000
001 000 000 000 000 001 002 000 001 001 000 000 009.
001 000 001 001 000 001 000 001 000 001 000 000
001 002 000 001 001 002 003 001 001 003 000 001 022=
Z=
G=
FN
028007 327010 340015 337009 228009 321009
321013 262006 303007 309006 226007 356007
257004 114009 084019 129016 106024 193018
144025 154023 118019 117017 119007 098005.
027012 333009 332004 348005 286008 289006
313006 338013 PPC001 205009 342009 321008
284012 323012 012006 126013 211013 071018
129016 183023 150010 125022 150019 352010.
280008 306009 336009 314005 342008 222005
357011 321008 261007 PPC001 PPC001 PPC001
325009 069006 156011 000007 092019 099019
166021 105019 143025 120020 103018 062008.
047008 349010 287008 315007 329008 008010
329005 222008 331006 PPC000 045008 087005
359010 143015 103012 081017 126024 130020
126026 128026 111020 098017 066011 057014.
053011 207008 356032 275009 306009 336016
320009 245014 284018 031009 348008 022008
007007 186015 158008 124009 125009 147021
118024 171020 166013 118026 112020 138021.
116007 093007 108010 PPC002 217005 270007
PPC000 316006 176008 214005 157006 016004
342007 047008 134016 182012 150012 165020
088027 132025 120024 116023 092012 069009.
027009 328014 280009 344007 345009 340008
347016 358013 007008 073006 096012 PPC001
294006 341012 326012 159008 140006 224012
276011 219003 075008 058011 358005 044004.
060005 284008 335010 048017 017031 055010
035013 034016 338009 256008 237009 268009
004012 018022 052023 014010 346026 332013
359009 356027 015018 347012 068013 066013.
054012 039016 053017 016013 029016 008012
040012 056012 062013 008019 037024 023014
356016 027023 360013 309012 036023 340014
085015 358012 015024 018008 318008 360013.
047007 PPC001 264009 324009 343005 249011
252011 250008 254015 292011 248008 PPC002
198010 263014 302013 127016 209018 193010
306013 187022 188015 187014 176014 147011.
163003 328004 PPC001 339006 035006 281005
287006 288006 236008 277007 241004 320006
289010 229012 139014 124027 149025 127028
140021 103027 149031 141026 124021 094013.
062014 078016 086012 356009 349007 349007
246009 262012 PPC000 017009 352007 196006
071004 084017 081016 181015 181016 118021
166032 167030 083024 109023 094022 141022.
158016 048006 087012 116012 067004 259008
326006 348009 040006 271005 286004 217006
253007 149010 079005 232016 121015 193018
171026 174031 176039 167022 166019 169015.
157015 005010 354022 170012 002003 003008
280003 310004 006012 349012 278011 326010
067006 083008 118013 178014 219011 154029
152023 127023 123024 131023 125015 170009.
158012 044005 068009 198006 337007 295006
272007 231008 221004 343008 345005 PPC001
249009 264008 312015 070010 291009 134017
135015 102042 112032 111034 120017 122012.
077011 069008 353010 337013 007008 303006
305006 341012 004005 020008 360007 091008
234008 175007 201009 295011 058012 136012
178010 166014 173010 185010 185007 215008.
265007 343006 284004 PPC000 034004 328009
222006 354006 223009 024004 012011 072008
286005 326008 313004 238011 239010 088017
175012 149008 151016 058006 106009 133006.
171006 231010 275006 002006 312008 212007
238006 003009 252010 307007 018003 141003
028012 262010 360006 139013 349010 168020
137026 141031 130028 118021 083009 059010.
218011 015008 334018 315008 012009 338013
335012 012008 317013 312007 082009 315008
156007 202007 157018 133028 142028 126032
121031 146036 098025 137016 166010 314004.
317006 059011 177005 077009 PPC000 351005
025006 303006 264009 349010 345010 316011
288008 276015 340007 290005 278013 261012
277020 262012 231011 181009 274010 154013.
117004 109006 310007 283009 262012 273011
246009 253011 224005 240010 189010 214005
326010 108012 200016 202006 143015 147010
261011 255010 161008 244009 264010 317005.
228008 351004 323012 PPC002 200005 088007
329004 253010 335003 031007 339010 PPC001
229012 172011 076012 167017 122013 199015
171018 159015 161013 226011 280023 271017.
296016 262008 280017 286016 328013 297008
253010 293015 284011 285012 278014 291012
294014 273015 318017 322028 283011 279023
298012 036012 004022 043017 022013 359010.
002013 023013 031033 028019 355007 017013
352015 355017 323018 029014 006015 358017
331019 264015 245012 258016 181017 092011
336008 226024 204008 234005 088008 002006.
241006 266011 213007 213010 258006 322004
PPC002 260006 084006 098011 342008 238010
308012 259009 129007 122023 137022 082029
103035 116023 161023 108018 121015 247005.
357022 325014 204012 342007 320009 292008
260009 341003 237008 PPC001 345009 252012
278016 215011 223021 190021 123024 140028
120025 164036 139036 163021 141029 155025.
150004 083012 335012 320013 275009 022010
008007 023008 264012 214010 004005 341018
319008 268016 148014 166011 264009 173029
138024 159044 145027 165037 123019 075015.
061018 038009 054010 339012 256008 278013
223010 278011 352005 319004 273005 169005
279013 163015 136016 179031 133022 136026
107019 128019 098031 097019 113023 022008.
035008 008006 339013 232009 019008 340006
006010 282004 346007 042010 325011 225007
304006 186003 281012 208005 257012 280020
252018 286010 184007 066012 138016 194015.
170011 242013 036008 182008 192006 245011
350008 318008 123009 109011 104010 083012
096012 149010 189012 313011 263015 305021
065009 113012 162017 152010 133017 130011.
139009 087007 334008 283008 354008 329011
265011 269005 178004 040007 120005 349011
225008 260009 297008 159020 139014 116025
132037 148015 153018 141030 075024 058013=
023007 323007 336017 319008 219010 327008
308010 304008 321007 297009 234008 000009
342009 122007 068013 172012 140018 226018
137026 134018 098023 124014 119012 062008.
011010 330008 275010 327008 274010 281006
316006 333011 043005 188006 347008 303007
272012 316012 103007 246012 152016 097014
142017 154017 156012 128026 157017 346009.
242007 280013 327010 295004 318007 196005
005011 341009 301007 326005 199005 033004
345008 102007 168011 135012 148020 113018
168028 131020 147023 116026 107020 061010.
044008 339010 273007 301007 339008 003008
328009 222007 326006 002004 043004 112007
325009 154015 100016 091017 129020 099022
147024 152025 117021 093015 062010 055012.
035011 213011 001027 267010 291008 332013
340015 277011 280017 022013 340013 004008
316009 199015 158008 104008 121011 158021
138022 173023 137020 129023 123018 133017.
133009 085008 103009 082006 PPC002 283008
PPC001 290005 175009 209005 159007 356008
180008 156011 160019 146013 133019 178019
104022 116026 112027 119020 105014 077009.
027009 328014 288007 341005 351008 343010
346015 342012 348005 045006 079008 243003
317007 294009 302010 168009 025007 203011
226008 PPC001 065007 057011 007008 338005.
003005 267009 317008 036018 034024 059013
034017 034014 303006 335006 241010 277008
021009 027021 045019 022014 343017 351016
005009 353020 024016 000017 057012 068016.
059013 037021 058023 028015 018023 010013
030010 040011 037011 029016 024027 017015
357020 014023 028016 008016 039022 334012
034026 045021 013029 006017 296005 020014.
085009 PPC002 322009 323011 307006 244012
259012 253012 267015 290010 245011 288006
216011 257014 201013 155015 167021 249016
020010 158020 195015 178012 173013 160010.
PPC002 337007 287003 339008 032007 331008
246006 273010 236008 271005 246004 335006
296009 224011 136018 123026 110023 155024
105018 130026 125038 146028 133029 098021.
056015 070016 083012 354008 356006 347008
251009 259012 PPC001 353007 011006 211005
146008 070013 090014 169017 135016 126020
142026 137030 119024 098026 101019 127022.
149016 060004 077011 123012 040004 258007
325005 321006 042006 261004 297004 202007
251006 131008 062005 271011 141014 180021
161030 164030 160032 166028 168017 169017.
160015 346010 354019 207007 339009 342010
324011 339006 014012 347014 300011 016006
013007 042011 159012 143016 174011 151030
174022 139024 131019 111020 124013 164010.
162011 095004 057008 203007 333009 274008
265008 252009 216005 334009 331005 355003
252008 230010 292013 359010 003015 134015
113020 101035 115029 115025 114019 117011.
078010 081008 359009 338012 345008 316005
266008 357009 355004 028007 353005 039007
209008 082007 173011 243007 075007 105010
145010 151011 169012 163011 182008 202007.
267006 314006 276007 PPC002 PPC001 346005
306005 353006 228008 063010 008010 019007
295005 340007 297004 233010 240007 112013
170015 148013 157018 061005 105009 137006.
176006 043004 280005 354007 314009 201007
246006 351007 256011 316006 329005 PPC002
002012 268012 273009 117017 078015 154020
137024 134030 146027 116023 081010 062011.
198010 020009 319012 329007 355008 302010
331011 040007 323012 318008 106006 318008
043005 173009 171016 115022 141026 134030
131029 131028 119027 133023 149009 PPC002.
306007 026010 222012 085006 PPC002 320007
360009 296009 278006 345011 001008 331011
258007 274012 328005 276008 300009 261011
279016 270013 246011 184009 305008 147010.
PPC002 114005 295007 271009 261011 274011
245009 278008 245008 223008 181012 175006
327008 105014 180014 247007 159012 131010
225013 244007 163008 238009 276010 319007.
232009 005004 317010 089005 238003 117003
325007 263010 322005 039007 332008 332004
217010 159011 114012 132016 150018 189015
173018 138016 155014 215017 292016 263014.
284016 269009 292015 283017 314012 299009
262012 297014 274012 285012 285012 298014
298016 281014 321021 326028 285016 274018
294014 023015 020020 031014 031013 006012.
019014 013018 033021 036025 164009 027015
353017 359018 336017 357017 346013 003014
354018 287014 257022 254014 201017 131014
059012 233015 238012 255003 099008 016008.
233007 268012 249006 217009 317003 PPC001
357005 258006 PPC002 107011 358008 226010
323010 300010 210011 147022 116021 106021
092027 132023 129026 115021 117014 250004.
351024 321012 236012 309009 357007 309005
253009 302003 316011 057006 044006 199015
281015 219014 213018 183020 171017 135026
115028 157032 161039 154032 141029 158028.
145006 084013 333014 329011 268008 019008
016009 016008 258010 238009 334005 348018
013009 266013 197011 172014 174014 148024
153027 149035 145035 155041 128024 068013.
071017 043010 051010 330007 262006 274010
226008 289008 PPC002 317005 259007 192006
251009 140008 137020 154026 153023 140025
139024 118030 108028 097023 103021 007011.
020009 006008 328011 242009 004009 339005
004009 PPC002 323008 025009 288009 221008
293006 018005 335013 211006 238015 275018
251020 282009 189009 072012 152020 165015.
181010 187011 352010 260008 211007 234009
332010 323008 129009 104012 128010 083012
079008 157010 178010 332009 236011 059014
112009 142015 164014 147011 140014 126014.
156011 077006 007008 279011 312008 327013
274010 283005 211006 067004 088006 355015
269008 282012 268009 185013 101018 146031
145032 123024 156027 131027 089018 056011=
031112 1623 043159 1450
027127 1757 037125 1757
032163 1456 048122 1702
031178 1444 045136 1509
028005 2302 043000 2331
031102 1647 046153 1516
017336 0248 026346 0244
027027 0105 050014 0118
034007 1655 054354 1641
025202 1319 036210 1317
040123 1658 062122 1543
038138 1549 049162 1540
039154 1553 057162 1518
031150 1358 040170 1411
035101 1600 053096 1559
015003 0022 022150 1431
021155 1654 028122 1545
041133 1612 056167 1528
035115 1418 055111 1632
021007 2243 029011 2241
017141 0950 021142 0946
023214 1239 031108 1145
028324 1148 048077 1636
032063 2312 057071 2310
033111 1506 045105 1458
042158 1639 057181 1633
044148 1745 064150 1740
034112 1647 050077 1555
024159 1853 035244 1350
023159 1523 031128 1540
037159 1652 052150 1457=
DB
0054 0047 0049 0035 0026 0024 0023 0021 0018 0022 0016 0075
0177 0234 0284 0323 0328 0325 0296 0278 0211 0150 0131 0119 0347 1235 0015 0652.
0128 0110 0105 0103 0106 0104 0104 0100 0091 0064 0064 0108
0176 0250 0295 0327 0326 0311 0312 0286 0228 0185 0167 0114 0348 1242 0061 0648.
0123 0125 0118 0121 0121 0121 0116 0111 0110 0094 0087 0124
0194 0248 0300 0337 0336 0349 0321 0263 0235 0187 0163 0140 0352 1357 0086 0654.
0125 0120 0101 0093 0086 0086 0080 0068 0065 0063 0062 0121
0212 0268 0314 0360 0362 0363 0346 0314 0266 0207 0155 0160 0382 1310 0057 0637.
0177 0176 0160 0159 0155 0144 0141 0141 0143 0140 0134 0138
0151 0174 0196 0210 0267 0272 0313 0292 0219 0185 0168 0162 0333 1443 0133 0653.
0147 0117 0114 0134 0133 0116 0114 0123 0086 0080 0074 0141
0232 0301 0310 0361 0349 0349 0338 0298 0253 0200 0158 0135 0372 1332 0073 0645.
0126 0121 0110 0102 0102 0095 0101 0123 0127 0128 0129 0139
0156 0209 0240 0207 0250 0257 0237 0195 0167 0158 0155 0154 0274 1408 0091 0225.
0156 0152 0152 0138 0124 0122 0117 0117 0124 0123 0123 0129
0124 0110 0106 0110 0113 0121 0126 0109 0096 0096 0088 0084 0157 2111 0082 1939.
0085 0078 0074 0074 0072 0074 0074 0072 0065 0061 0047 0043
0049 0046 0051 0072 0074 0106 0109 0075 0043 0036 0043 0028 0132 1450 0028 1959.
0030 0038 0039 0036 0039 0034 0033 0034 0033 0035 0035 0055
0115 0165 0236 0231 0239 0267 0198 0197 0155 0094 0061 0049 0297 1307 0025 2031.
0039 0031 0026 0021 0021 0012 0010 0011 0016 0012 0029 0086
0161 0239 0253 0270 0280 0295 0280 0236 0168 0114 0082 0068 0308 1326 0005 0545.
0059 0051 0048 0037 0030 0026 0027 0024 0017 0024 0040 0073
0079 0110 0171 0184 0290 0291 0274 0232 0182 0123 0103 0101 0298 1358 0016 0503.
0100 0098 0095 0093 0092 0091 0088 0085 0071 0080 0083 0101
0127 0158 0190 0259 0301 0285 0239 0219 0172 0141 0104 0088 0333 1220 0070 0506.
0070 0061 0060 0052 0047 0043 0039 0029 0037 0027 0023 0080
0115 0252 0295 0283 0253 0280 0210 0215 0213 0152 0110 0111 0329 1146 0015 0637.
0107 0102 0100 0098 0095 0093 0092 0089 0088 0086 0088 0103
0136 0138 0203 0281 0297 0300 0321 0256 0203 0142 0109 0094 0352 1444 0085 0547.
0076 0068 0065 0072 0082 0057 0053 0073 0056 0066 0080 0093
0107 0137 0149 0182 0196 0216 0205 0168 0147 0129 0113 0109 0221 1326 0051 0243.
0107 0103 0102 0100 0093 0068 0072 0082 0088 0089 0088 0100
0127 0160 0178 0236 0224 0237 0167 0170 0151 0133 0122 0114 0244 1314 0062 0144.
0114 0087 0073 0068 0069 0060 0056 0059 0054 0051 0056 0127
0211 0302 0352 0361 0381 0396 0356 0311 0260 0200 0146 0130 0405 1338 0046 0631.
0121 0116 0108 0098 0093 0088 0084 0080 0081 0075 0079 0159
0249 0331 0353 0364 0372 0367 0352 0316 0240 0210 0150 0140 0399 1325 0069 0617.
0136 0143 0149 0140 0135 0123 0114 0126 0122 0119 0130 0145
0162 0199 0229 0204 0199 0157 0159 0155 0154 0145 0142 0144 0231 1102 0111 0247.
0142 0142 0139 0137 0135 0133 0132 0132 0131 0130 0129 0136
0147 0159 0158 0173 0207 0250 0203 0180 0183 0157 0142 0140 0255 1407 0128 0629.
0139 0135 0131 0131 0131 0125 0127 0123 0122 0110 0123 0155
0226 0274 0281 0308 0254 0215 0209 0171 0148 0131 0127 0126 0321 1211 0096 0534.
0124 0126 0122 0120 0120 0120 0118 0114 0115 0112 0110 0117
0129 0162 0211 0212 0224 0227 0211 0203 0174 0155 0132 0119 0242 1137 0109 0618.
0119 0122 0123 0091 0101 0103 0100 0098 0095 0093 0094 0141
0137 0213 0255 0217 0231 0279 0288 0231 0179 0148 0123 0114 0304 1022 0090 2358.
0107 0092 0080 0071 0068 0052 0048 0045 0055 0046 0053 0131
0196 0264 0323 0333 0330 0289 0245 0194 0186 0150 0115 0118 0360 1343 0034 0624.
0107 0104 0103 0099 0090 0092 0100 0097 0082 0074 0095 0101
0152 0274 0345 0356 0335 0330 0289 0293 0215 0167 0125 0113 0386 1337 0073 0437.
0087 0079 0074 0064 0056 0055 0050 0046 0041 0040 0050 0131
0236 0319 0364 0375 0369 0374 0355 0307 0269 0185 0137 0108 0396 1315 0031 0616.
0103 0098 0097 0075 0067 0060 0054 0049 0045 0046 0069 0170
0271 0293 0359 0375 0382 0374 0380 0355 0234 0208 0184 0166 0406 1306 0042 0618.
0139 0151 0147 0144 0139 0141 0139 0137 0134 0132 0138 0137
0159 0187 0204 0190 0179 0207 0212 0188 0173 0158 0144 0138 0226 1451 0130 0629.
0133 0129 0128 0128 0124 0122 0120 0119 0118 0118 0125 0141
0167 0175 0195 0211 0310 0338 0308 0222 0189 0176 0151 0124 0385 1422 0117 0521.
0118 0099 0096 0091 0081 0081 0074 0065 0060 0057 0088 0172
0222 0269 0301 0357 0420 0387 0364 0347 0252 0206 0168 0143 0427 1302 0056 0614=
0125 0118 0111 0105 0100 0095 0091 0087 0083 0081 0078 0078
0089 0110 0131 0160 0185 0200 0205 0200 0186 0169 0156 0149.
0144 0139 0136 0132 0130 0128 0126 0124 0121 0116 0110 0108
0116 0133 0156 0179 0198 0211 0213 0210 0198 0185 0172 0164.
0156 0152 0148 0145 0142 0140 0138 0135 0132 0130 0126 0123
0131 0146 0167 0188 0208 0221 0221 0214 0203 0191 0178 0169.
0162 0156 0150 0143 0138 0133 0128 0124 0119 0115 0112 0112
0123 0144 0169 0196 0220 0237 0240 0236 0224 0209 0194 0183.
0177 0175 0173 0170 0168 0164 0161 0159 0157 0154 0152 0151
0151 0156 0165 0168 0179 0201 0213 0215 0205 0192 0179 0171.
0164 0158 0153 0151 0150 0147 0145 0143 0139 0133 0127 0127
0137 0157 0180 0204 0225 0239 0243 0236 0224 0208 0193 0182.
0173 0166 0160 0154 0149 0144 0140 0140 0142 0142 0143 0143
0146 0154 0168 0173 0178 0185 0188 0185 0179 0174 0170 0167.
0165 0163 0161 0158 0155 0150 0148 0145 0144 0143 0142 0141
0142 0140 0137 0134 0135 0137 0139 0139 0135 0132 0128 0124.
0122 0119 0116 0113 0110 0108 0107 0105 0103 0100 0097 0094
0093 0093 0093 0094 0099 0104 0109 0108 0103 0096 0091 0087.
0083 0081 0081 0081 0080 0079 0078 0076 0075 0075 0074 0074
0080 0093 0113 0136 0146 0154 0154 0153 0148 0138 0124 0114.
0106 0099 0093 0088 0084 0080 0075 0073 0070 0067 0067 0069
0080 0099 0123 0148 0168 0182 0186 0183 0168 0152 0136 0124.
0116 0109 0105 0099 0094 0090 0086 0082 0079 0076 0075 0080
0084 0092 0104 0118 0136 0162 0170 0170 0163 0150 0137 0130.
0125 0122 0120 0117 0115 0113 0112 0110 0108 0106 0105 0105
0110 0116 0124 0138 0162 0180 0182 0175 0167 0156 0145 0135.
0126 0119 0113 0108 0105 0100 0096 0091 0088 0085 0081 0085
0093 0110 0136 0161 0160 0171 0171 0165 0166 0156 0145 0137.
0133 0129 0126 0124 0122 0120 0118 0116 0114 0113 0111 0111
0115 0119 0127 0147 0170 0184 0196 0196 0184 0168 0153 0142.
0134 0127 0121 0117 0115 0113 0108 0107 0105 0102 0102 0104
0108 0113 0119 0128 0135 0144 0149 0148 0144 0139 0134 0130.
0128 0125 0123 0122 0120 0113 0110 0109 0108 0109 0109 0109
0112 0122 0131 0143 0153 0159 0158 0152 0148 0143 0139 0135.
0131 0127 0121 0116 0111 0107 0104 0101 0098 0095 0093 0096
0108 0131 0159 0188 0212 0230 0235 0229 0215 0199 0184 0173.
0163 0156 0149 0143 0138 0134 0130 0126 0122 0118 0116 0119
0132 0154 0181 0208 0228 0241 0244 0240 0227 0211 0195 0184.
0175 0170 0167 0163 0161 0156 0152 0149 0148 0146 0144 0146
0149 0155 0163 0166 0167 0166 0163 0163 0162 0160 0156 0154.
0153 0151 0150 0149 0148 0147 0145 0144 0143 0142 0141 0141
0143 0147 0150 0152 0157 0166 0174 0171 0167 0165 0160 0156.
0153 0151 0149 0147 0145 0144 0142 0140 0139 0136 0135 0137
0146 0161 0177 0188 0198 0190 0184 0177 0170 0165 0160 0156.
0152 0149 0146 0144 0142 0141 0139 0138 0136 0135 0134 0133
0134 0139 0148 0159 0163 0169 0170 0169 0165 0159 0152 0147.
0143 0139 0136 0132 0130 0128 0126 0123 0121 0119 0118 0119
0123 0129 0151 0159 0163 0169 0183 0182 0176 0166 0158 0151.
0145 0140 0133 0128 0123 0117 0112 0108 0104 0101 0098 0101
0115 0134 0156 0180 0200 0214 0210 0196 0185 0174 0164 0156.
0151 0144 0140 0137 0131 0129 0128 0126 0123 0120 0118 0120
0124 0137 0170 0196 0214 0228 0221 0219 0205 0188 0174 0163.
0154 0146 0139 0133 0127 0121 0117 0112 0108 0104 0100 0103
0117 0140 0169 0199 0219 0235 0240 0234 0220 0201 0184 0171.
0162 0154 0149 0142 0136 0130 0124 0119 0115 0111 0108 0111
0127 0150 0173 0204 0223 0240 0244 0242 0230 0212 0199 0190.
0180 0175 0172 0169 0165 0163 0161 0159 0157 0155 0153 0152
0153 0156 0161 0166 0166 0168 0169 0168 0166 0164 0161 0157.
0154 0152 0150 0148 0146 0145 0143 0142 0140 0139 0138 0140
0144 0152 0160 0166 0180 0204 0217 0206 0196 0187 0179 0169.
0161 0154 0148 0142 0137 0133 0128 0124 0120 0116 0114 0120
0134 0160 0173 0189 0206 0230 0241 0239 0229 0213 0201 0189=
0138 0132 0126 0121 0116 0112 0107 0104 0100 0097 0094 0092
0093 0100 0110 0125 0142 0157 0168 0173 0171 0165 0158 0152.
0147 0143 0140 0137 0135 0133 0131 0129 0127 0124 0121 0118
0117 0122 0132 0146 0160 0172 0180 0184 0183 0179 0172 0166.
0160 0156 0152 0149 0146 0144 0142 0140 0138 0136 0133 0131
0131 0135 0145 0157 0170 0182 0190 0192 0190 0186 0179 0172.
0167 0162 0157 0152 0148 0144 0140 0136 0132 0129 0125 0123
0124 0131 0142 0158 0174 0189 0200 0205 0204 0199 0192 0185.
0178 0175 0173 0171 0168 0166 0164 0162 0159 0157 0156 0154
0153 0154 0157 0160 0164 0174 0183 0191 0192 0188 0181 0175.
0170 0165 0161 0157 0155 0154 0151 0149 0147 0143 0140 0136
0137 0143 0154 0168 0183 0197 0206 0209 0208 0202 0194 0187.
0180 0174 0169 0164 0159 0155 0151 0148 0147 0147 0147 0146
0147 0149 0155 0161 0164 0169 0174 0175 0174 0172 0169 0167.
0165 0163 0162 0160 0158 0156 0153 0151 0149 0148 0147 0146
0145 0144 0143 0141 0139 0139 0140 0141 0140 0138 0136 0133.
0131 0129 0126 0124 0122 0119 0118 0116 0114 0113 0110 0107
0106 0104 0104 0103 0104 0107 0109 0111 0110 0107 0104 0101.
0097 0095 0093 0092 0091 0090 0089 0088 0087 0086 0085 0084
0085 0089 0098 0110 0122 0130 0136 0138 0139 0137 0131 0125.
0119 0113 0108 0104 0100 0096 0092 0089 0086 0084 0082 0081
0083 0089 0101 0115 0130 0143 0153 0158 0157 0151 0143 0135.
0129 0123 0118 0113 0109 0105 0101 0098 0095 0092 0090 0089
0090 0093 0097 0105 0113 0128 0140 0147 0149 0146 0141 0135.
0131 0127 0125 0123 0121 0119 0118 0116 0115 0113 0111 0111
0111 0114 0117 0123 0134 0147 0157 0159 0158 0154 0149 0143.
0137 0131 0126 0121 0118 0114 0110 0107 0103 0100 0097 0095
0097 0102 0113 0128 0139 0144 0151 0152 0152 0152 0147 0142.
0138 0134 0132 0129 0127 0125 0124 0122 0121 0119 0118 0117
0117 0119 0121 0128 0140 0152 0162 0170 0170 0166 0158 0151.
0144 0139 0133 0129 0126 0124 0121 0117 0116 0113 0112 0111
0112 0114 0117 0121 0126 0131 0136 0139 0139 0138 0136 0133.
0131 0129 0128 0126 0125 0122 0119 0117 0116 0115 0114 0114
0114 0117 0122 0128 0136 0142 0146 0146 0144 0142 0140 0137.
0135 0133 0129 0126 0122 0118 0115 0113 0110 0108 0105 0104
0106 0115 0128 0145 0163 0179 0191 0196 0195 0190 0183 0175.
0168 0162 0157 0152 0148 0144 0140 0136 0133 0130 0127 0125
0128 0136 0149 0165 0181 0195 0204 0209 0208 0202 0195 0187.
0180 0175 0171 0167 0165 0162 0159 0155 0153 0152 0149 0149
0149 0151 0155 0158 0160 0161 0160 0160 0160 0159 0157 0156.
0154 0153 0152 0151 0150 0149 0148 0147 0146 0145 0144 0144
0144 0145 0147 0148 0150 0154 0160 0162 0162 0161 0160 0157.
0155 0153 0152 0150 0148 0147 0146 0145 0143 0142 0140 0139
0141 0147 0156 0164 0173 0177 0175 0173 0170 0166 0163 0160.
0157 0154 0151 0149 0147 0146 0145 0143 0142 0140 0139 0138
0138 0138 0141 0147 0152 0156 0159 0161 0161 0159 0156 0152.
0149 0146 0143 0140 0138 0136 0134 0132 0130 0128 0127 0125
0126 0128 0135 0144 0149 0153 0161 0166 0167 0164 0160 0155.
0151 0147 0143 0139 0135 0131 0127 0123 0119 0116 0113 0111
0114 0121 0132 0146 0161 0174 0182 0182 0177 0173 0167 0162.
0157 0152 0148 0145 0142 0138 0136 0134 0133 0130 0128 0127
0127 0130 0142 0158 0174 0186 0195 0195 0194 0188 0180 0172.
0165 0158 0152 0147 0142 0137 0133 0129 0125 0121 0118 0115
0118 0126 0139 0157 0174 0189 0199 0204 0203 0197 0188 0179.
0172 0165 0160 0155 0150 0145 0140 0135 0131 0127 0124 0122
0125 0134 0147 0163 0180 0194 0204 0210 0211 0205 0198 0191.
0185 0179 0176 0173 0170 0167 0165 0163 0161 0159 0158 0156
0156 0156 0158 0160 0162 0163 0164 0165 0165 0164 0162 0160.
0158 0156 0154 0153 0151 0150 0149 0147 0146 0144 0143 0143
0144 0147 0151 0155 0161 0173 0184 0189 0187 0183 0179 0174.
0169 0164 0159 0154 0150 0146 0142 0138 0135 0131 0128 0127
0131 0140 0152 0162 0174 0188 0201 0208 0209 0204 0198 0191=
0144 0140 0136 0132 0128 0124 0121 0117 0114 0111 0109 0106
0105 0105 0109 0115 0124 0134 0143 0150 0154 0155 0153 0150.
0147 0145 0142 0140 0138 0137 0135 0133 0132 0130 0128 0126
0124 0124 0127 0133 0141 0149 0157 0162 0166 0167 0165 0162.
0160 0156 0154 0151 0149 0147 0146 0144 0142 0141 0139 0137
0135 0136 0138 0144 0151 0159 0167 0172 0174 0175 0173 0170.
0167 0163 0160 0157 0154 0151 0148 0145 0141 0139 0136 0133
0132 0132 0136 0143 0152 0162 0172 0179 0183 0184 0183 0180.
0176 0174 0171 0170 0168 0166 0165 0163 0161 0160 0158 0157
0156 0155 0155 0157 0158 0162 0167 0173 0177 0178 0177 0174.
0171 0168 0165 0162 0160 0158 0156 0154 0153 0151 0148 0145
0144 0144 0148 0154 0163 0172 0180 0186 0189 0190 0188 0184.
0180 0177 0173 0169 0166 0163 0159 0156 0154 0153 0152 0151
0151 0151 0152 0155 0158 0161 0164 0167 0168 0168 0167 0166.
0165 0164 0163 0162 0161 0159 0157 0156 0154 0153 0151 0150
0149 0149 0148 0147 0145 0144 0144 0144 0144 0143 0142 0140.
0138 0137 0135 0133 0131 0130 0128 0126 0125 0123 0121 0120
0118 0116 0115 0114 0113 0114 0115 0116 0116 0116 0114 0112.
0109 0107 0105 0104 0103 0102 0101 0100 0099 0098 0097 0096
0095 0096 0099 0104 0111 0118 0124 0128 0130 0132 0131 0128.
0125 0122 0119 0115 0112 0109 0106 0103 0101 0098 0096 0094
0093 0095 0099 0106 0114 0123 0132 0139 0143 0144 0142 0138.
0134 0130 0126 0123 0120 0117 0114 0111 0108 0105 0103 0101
0100 0100 0102 0105 0109 0115 0124 0131 0136 0138 0137 0135.
0133 0131 0129 0127 0126 0124 0123 0122 0121 0119 0118 0117
0116 0117 0118 0120 0125 0132 0139 0144 0147 0148 0146 0144.
0141 0137 0134 0130 0127 0124 0121 0118 0116 0113 0110 0108
0107 0107 0111 0117 0125 0131 0137 0141 0142 0144 0144 0142.
0140 0137 0135 0134 0132 0130 0129 0128 0126 0125 0124 0123
0122 0122 0123 0125 0130 0137 0144 0151 0155 0156 0155 0152.
0148 0144 0141 0137 0134 0132 0130 0127 0125 0123 0121 0120
0119 0119 0120 0121 0124 0127 0130 0133 0135 0136 0136 0135.
0134 0132 0131 0130 0129 0128 0126 0124 0123 0121 0121 0120
0120 0120 0122 0124 0128 0133 0137 0139 0140 0140 0139 0138.
0137 0136 0134 0132 0129 0127 0124 0122 0120 0118 0116 0114
0113 0115 0120 0128 0139 0150 0160 0169 0173 0175 0173 0171.
0167 0163 0160 0156 0153 0150 0147 0144 0141 0138 0136 0134
0133 0134 0139 0147 0157 0167 0176 0183 0187 0188 0186 0183.
0179 0175 0172 0169 0167 0165 0162 0160 0158 0156 0154 0153
0152 0152 0153 0155 0157 0158 0158 0158 0158 0158 0158 0157.
0156 0155 0154 0153 0152 0152 0151 0150 0149 0149 0148 0147
0147 0146 0147 0148 0149 0151 0153 0156 0158 0158 0158 0157.
0156 0155 0154 0153 0151 0150 0149 0148 0147 0146 0145 0144
0144 0145 0149 0154 0159 0164 0166 0167 0166 0165 0163 0161.
0159 0157 0155 0154 0152 0151 0149 0148 0147 0146 0145 0144
0143 0142 0143 0145 0148 0150 0153 0155 0157 0157 0156 0154.
0152 0150 0148 0146 0144 0143 0141 0139 0138 0136 0135 0133
0133 0133 0134 0139 0143 0146 0150 0155 0158 0159 0158 0156.
0154 0152 0149 0146 0143 0141 0138 0135 0131 0129 0126 0124
0123 0124 0128 0135 0144 0153 0161 0166 0167 0167 0165 0162.
0159 0156 0153 0151 0148 0146 0143 0142 0140 0138 0136 0135
0134 0134 0137 0144 0153 0163 0171 0176 0179 0179 0176 0173.
0168 0164 0160 0156 0152 0148 0145 0141 0138 0135 0132 0129
0127 0129 0134 0142 0152 0163 0172 0180 0184 0185 0183 0179.
0174 0170 0166 0162 0158 0155 0151 0147 0144 0140 0137 0134
0133 0135 0140 0148 0157 0168 0177 0185 0189 0191 0189 0186.
0183 0180 0177 0174 0172 0170 0168 0167 0165 0163 0162 0160
0159 0159 0159 0160 0161 0162 0163 0163 0164 0163 0163 0162.
0161 0159 0158 0157 0156 0155 0153 0152 0151 0150 0149 0148
0148 0148 0150 0152 0155 0160 0167 0173 0176 0176 0175 0173.
0171 0168 0165 0161 0158 0155 0152 0149 0146 0143 0141 0138
0138 0140 0145 0151 0158 0166 0175 0183 0189 0190 0190 0187=
0141 0139 0137 0134 0131 0129 0126 0123 0121 0118 0116 0114
0112 0111 0111 0113 0116 0121 0127 0133 0138 0141 0142 0142.
0141 0140 0139 0137 0136 0135 0134 0133 0132 0130 0129 0128
0126 0125 0125 0127 0130 0135 0140 0145 0149 0152 0153 0153.
0152 0151 0149 0148 0146 0145 0144 0143 0141 0140 0139 0138
0136 0135 0135 0137 0140 0145 0150 0154 0158 0160 0161 0161.
0160 0158 0156 0155 0153 0151 0148 0146 0144 0142 0139 0137
0135 0134 0134 0137 0141 0146 0152 0158 0163 0166 0168 0168.
0167 0166 0165 0164 0163 0162 0161 0160 0158 0157 0156 0155
0154 0153 0153 0153 0153 0154 0157 0160 0164 0166 0167 0167.
0166 0164 0162 0161 0159 0157 0156 0154 0153 0151 0150 0148
0146 0145 0145 0147 0151 0156 0162 0167 0171 0174 0175 0175.
0173 0171 0169 0167 0165 0163 0160 0158 0156 0154 0153 0152
0151 0151 0150 0151 0153 0155 0156 0159 0160 0161 0161 0161.
0160 0160 0159 0159 0158 0157 0156 0155 0154 0153 0152 0151
0150 0149 0148 0148 0146 0145 0145 0144 0144 0143 0143 0142.
0141 0140 0138 0137 0136 0134 0133 0132 0130 0129 0127 0126
0125 0123 0122 0121 0119 0119 0119 0119 0119 0119 0119 0118.
0116 0114 0113 0111 0110 0109 0108 0107 0106 0105 0104 0103
0102 0102 0102 0104 0107 0111 0115 0119 0122 0124 0125 0125.
0125 0123 0121 0119 0117 0115 0113 0111 0109 0107 0105 0103
0102 0101 0101 0104 0108 0112 0118 0124 0128 0131 0133 0132.
0131 0130 0128 0125 0123 0121 0119 0117 0115 0113 0110 0109
0107 0106 0106 0107 0108 0111 0115 0119 0124 0127 0129 0130.
0129 0128 0128 0127 0126 0125 0124 0123 0122 0121 0120 0119
0118 0118 0118 0119 0120 0123 0127 0132 0135 0137 0138 0138.
0137 0136 0134 0132 0130 0128 0125 0123 0121 0119 0117 0115
0113 0112 0113 0114 0118 0122 0126 0130 0132 0134 0136 0136.
0136 0135 0134 0133 0132 0130 0129 0128 0128 0126 0126 0125
0124 0123 0123 0123 0125 0128 0132 0136 0141 0144 0145 0145.
0144 0142 0140 0138 0136 0134 0132 0130 0129 0127 0125 0124
0123 0122 0122 0122 0123 0124 0126 0128 0129 0131 0132 0132.
0131 0131 0130 0130 0129 0128 0127 0126 0125 0124 0123 0122
0122 0121 0122 0123 0124 0126 0129 0131 0133 0134 0134 0134.
0134 0134 0133 0132 0130 0129 0127 0126 0124 0123 0121 0119
0118 0118 0119 0122 0126 0132 0139 0146 0152 0156 0158 0158.
0158 0156 0155 0153 0151 0149 0147 0145 0143 0141 0139 0137
0135 0135 0136 0138 0143 0149 0155 0161 0166 0169 0170 0171.
0170 0168 0166 0165 0163 0162 0160 0159 0157 0155 0154 0153
0152 0151 0151 0151 0152 0153 0153 0154 0154 0154 0154 0154.
0153 0152 0152 0151 0151 0150 0150 0149 0148 0148 0147 0147
0146 0146 0146 0146 0146 0147 0148 0149 0151 0152 0153 0153.
0152 0152 0151 0151 0150 0149 0149 0148 0147 0146 0145 0145
0144 0144 0144 0147 0149 0153 0156 0157 0158 0158 0158 0157.
0156 0155 0154 0153 0152 0151 0150 0149 0148 0147 0146 0145
0144 0143 0143 0143 0144 0146 0147 0149 0150 0151 0151 0151.
0150 0150 0148 0147 0146 0144 0143 0142 0141 0139 0138 0137
0136 0135 0135 0136 0138 0140 0143 0145 0148 0150 0151 0151.
0151 0150 0148 0147 0145 0143 0141 0139 0137 0135 0133 0131
0129 0128 0129 0131 0135 0140 0145 0150 0154 0156 0156 0156.
0155 0154 0152 0150 0149 0147 0145 0144 0142 0141 0140 0138
0137 0136 0136 0138 0142 0148 0153 0159 0163 0165 0166 0165.
0164 0162 0159 0157 0154 0152 0149 0147 0144 0141 0139 0136
0134 0133 0134 0136 0141 0147 0153 0159 0164 0168 0169 0169.
0168 0166 0164 0161 0159 0157 0154 0152 0149 0146 0144 0141
0139 0138 0139 0142 0146 0152 0158 0164 0169 0173 0175 0175.
0174 0173 0172 0170 0169 0167 0166 0165 0163 0162 0161 0160
0159 0158 0158 0157 0158 0158 0159 0159 0159 0160 0160 0159.
0159 0158 0157 0156 0156 0155 0154 0153 0152 0151 0150 0149
0149 0148 0149 0149 0151 0153 0156 0160 0163 0166 0166 0167.
0166 0165 0163 0161 0159 0157 0155 0153 0151 0148 0146 0144
0143 0142 0143 0146 0149 0153 0159 0164 0170 0173 0176 0176=
0116 0117 0117 0117 0117 0117 0117 0116 0116 0116 0116 0115
0115 0115 0114 0114 0114 0113 0113 0113 0114 0114 0114 0115.
0115 0115 0115 0116 0116 0116 0116 0116 0117 0117 0117 0117
0117 0117 0117 0117 0117 0117 0117 0117 0118 0118 0118 0119.
0120 0120 0120 0121 0121 0121 0122 0122 0122 0122 0122 0122
0122 0122 0122 0122 0122 0123 0123 0123 0123 0124 0124 0125.
0125 0126 0126 0127 0127 0127 0127 0127 0127 0127 0127 0127
0127 0127 0127 0126 0127 0126 0127 0127 0127 0128 0128 0129.
0129 0130 0130 0131 0131 0131 0132 0132 0132 0132 0133 0132
0133 0133 0133 0133 0133 0133 0133 0133 0134 0134 0134 0135.
0135 0135 0135 0135 0135 0136 0136 0136 0135 0136 0135 0135
0135 0135 0135 0135 0135 0135 0135 0135 0135 0136 0136 0136.
0137 0137 0138 0138 0138 0138 0138 0138 0138 0138 0138 0138
0138 0138 0138 0137 0137 0137 0137 0137 0137 0138 0138 0138.
0138 0138 0139 0139 0139 0139 0139 0139 0139 0139 0139 0139
0139 0139 0139 0139 0139 0139 0139 0138 0138 0138 0138 0138.
0138 0137 0137 0137 0137 0136 0136 0136 0135 0135 0135 0134
0134 0134 0133 0132 0132 0132 0131 0131 0130 0130 0129 0129.
0129 0128 0128 0127 0127 0126 0126 0125 0125 0124 0124 0123
0123 0123 0122 0122 0121 0121 0121 0121 0121 0121 0121 0121.
0121 0121 0121 0121 0121 0121 0120 0120 0120 0119 0119 0118
0118 0118 0117 0117 0117 0117 0116 0117 0117 0117 0117 0117.
0117 0118 0118 0118 0118 0118 0118 0118 0118 0118 0117 0117
0117 0116 0116 0116 0115 0115 0115 0115 0115 0115 0115 0116.
0116 0116 0116 0116 0117 0117 0117 0117 0117 0117 0117 0117
0117 0117 0117 0117 0117 0117 0117 0117 0118 0118 0118 0119.
0119 0119 0120 0120 0120 0120 0120 0120 0120 0120 0120 0119
0119 0119 0119 0118 0118 0118 0118 0118 0118 0118 0119 0119.
0119 0119 0119 0120 0120 0120 0120 0120 0120 0120 0120 0120
0120 0120 0120 0120 0120 0120 0120 0120 0120 0121 0121 0121.
0122 0122 0122 0122 0122 0123 0122 0122 0122 0122 0122 0122
0122 0122 0121 0121 0121 0121 0121 0121 0121 0121 0121 0121.
0121 0121 0121 0121 0122 0122 0122 0122 0122 0122 0122 0121
0121 0121 0121 0121 0121 0121 0121 0121 0121 0121 0122 0122.
0122 0122 0122 0122 0123 0123 0123 0123 0123 0122 0122 0122
0122 0122 0122 0122 0122 0122 0122 0122 0122 0123 0123 0124.
0125 0125 0126 0126 0127 0127 0127 0127 0127 0127 0128 0127
0127 0127 0127 0127 0127 0127 0128 0128 0128 0129 0130 0130.
0131 0131 0132 0132 0133 0133 0133 0134 0134 0134 0134 0134
0134 0134 0134 0134 0134 0134 0134 0134 0135 0135 0135 0135.
0135 0135 0135 0135 0136 0136 0136 0136 0136 0136 0136 0136
0136 0136 0136 0136 0136 0136 0136 0136 0136 0136 0136 0136.
0136 0137 0137 0137 0137 0137 0137 0137 0137 0137 0137 0137
0137 0137 0137 0137 0137 0137 0137 0137 0137 0138 0138 0138.
0138 0138 0138 0139 0139 0139 0139 0139 0139 0139 0139 0139
0138 0138 0138 0138 0138 0138 0138 0138 0138 0138 0138 0138.
0138 0138 0138 0138 0138 0138 0138 0138 0138 0138 0138 0138
0137 0137 0137 0137 0137 0137 0137 0136 0136 0137 0136 0137.
0137 0137 0137 0137 0137 0137 0137 0137 0136 0136 0136 0136
0135 0135 0135 0134 0134 0134 0134 0134 0134 0134 0134 0135.
0135 0135 0135 0135 0135 0135 0136 0136 0135 0135 0135 0135
0135 0135 0135 0135 0134 0135 0135 0135 0135 0135 0136 0136.
0136 0136 0137 0137 0137 0137 0137 0137 0137 0136 0136 0136
0136 0135 0135 0135 0135 0134 0134 0135 0135 0135 0135 0136.
0136 0136 0137 0137 0137 0137 0137 0137 0137 0137 0137 0137
0136 0136 0136 0136 0135 0135 0135 0136 0136 0136 0137 0137.
0137 0138 0138 0139 0139 0139 0140 0140 0140 0140 0140 0140
0141 0140 0141 0141 0140 0141 0141 0141 0141 0141 0141 0141.
0141 0141 0141 0141 0141 0141 0141 0141 0142 0141 0141 0141
0141 0141 0141 0141 0141 0141 0141 0141 0141 0142 0142 0142.
0142 0142 0143 0143 0143 0143 0143 0143 0143 0143 0142 0142
0142 0142 0142 0141 0141 0141 0141 0141 0141 0142 0142 0143=
KB
0114 0114 0115 0115 0115 0115 0115 0115 0115 0115 0115 0115
0116 0116 0116 0116 0116 0116 0116 0116 0116 0116 0116 0116.
0116 0116 0116 0116 0116 0116 0116 0116 0116 0116 0116 0116
0116 0116 0116 0117 0117 0117 0117 0117 0117 0117 0117 0117.
0117 0117 0117 0117 0117 0117 0118 0118 0118 0118 0118 0118
0118 0118 0118 0119 0119 0119 0119 0119 0119 0119 0119 0119.
0119 0119 0120 0120 0120 0120 0120 0120 0120 0120 0121 0121
0121 0121 0121 0121 0121 0121 0122 0122 0122 0122 0122 0122.
0122 0122 0122 0122 0122 0123 0123 0123 0123 0123 0123 0123
0123 0124 0124 0124 0124 0124 0124 0125 0125 0125 0125 0125.
0125 0125 0125 0126 0126 0126 0126 0126 0126 0126 0127 0127
0127 0127 0127 0127 0127 0128 0128 0128 0128 0128 0128 0128.
0128 0128 0128 0128 0129 0128 0129 0129 0129 0129 0129 0129
0129 0130 0130 0130 0130 0130 0130 0130 0130 0130 0130 0130.
0131 0131 0131 0131 0131 0131 0131 0131 0131 0131 0131 0131
0131 0132 0132 0132 0132 0132 0132 0132 0132 0132 0132 0132.
0132 0133 0133 0132 0133 0133 0133 0133 0133 0133 0133 0133
0133 0133 0133 0133 0133 0133 0133 0133 0133 0133 0133 0133.
0133 0133 0132 0132 0132 0132 0132 0132 0132 0132 0132 0132
0132 0132 0131 0131 0131 0131 0131 0131 0131 0130 0130 0130.
0130 0130 0130 0130 0129 0129 0129 0129 0129 0129 0129 0129
0129 0128 0128 0128 0128 0128 0128 0128 0128 0128 0127 0127.
0127 0127 0127 0127 0127 0126 0126 0126 0126 0126 0126 0126
0126 0126 0126 0126 0126 0126 0126 0126 0126 0125 0125 0125.
0125 0125 0125 0125 0125 0125 0125 0125 0124 0124 0124 0124
0124 0124 0124 0124 0124 0124 0124 0124 0124 0124 0124 0124.
0124 0124 0124 0124 0124 0124 0124 0124 0124 0124 0124 0124
0124 0124 0124 0124 0124 0124 0124 0124 0124 0124 0124 0124.
0124 0124 0124 0124 0124 0124 0124 0124 0124 0124 0124 0124
0124 0124 0124 0124 0124 0124 0124 0124 0124 0124 0124 0124.
0124 0124 0124 0124 0124 0124 0124 0124 0125 0125 0125 0125
0125 0125 0125 0125 0125 0125 0125 0125 0125 0125 0125 0125.
0125 0125 0125 0125 0125 0125 0125 0125 0125 0125 0125 0125
0125 0125 0125 0125 0125 0125 0125 0125 0125 0125 0125 0125.
0125 0125 0125 0125 0125 0125 0125 0125 0125 0125 0125 0125
0125 0125 0125 0126 0126 0126 0126 0126 0126 0126 0126 0126.
0125 0126 0126 0126 0126 0126 0126 0126 0126 0126 0126 0126
0126 0126 0126 0126 0127 0127 0127 0127 0127 0127 0127 0127.
0127 0127 0127 0127 0127 0127 0128 0128 0128 0128 0128 0128
0128 0128 0129 0129 0129 0129 0129 0129 0129 0129 0129 0129.
0130 0130 0130 0130 0130 0130 0130 0130 0130 0130 0131 0131
0131 0131 0131 0131 0131 0131 0132 0132 0132 0132 0132 0132.
0132 0132 0132 0132 0132 0132 0132 0132 0133 0133 0133 0133
0133 0133 0133 0133 0133 0133 0133 0133 0133 0133 0133 0134.
0134 0134 0134 0134 0134 0134 0134 0134 0134 0134 0134 0134
0134 0135 0135 0135 0135 0135 0135 0135 0135 0135 0135 0135.
0135 0135 0135 0135 0135 0135 0135 0135 0135 0135 0135 0136
0136 0136 0136 0136 0136 0136 0136 0136 0136 0136 0136 0136.
0136 0136 0136 0136 0136 0136 0136 0136 0136 0136 0136 0136
0136 0136 0136 0136 0136 0136 0136 0136 0136 0136 0136 0136.
0136 0135 0136 0136 0135 0135 0135 0135 0135 0135 0135 0135
0135 0135 0135 0135 0135 0135 0135 0135 0135 0136 0135 0135.
0135 0135 0135 0135 0135 0135 0135 0135 0135 0135 0135 0135
0136 0136 0136 0136 0136 0136 0136 0136 0136 0136 0136 0136.
0136 0135 0135 0136 0135 0135 0135 0136 0135 0136 0136 0136
0136 0136 0136 0136 0136 0136 0136 0136 0136 0136 0136 0136.
0136 0136 0136 0136 0136 0136 0136 0136 0136 0136 0136 0136
0136 0136 0136 0136 0137 0137 0137 0137 0137 0137 0137 0137.
0137 0137 0137 0137 0137 0137 0137 0137 0137 0138 0138 0138
0138 0138 0138 0138 0138 0138 0138 0138 0138 0138 0138 0138.
0138 0138 0138 0139 0139 0139 0139 0139 0139 0139 0139 0139
0139 0139 0139 0139 0139 0139 0139 0139 0139 0139 0139 0140=
0132 0132 0132 0132 0132 0132 0132 0132 0132 0132 0132 0132
0132 0132 0132 0132 0132 0132 0132 0132 0132 0132 0132 0132.
0132 0132 0132 0132 0132 0132 0132 0132 0132 0132 0132 0132
0132 0133 0133 0133 0133 0133 0133 0133 0133 0133 0133 0133.
0133 0133 0133 0133 0133 0133 0133 0133 0133 0133 0133 0133
0133 0133 0133 0133 0133 0133 0133 0133 0133 0133 0133 0133.
0133 0133 0133 0133 0133 0133 0133 0133 0133 0133 0133 0133
0133 0133 0133 0133 0134 0134 0134 0134 0134 0134 0134 0134.
0134 0134 0134 0134 0134 0134 0134 0134 0134 0134 0134 0134
0134 0134 0134 0134 0134 0134 0134 0134 0134 0134 0134 0134.
0134 0134 0134 0134 0134 0134 0134 0134 0134 0134 0134 0134
0134 0134 0135 0135 0135 0135 0135 0135 0135 0135 0135 0135.
0135 0135 0135 0135 0135 0135 0135 0135 0135 0135 0135 0135
0135 0135 0135 0135 0135 0135 0135 0135 0135 0135 0136 0136.
0136 0136 0136 0136 0136 0136 0136 0136 0136 0136 0136 0136
0136 0136 0136 0136 0136 0136 0136 0136 0136 0136 0136 0136.
0136 0136 0137 0136 0136 0137 0137 0137 0137 0137 0137 0137
0137 0137 0137 0137 0137 0137 0137 0137 0137 0137 0137 0137.
0137 0137 0137 0137 0137 0137 0137 0137 0138 0138 0138 0138
0138 0138 0138 0138 0138 0138 0138 0138 0138 0138 0138 0138.
0138 0138 0138 0138 0138 0138 0138 0138 0138 0138 0138 0138
0139 0139 0139 0139 0139 0139 0139 0139 0139 0139 0139 0139.
0139 0139 0139 0139 0139 0139 0139 0139 0139 0139 0139 0139
0139 0139 0139 0139 0139 0139 0139 0139 0139 0139 0139 0139.
0139 0139 0139 0139 0139 0139 0139 0139 0139 0139 0139 0139
0139 0139 0140 0140 0139 0140 0140 0140 0140 0140 0139 0140.
0140 0140 0140 0140 0140 0140 0140 0140 0140 0139 0139 0140
0139 0140 0140 0140 0140 0140 0140 0140 0140 0140 0140 0140.
0140 0140 0140 0140 0140 0140 0140 0140 0140 0140 0140 0140
0140 0139 0140 0140 0140 0140 0140 0140 0140 0140 0140 0140.
0140 0140 0140 0140 0140 0140 0140 0140 0139 0140 0139 0140
0140 0140 0140 0140 0140 0140 0140 0140 0140 0140 0140 0140.
0140 0140 0140 0140 0140 0140 0140 0140 0140 0140 0140 0140
0140 0140 0140 0140 0140 0140 0140 0140 0140 0140 0140 0140.
0140 0140 0140 0140 0140 0140 0140 0140 0140 0140 0140 0140
0140 0140 0140 0140 0140 0140 0140 0140 0140 0140 0140 0140.
0140 0140 0140 0140 0140 0140 0140 0140 0140 0140 0140 0140
0140 0140 0140 0140 0140 0140 0140 0140 0140 0140 0140 0140.
0140 0140 0140 0140 0140 0140 0140 0140 0140 0140 0140 0140
0140 0140 0140 0140 0140 0140 0140 0140 0140 0140 0140 0140.
0140 0140 0140 0140 0140 0140 0140 0140 0140 0140 0140 0140
0140 0140 0140 0140 0140 0140 0140 0140 0140 0140 0140 0140.
0140 0140 0140 0140 0140 0140 0140 0140 0140 0140 0140 0140
0140 0140 0140 0140 0140 0140 0140 0140 0141 0140 0140 0140.
0140 0140 0141 0141 0141 0141 0141 0141 0141 0141 0141 0141
0141 0141 0141 0141 0141 0141 0141 0141 0141 0141 0141 0141.
0141 0141 0141 0141 0141 0141 0141 0141 0141 0141 0141 0141
0141 0141 0141 0141 0141 0141 0141 0141 0141 0141 0141 0141.
0141 0142 0142 0141 0141 0142 0142 0142 0142 0142 0142 0142
0142 0142 0142 0142 0142 0142 0142 0142 0142 0142 0142 0142.
0142 0142 0142 0142 0142 0142 0142 0142 0142 0142 0142 0142
0142 0142 0142 0142 0142 0142 0142 0142 0143 0143 0142 0142.
0143 0142 0143 0142 0142 0143 0143 0143 0143 0143 0143 0143
0143 0143 0143 0143 0143 0143 0143 0143 0143 0143 0143 0143.
0143 0143 0143 0143 0143 0143 0143 0143 0143 0143 0143 0143
0143 0143 0143 0143 0143 0143 0143 0143 0143 0143 0143 0143.
0143 0143 0143 0143 0143 0143 0143 0143 0144 0144 0144 0144
0144 0144 0144 0144 0144 0144 0144 0144 0144 0144 0144 0144.
0144 0144 0144 0144 0144 0144 0144 0144 0144 0144 0144 0144
0144 0144 0144 0144 0144 0144 0144 0144 0144 0144 0144 0144.
0144 0144 0144 0144 0144 0144 0144 0144 0144 0144 0144 0144
0144 0144 0144 0144 0144 0144 0144 0144 0144 0144 0144 0144=
0169 0169 0169 0169 0169 0169 0169 0169 0169 0169 0169 0169
0169 0169 0169 0169 0169 0169 0169 0169 0169 0169 0169 0169.
0169 0169 0169 0169 0169 0168 0168 0168 0168 0168 0168 0168
0168 0168 0168 0169 0168 0168 0168 0169 0168 0168 0168 0168.
0168 0168 0168 0168 0168 0168 0168 0168 0168 0168 0168 0168
0168 0168 0168 0168 0168 0168 0168 0168 0168 0168 0168 0168.
0168 0168 0168 0168 0168 0168 0168 0168 0168 0168 0168 0168
0168 0168 0168 0168 0168 0168 0168 0168 0168 0168 0168 0168.
0168 0168 0168 0168 0168 0168 0168 0168 0168 0168 0168 0168
0168 0168 0168 0168 0168 0168 0168 0168 0168 0167 0167 0168.
0167 0167 0167 0167 0167 0167 0167 0167 0167 0167 0167 0167
0167 0167 0167 0167 0167 0167 0167 0167 0167 0167 0167 0167.
0167 0167 0167 0167 0167 0167 0167 0167 0167 0167 0167 0167
0167 0167 0167 0167 0167 0167 0167 0167 0167 0167 0167 0167.
0167 0167 0167 0167 0167 0167 0167 0167 0167 0167 0167 0167
0167 0167 0167 0167 0167 0167 0167 0167 0167 0167 0167 0167.
0167 0167 0167 0166 0166 0167 0167 0166 0166 0166 0166 0166
0166 0166 0166 0166 0166 0166 0166 0166 0166 0166 0166 0166.
0166 0166 0166 0166 0166 0166 0166 0166 0166 0166 0166 0166
0166 0166 0166 0166 0166 0166 0166 0166 0166 0166 0166 0166.
0166 0166 0166 0166 0166 0166 0166 0166 0166 0166 0166 0166
0166 0166 0166 0166 0166 0166 0166 0166 0166 0166 0166 0166.
0166 0166 0166 0166 0166 0166 0166 0166 0166 0166 0166 0166
0166 0166 0166 0166 0166 0166 0166 0166 0166 0166 0166 0166.
0166 0166 0166 0166 0166 0166 0166 0166 0166 0166 0166 0166
0166 0166 0166 0166 0166 0166 0166 0166 0166 0166 0166 0166.
0166 0166 0166 0166 0166 0165 0165 0166 0166 0165 0166 0165
0166 0166 0166 0166 0166 0166 0166 0166 0165 0166 0165 0166.
0165 0166 0165 0165 0165 0165 0165 0165 0165 0165 0165 0165
0165 0165 0165 0166 0165 0165 0165 0166 0165 0165 0165 0165.
0165 0165 0165 0165 0165 0165 0165 0165 0165 0165 0165 0165
0165 0165 0165 0165 0165 0165 0165 0165 0165 0165 0165 0165.
0165 0165 0165 0165 0165 0165 0165 0165 0165 0165 0165 0165
0165 0165 0165 0165 0165 0165 0165 0165 0165 0165 0165 0165.
0165 0165 0165 0165 0165 0165 0165 0165 0165 0165 0165 0165
0165 0165 0165 0165 0165 0165 0165 0165 0165 0165 0165 0165.
0165 0165 0165 0165 0165 0165 0165 0165 0165 0165 0165 0165
0165 0165 0165 0165 0165 0165 0165 0165 0165 0165 0165 0165.
0165 0165 0165 0165 0165 0165 0165 0165 0165 0165 0165 0165
0165 0165 0165 0165 0165 0165 0165 0165 0165 0165 0165 0165.
0165 0165 0165 0165 0165 0165 0165 0165 0165 0165 0165 0165
0165 0165 0165 0165 0165 0165 0165 0165 0165 0165 0165 0165.
0165 0165 0165 0165 0165 0165 0165 0165 0165 0165 0165 0165
0165 0165 0165 0165 0165 0165 0165 0165 0165 0165 0165 0165.
0165 0165 0165 0165 0165 0165 0165 0165 0165 0165 0165 0165
0164 0165 0164 0165 0165 0164 0164 0164 0165 0165 0164 0165.
0165 0165 0165 0164 0164 0164 0165 0164 0164 0164 0164 0164
0164 0164 0164 0164 0164 0165 0164 0165 0164 0164 0164 0164.
0164 0164 0164 0164 0164 0164 0164 0164 0164 0164 0164 0164
0164 0164 0164 0164 0164 0164 0164 0164 0164 0164 0164 0164.
0164 0164 0164 0164 0164 0164 0164 0164 0164 0164 0164 0164
0164 0164 0164 0164 0164 0164 0164 0164 0164 0164 0164 0164.
0164 0164 0164 0164 0164 0164 0164 0164 0164 0164 0164 0164
0164 0164 0164 0164 0164 0164 0164 0164 0164 0164 0164 0164.
0164 0164 0164 0164 0164 0164 0164 0164 0164 0164 0164 0164
0164 0164 0164 0164 0164 0164 0164 0164 0164 0164 0164 0164.
0164 0164 0164 0164 0164 0164 0164 0164 0164 0164 0164 0164
0164 0164 0164 0164 0164 0164 0164 0164 0164 0164 0164 0164.
0164 0164 0164 0164 0164 0164 0164 0164 0164 0164 0164 0164
0164 0164 0164 0164 0164 0164 0164 0164 0164 0164 0164 0164.
0164 0164 0164 0164 0164 0164 0164 0164 0164 0164 0164 0164
0164 0164 0164 0164 0164 0164 0164 0164 0164 0164 0164 0164=
A=
SA=
BA
0055 0049 0049 0039 0031 0029 0029 0026 0024 0027 0022 0057
0121 0187 0249 0330 0378 0369 0291 0231 0173 0132 0115 0107 0381 1258 0022 0622.
0112 0104 0103 0100 0102 0099 0099 0096 0089 0066 0064 0088
0137 0182 0219 0291 0340 0328 0300 0253 0204 0162 0147 0111 0358 1331 0064 0646.
0115 0120 0111 0113 0114 0113 0112 0106 0104 0092 0085 0106
0156 0186 0239 0316 0368 0370 0302 0241 0211 0169 0146 0130 0373 1256 0084 0714.
0118 0114 0098 0091 0086 0083 0079 0072 0068 0066 0063 0099
0157 0216 0283 0373 0417 0399 0336 0272 0224 0182 0144 0142 0426 1314 0062 0637.
0152 0158 0151 0148 0145 0138 0135 0133 0133 0131 0129 0133
0142 0158 0171 0176 0218 0253 0288 0243 0198 0167 0149 0142 0309 1435 0129 0644.
0135 0114 0111 0123 0125 0112 0111 0117 0089 0084 0078 0112
0167 0239 0300 0372 0406 0390 0318 0257 0216 0177 0146 0128 0420 1333 0077 0648.
0120 0114 0107 0101 0098 0095 0096 0117 0121 0121 0121 0128
0140 0176 0211 0193 0229 0238 0219 0182 0159 0151 0148 0146 0255 1410 0091 0232.
0146 0143 0144 0136 0127 0123 0121 0119 0122 0121 0121 0126
0124 0115 0112 0109 0116 0123 0126 0117 0105 0104 0095 0090 0147 2107 0090 1940.
0090 0082 0078 0078 0073 0076 0076 0074 0071 0064 0055 0057
0063 0067 0065 0080 0085 0097 0098 0077 0060 0052 0048 0040 0109 1426 0040 1959.
0043 0046 0050 0050 0049 0047 0047 0046 0047 0046 0046 0059
0090 0128 0173 0205 0225 0262 0183 0162 0127 0088 0064 0052 0277 1307 0038 2009.
0042 0034 0029 0024 0025 0019 0016 0018 0020 0017 0029 0060
0112 0163 0218 0294 0347 0342 0257 0198 0141 0104 0078 0066 0361 1318 0013 0542.
0058 0053 0049 0038 0033 0030 0028 0026 0023 0026 0040 0070
0075 0103 0148 0166 0331 0324 0257 0190 0151 0112 0096 0095 0338 1314 0022 0501.
0096 0094 0091 0089 0088 0086 0085 0083 0070 0077 0079 0095
0112 0137 0160 0231 0309 0296 0230 0201 0158 0129 0099 0083 0364 1326 0069 0507.
0070 0062 0062 0054 0052 0045 0042 0034 0040 0034 0029 0076
0098 0167 0250 0279 0228 0311 0206 0198 0185 0137 0101 0103 0332 1357 0025 0639.
0101 0098 0096 0093 0092 0090 0089 0087 0085 0085 0086 0096
0118 0119 0162 0232 0285 0294 0277 0208 0165 0128 0101 0090 0325 1341 0085 0500.
0078 0070 0067 0072 0080 0063 0057 0076 0061 0067 0078 0089
0101 0118 0129 0150 0164 0187 0182 0155 0137 0122 0110 0105 0189 1406 0057 0241.
0103 0101 0099 0097 0092 0070 0073 0081 0085 0088 0089 0098
0116 0137 0145 0180 0174 0184 0148 0145 0135 0123 0115 0110 0189 1412 0069 0141.
0108 0088 0079 0073 0071 0066 0063 0064 0059 0058 0059 0095
0148 0201 0277 0356 0425 0414 0313 0255 0213 0174 0139 0123 0444 1317 0055 0632.
0114 0107 0101 0096 0092 0088 0084 0081 0081 0076 0078 0118
0174 0232 0310 0376 0420 0395 0315 0264 0210 0184 0145 0133 0431 1317 0073 0624.
0127 0134 0136 0131 0129 0117 0109 0119 0117 0115 0122 0135
0146 0168 0184 0174 0175 0151 0153 0151 0148 0141 0135 0135 0185 1102 0109 0252.
0134 0134 0133 0131 0130 0129 0128 0127 0126 0125 0125 0129
0137 0145 0145 0152 0171 0190 0174 0160 0158 0147 0137 0134 0195 1407 0124 0620.
0133 0130 0128 0126 0126 0122 0123 0118 0120 0108 0118 0132
0171 0206 0221 0267 0233 0191 0189 0158 0146 0137 0131 0128 0282 1218 0103 0537.
0124 0125 0122 0121 0121 0120 0119 0117 0116 0114 0114 0118
0124 0146 0167 0171 0178 0186 0175 0168 0150 0138 0123 0117 0190 1348 0113 0634.
0115 0112 0111 0100 0104 0099 0100 0097 0096 0095 0095 0119
0120 0161 0210 0190 0200 0246 0238 0202 0167 0140 0122 0114 0265 1411 0093 0644.
0108 0096 0086 0080 0075 0063 0059 0058 0061 0054 0056 0102
0142 0198 0258 0337 0383 0292 0233 0184 0177 0144 0122 0117 0391 1306 0049 0625.
0113 0107 0107 0103 0090 0093 0101 0099 0087 0081 0095 0103
0136 0185 0235 0284 0351 0316 0234 0225 0172 0147 0121 0113 0385 1335 0081 0558.
0097 0087 0082 0075 0069 0066 0062 0058 0053 0050 0054 0096
0159 0216 0297 0395 0457 0388 0288 0229 0192 0159 0131 0112 0461 1304 0047 0618.
0106 0100 0100 0083 0076 0070 0066 0062 0056 0057 0065 0111
0174 0212 0304 0408 0436 0358 0303 0264 0206 0186 0166 0155 0459 1306 0055 0515.
0134 0142 0139 0136 0133 0134 0133 0131 0129 0128 0131 0130
0144 0157 0168 0165 0163 0176 0181 0166 0158 0148 0139 0133 0184 1451 0126 0624.
0130 0128 0127 0124 0124 0122 0121 0119 0118 0118 0122 0132
0146 0152 0163 0178 0243 0262 0241 0194 0176 0163 0147 0126 0279 1357 0117 0523.
0120 0106 0101 0097 0090 0087 0083 0076 0072 0069 0080 0127
0162 0213 0238 0307 0410 0416 0346 0275 0224 0189 0162 0141 0426 1303 0068 0619=
=
??????
******
YF
19011










20160410=
JY
8888=
GK
01/
05/=
BZ
10/03/08;14;20

10/24/24
11/=
######
