57461 3042N 11118E 001331 001343 105 000 S14 11111999919199111991 0 2016 02
PC
0218 0225 0227 0226 0222 0215 0211 0211 0210 0212 0216 0219
0226 0231 0231 0225 0212 0200 0191 0190 0190 0194 0200 0205 0232 0957 0189 1532.
0207 0210 0210 0206 0205 0198 0192 0184 0182 0175 0184 0187
0187 0188 0185 0167 0154 0139 0130 0125 0127 0125 0131 0138 0211 2136 0123 1756.
0142 0144 0141 0141 0136 0131 0129 0126 0122 0127 0125 0127
0135 0140 0136 0126 0109 0096 0093 0091 0093 0099 0108 0117 0145 2134 0091 1522.
0125 0132 0134 0133 0129 0125 0125 0124 0124 0126 0133 0138
0148 0149 0143 0124 0117 0103 0094 0090 0092 0095 0104 0118 0150 0944 0088 1631.
0127 0134 0133 0138 0140 0146 0142 0137 0139 0131 0133 0143
0154 0157 0154 0145 0138 0129 0123 0122 0125 0130 0133 0148 0159 1018 0118 2001.
0159 0165 0169 0175 0175 0178 0176 0181 0182 0183 0189 0196
0206 0210 0209 0200 0183 0167 0162 0157 0159 0165 0171 0177 0212 1023 0148 2001.
0177 0175 0167 0158 0150 0143 0138 0130 0125 0119 0119 0119
0116 0115 0109 0096 0082 0069 0062 0059 0058 0063 0070 0080 0179 2106 0057 1619.
0089 0091 0090 0085 0081 0077 0073 0064 0060 0059 0062 0065
0070 0069 0064 0052 0036 0022 0013 0008 0008 0011 0016 0020 0091 2126 0008 1549.
0024 0024 0024 0023 0021 0018 0014 0009 0011 0014 0018 0023
0030 0035 0034 0024 0009 9997 9991 9990 9993 9996 9997 0002 0035 0954 9990 1536.
0003 0001 9999 9995 9987 9980 9975 9968 9965 9964 9967 9971
9975 9973 9980 9971 9961 9950 9944 9943 9945 9950 9955 9958 0004 2055 9942 1621.
9957 9957 9956 9954 9953 9952 9951 9945 9945 9948 9952 9959
9967 9971 9969 9962 9950 9940 9934 9932 9938 9946 9956 9961 9971 0932 9932 1531.
9965 9965 9964 9961 9957 9952 9947 9942 9938 9934 9933 9932
9937 9937 9933 9922 9909 9900 9895 9898 9902 9908 9914 9923 9965 2051 9894 1504.
9935 9945 9948 9954 9956 9962 9971 9970 9972 9983 9995 0007
0023 0035 0044 0046 0036 0036 0040 0045 0054 0065 0084 0100 0100 2000 9923 2001.
0114 0120 0128 0132 0131 0130 0126 0130 0133 0138 0148 0157
0165 0172 0172 0176 0175 0170 0169 0167 0172 0175 0184 0192 0192 1954 0100 2001.
0198 0204 0208 0209 0203 0201 0196 0191 0189 0191 0197 0200
0203 0202 0196 0187 0170 0155 0144 0134 0128 0130 0145 0157 0209 2240 0127 1710.
0167 0172 0169 0171 0165 0158 0153 0148 0141 0139 0148 0151
0153 0151 0150 0138 0125 0109 0100 0094 0092 0099 0105 0112 0172 2143 0091 1636.
0123 0133 0136 0134 0131 0126 0118 0114 0113 0112 0115 0120
0125 0126 0128 0114 0102 0085 0077 0073 0073 0079 0089 0095 0136 2254 0069 1616.
0100 0105 0105 0105 0095 0091 0090 0081 0075 0075 0074 0063
0071 0074 0071 0062 0043 0031 0022 0019 0020 0033 0046 0054 0108 2250 0018 1631.
0064 0072 0081 0087 0078 0088 0081 0087 0087 0081 0088 0100
0110 0115 0117 0121 0109 0098 0093 0098 0110 0114 0133 0152 0152 2000 0055 2001.
0164 0172 0175 0169 0175 0173 0170 0164 0161 0164 0169 0173
0177 0174 0168 0157 0142 0125 0116 0109 0100 0106 0109 0107 0177 0852 0099 1701.
0114 0109 0112 0105 0098 0088 0089 0072 0067 0060 0069 0070
0072 0077 0082 0076 0069 0059 0059 0061 0068 0080 0086 0090 0116 2045 0057 1428.
0098 0112 0109 0115 0111 0111 0107 0100 0099 0102 0111 0111
0121 0123 0125 0122 0112 0103 0095 0096 0097 0108 0117 0128 0128 1951 0090 2001.
0140 0149 0155 0153 0151 0153 0147 0149 0155 0160 0160 0171
0180 0185 0190 0189 0182 0169 0166 0170 0173 0182 0194 0199 0199 1959 0128 2001.
0202 0207 0205 0203 0203 0201 0198 0194 0194 0198 0201 0207
0213 0215 0211 0200 0185 0172 0165 0162 0160 0164 0174 0178 0216 0936 0160 1650.
0184 0191 0190 0189 0186 0187 0181 0178 0174 0178 0182 0189
0192 0193 0186 0178 0165 0153 0143 0138 0138 0143 0147 0154 0194 0959 0137 1634.
0157 0164 0167 0163 0158 0154 0146 0143 0143 0143 0144 0149
0151 0149 0141 0131 0117 0098 0088 0078 0072 0075 0079 0087 0167 2258 0072 1655.
0094 0097 0098 0095 0094 0091 0082 0076 0073 0070 0074 0079
0085 0086 0082 0075 0062 0045 0039 0035 0034 0041 0048 0053 0098 2202 0034 1700.
0056 0061 0065 0064 0056 0052 0050 0050 0055 0063 0073 0085
0095 0099 0099 0097 0093 0084 0084 0085 0094 0104 0117 0131 0131 1955 0048 0151.
0144 0154 0160 0162 0165 0165 0163 0158 0159 0162 0165 0173
0178 0179 0175 0167 0152 0135 0124 0118 0115 0114 0116 0118 0179 0916 0113 1806=
0387 0391 0371 0377
0368 0358 0308 0308
0300 0297 0264 0287
0293 0307 0269 0286
0313 0311 0295 0316
0345 0366 0335 0347
0311 0289 0233 0246
0240 0230 0184 0184
0178 0186 0158 0165
0140 0133 0112 0120
0114 0122 0100 0122
0112 0092 0060 0084
0124 0169 0199 0265
0297 0325 0339 0362
0371 0371 0324 0327
0326 0320 0275 0280
0292 0287 0250 0261
0256 0228 0194 0219
0251 0264 0262 0318
0339 0340 0290 0273
0253 0236 0225 0257
0278 0279 0269 0295
0320 0338 0335 0366
0367 0375 0337 0345
0353 0356 0318 0320
0319 0315 0260 0251
0252 0243 0204 0216
0212 0248 0245 0294
0327 0337 0297 0283=
TB
0020 0009 0007 0005 0004 0004 0000 -003 -002 0000 -001 0000
0007 0016 0026 0035 0045 0050 0054 0047 0048 0044 0041 0037 0056 1448 -003 0359.
0032 0028 0025 0022 0020 0022 0016 0008 0005 0000 0003 0006
0016 0028 0050 0064 0070 0070 0076 0080 0070 0062 0050 0043 0081 1543 -004 0623.
0029 0024 0017 0012 0007 0000 0000 -003 -006 -007 -011 -009
0008 0026 0049 0063 0077 0086 0087 0082 0078 0072 0068 0065 0097 1453 -013 0651.
0062 0057 0054 0051 0049 0038 0035 0029 0023 0022 0017 0019
0033 0058 0071 0092 0106 0113 0120 0121 0116 0108 0095 0090 0126 1550 0015 0705.
0074 0058 0051 0042 0039 0036 0028 0025 0020 0022 0020 0021
0041 0061 0088 0104 0118 0126 0126 0127 0119 0115 0105 0086 0131 1408 0017 0626.
0080 0068 0056 0056 0043 0039 0034 0027 0026 0020 0010 0010
0027 0055 0072 0081 0089 0100 0101 0101 0095 0084 0069 0051 0106 1445 0006 0740.
0040 0032 0029 0023 0012 0009 0005 0004 0004 0001 0001 0002
0024 0058 0118 0153 0179 0190 0194 0197 0190 0175 0153 0137 0199 1528 0000 0641.
0113 0107 0093 0079 0067 0060 0050 0049 0041 0038 0035 0037
0069 0101 0151 0179 0196 0208 0214 0216 0206 0186 0163 0146 0218 1436 0033 0722.
0130 0127 0117 0111 0109 0104 0102 0095 0091 0092 0086 0088
0101 0117 0132 0161 0189 0178 0176 0167 0163 0153 0143 0138 0192 1325 0085 0721.
0128 0126 0121 0117 0112 0112 0105 0104 0101 0098 0099 0102
0107 0111 0113 0114 0111 0105 0111 0111 0110 0108 0105 0103 0138 2001 0098 0531.
0104 0104 0103 0101 0101 0101 0101 0101 0098 0096 0096 0098
0105 0116 0132 0152 0169 0175 0175 0169 0153 0146 0144 0141 0181 1432 0095 0605.
0140 0136 0132 0131 0129 0127 0126 0125 0124 0123 0123 0122
0119 0117 0118 0119 0121 0122 0125 0127 0128 0128 0127 0127 0141 2001 0116 1007.
0127 0120 0115 0113 0115 0115 0114 0114 0114 0113 0111 0106
0102 0101 0100 0102 0100 0098 0099 0099 0098 0094 0089 0089 0127 2001 0089 1857.
0085 0076 0072 0071 0064 0060 0056 0053 0051 0050 0050 0050
0054 0055 0058 0056 0050 0057 0053 0056 0053 0052 0049 0046 0088 2001 0046 2000.
0040 0033 0030 0024 0019 0013 0017 0012 0010 0007 0002 0007
0032 0048 0063 0076 0081 0093 0100 0105 0103 0095 0077 0068 0110 1613 -001 0724.
0055 0049 0045 0032 0031 0023 0020 0019 0015 0013 0008 0014
0036 0059 0087 0111 0126 0134 0137 0141 0131 0121 0108 0098 0146 1541 0008 0657.
0083 0076 0067 0064 0061 0058 0052 0047 0043 0039 0043 0041
0056 0090 0109 0131 0136 0143 0144 0150 0146 0137 0125 0112 0154 1536 0037 0546.
0099 0088 0078 0074 0064 0059 0059 0056 0051 0049 0051 0054
0074 0107 0126 0150 0165 0178 0183 0176 0165 0154 0139 0132 0185 1447 0049 0555.
0118 0107 0100 0096 0089 0089 0087 0087 0081 0083 0085 0082
0087 0100 0110 0128 0137 0149 0148 0148 0142 0133 0125 0112 0150 1356 0080 0749.
0104 0090 0083 0078 0074 0069 0067 0066 0059 0056 0052 0052
0071 0093 0119 0129 0142 0141 0140 0131 0125 0116 0106 0100 0145 1406 0050 0637.
0091 0084 0076 0070 0063 0052 0054 0048 0053 0056 0057 0060
0070 0075 0083 0083 0081 0084 0077 0069 0065 0058 0053 0052 0100 2001 0048 0359.
0052 0051 0051 0051 0051 0051 0050 0050 0050 0053 0052 0053
0060 0071 0081 0094 0107 0111 0121 0127 0119 0110 0099 0095 0127 1600 0049 0313.
0092 0088 0081 0072 0066 0063 0066 0066 0068 0067 0066 0069
0078 0089 0097 0106 0116 0132 0134 0126 0127 0122 0111 0104 0136 1437 0062 0207.
0100 0097 0093 0090 0088 0084 0082 0074 0068 0058 0055 0062
0072 0098 0118 0133 0147 0152 0155 0153 0147 0136 0125 0118 0162 1428 0053 0718.
0108 0099 0093 0087 0079 0074 0070 0066 0067 0062 0062 0070
0080 0101 0129 0148 0163 0160 0173 0171 0167 0160 0145 0130 0175 1503 0061 0645.
0122 0108 0101 0095 0085 0078 0073 0070 0063 0062 0059 0066
0087 0116 0152 0181 0200 0208 0205 0206 0198 0182 0168 0155 0211 1349 0058 0643.
0140 0121 0113 0111 0102 0117 0101 0083 0076 0071 0070 0074
0097 0135 0175 0202 0226 0245 0240 0229 0219 0202 0182 0169 0248 1402 0067 0718.
0156 0138 0125 0120 0114 0108 0099 0097 0091 0089 0087 0097
0119 0164 0179 0210 0214 0215 0215 0216 0204 0196 0183 0172 0223 1333 0086 0637.
0162 0150 0138 0137 0136 0134 0133 0122 0109 0097 0097 0093
0113 0133 0143 0156 0167 0172 0171 0166 0159 0151 0142 0127 0176 1425 0093 0734=
IB
=
-013 -017 -014 -016 -021 -017 -014 -014 -012 -010 -009 -008
-003 -011 -017 -013 -011 -021 -032 -046 -037 -036 -032 -043.
-047 -056 -054 -045 -043 -007 -005 -007 -005 -017 -010 -005
0006 0005 -010 -013 -047 -050 -048 -062 -086 -058 -054 -060.
-050 -055 -046 -029 -019 -019 -017 -027 -025 -024 -027 -019
-002 -019 -027 -034 -038 -036 -032 -024 -028 -025 -032 -034.
-032 -034 -024 -029 -009 -004 0004 0001 -001 0001 0002 0003
0013 0013 0008 -018 -071 -061 -050 -049 -037 -029 -015 -014.
-010 -003 -005 0000 -003 0006 0002 0001 0002 0009 0004 0000
0020 0016 0000 -004 0006 -006 -010 -005 0000 -010 -006 -015.
-007 0003 0013 0017 0017 0016 0018 0014 0014 0004 -005 -009
0001 -008 -120 -107 -096 -096 -101 -090 -090 -082 -079 -071.
-071 -073 -037 -036 -042 -032 -038 -037 -048 -049 -026 -020
-009 -011 -004 -017 -041 -058 -055 -053 -051 -044 -031 0004.
0010 0010 0017 0013 0018 0011 0013 0024 0016 0020 0014 0019
0020 0017 0002 0010 -021 -036 -063 -061 -031 -013 0000 0005.
0007 0008 0024 0019 0014 0015 0033 0014 0008 0016 0030 0034
0025 0022 0027 0006 0023 0025 0031 0050 0044 0047 0046 0052.
0059 0060 0059 0062 0063 0061 0065 0062 0059 0056 0055 0060
0065 0064 0066 0075 0085 0091 0099 0095 0093 0086 0093 0094.
0096 0098 0097 0092 0096 0092 0096 0096 0093 0091 0093 0090
0102 0103 0102 0093 0083 0075 0081 0083 0090 0092 0092 0091.
0092 0093 0100 0101 0103 0104 0105 0107 0106 0109 0104 0108
0105 0111 0113 0114 0112 0117 0116 0122 0123 0123 0122 0122.
0122 0115 0110 0108 0110 0110 0109 0098 0093 0092 0087 0073
0060 0059 0052 0046 0035 0031 0036 0030 0031 0027 0037 -007.
-013 -019 -028 -032 -022 -014 -015 -010 -016 -023 -021 -023
-017 -008 -041 -063 -026 -029 -032 -030 -025 -029 -018 -004.
0002 -002 0007 0003 0004 -013 0002 -003 0000 -003 -020 -003
0012 -016 -051 -051 -057 -050 -051 -043 -041 -048 -054 -046.
-041 -041 -038 -023 -013 -020 -007 -002 -009 -016 -014 -002
0000 -020 -011 -013 -017 -014 -023 -015 -012 -007 -013 -010.
-007 -006 0002 0011 0016 0015 0015 0021 0013 0019 0022 0023
0023 0034 0020 0018 0009 0009 0017 -011 -015 -027 -029 -026.
-024 -005 0005 0013 0005 0009 0018 0015 0010 0019 0021 0017
0023 0030 0025 0019 0010 0000 0013 0012 0018 0015 0028 0024.
0028 0030 0033 0044 0035 0041 0037 0039 0043 0049 0043 0053
0053 0054 0051 0043 0040 0014 -001 -040 -061 -058 -042 -033.
-016 -001 0000 0008 0002 -006 0002 0007 0014 0010 0010 0011
0024 0002 -003 -061 -105 -099 -093 -093 -098 -106 -097 -086.
-067 -051 -045 -035 -036 -036 -020 -023 -018 -030 -019 -012
-007 -012 -023 0003 -004 -028 -023 -013 0006 0030 0038 0042.
0039 0041 0039 0041 0031 0036 0035 0035 0035 0041 0039 0041
0045 0046 0036 0029 0020 0011 0023 0023 0026 0031 0030 0026.
0034 0036 0034 0040 0043 0036 0048 0043 0048 0045 0041 0051
0051 0056 0053 0043 0026 0018 -038 -032 -031 -053 -023 -023.
-020 -017 -011 -009 0000 0004 0011 0015 0015 0011 0018 0023
0027 0026 0009 0016 0016 0010 0005 0007 0005 0009 0015 0020.
0024 0023 0031 0031 0034 0031 0029 0039 0035 0037 0039 0043
0038 0038 0033 0013 0012 0013 0000 -020 -014 0013 0027 0034.
0034 0038 0034 0028 0033 0037 0043 0036 0035 0037 0032 0038
0047 0048 0043 0036 -023 -051 -039 -031 -025 -011 0000 0009.
0010 0020 0015 0014 0021 0019 0022 0032 0025 0026 0029 0042
0032 0038 0030 0021 -015 -021 -003 0013 0045 0058 0058 0061.
0061 0059 0061 0061 0059 0064 0061 0051 0064 0058 0051 0064
0060 0051 0058 0032 0045 0037 0050 0042 0040 0045 0055 0028.
0007 -011 -018 -004 -004 -014 -018 -007 0006 0003 0008 0005
0007 -022 -022 -066 -040 -047 -042 -030 -026 -033 -027 -027=
EA
056 054 055 054 052 054 055 055 056 057 057 057
060 056 054 056 056 052 048 044 046 047 048 045.
043 040 041 044 044 058 059 058 059 054 057 059
064 063 057 056 043 042 043 039 032 040 041 039.
042 041 043 049 053 053 054 050 051 051 050 053
060 053 050 048 046 047 048 051 050 051 048 047.
048 048 051 049 057 059 063 062 061 062 062 062
067 067 065 053 036 039 042 042 046 049 055 055.
057 060 059 061 060 064 062 061 062 065 063 061
070 069 061 059 064 058 057 059 061 057 058 055.
058 062 067 069 069 069 069 067 068 063 059 057
062 058 024 027 030 029 028 031 031 033 034 036.
036 035 047 047 045 048 046 047 043 042 050 053
057 056 059 054 045 040 041 041 042 044 049 063.
066 066 069 067 070 066 067 073 069 071 067 070
071 069 062 066 052 047 038 039 049 056 061 063.
064 065 073 070 068 068 077 068 065 069 076 078
073 071 074 064 072 073 076 087 083 085 085 088.
093 093 093 095 096 094 096 095 093 091 090 093
096 096 098 104 111 115 121 119 117 111 117 118.
120 121 120 116 120 116 120 120 117 116 117 115
124 126 124 117 110 104 108 110 115 116 116 116.
117 117 123 124 125 126 127 129 128 130 126 129
127 132 134 135 133 138 136 142 143 143 142 142.
142 136 132 130 132 132 131 121 117 116 112 102
093 093 088 085 079 076 079 076 076 074 080 058.
055 053 050 048 052 055 055 057 054 051 052 051
054 058 045 038 051 049 048 049 051 050 054 059.
062 060 064 062 063 056 062 060 061 060 053 060
067 054 042 042 040 042 042 044 045 043 041 043.
045 045 046 051 056 053 058 060 057 054 055 060
061 053 056 055 054 055 052 055 056 058 056 057.
058 058 062 066 069 068 068 071 067 070 071 072
072 078 070 069 065 065 069 056 055 050 049 051.
051 059 063 067 063 065 070 068 066 070 071 069
072 076 073 070 066 061 067 066 069 068 075 073.
075 076 077 084 079 082 080 081 083 086 083 089
089 090 088 083 081 068 061 045 039 040 045 048.
054 061 061 065 062 059 062 064 068 065 065 066
073 062 060 039 028 029 030 030 029 027 029 032.
037 042 044 047 047 047 053 052 053 049 053 056
058 056 051 062 059 050 051 056 064 076 080 082.
080 082 081 082 076 079 078 078 078 082 080 082
084 085 079 075 071 066 072 072 074 076 076 074.
078 079 078 081 083 079 086 083 086 084 082 088
088 091 089 083 074 070 046 048 048 041 052 052.
053 054 056 057 061 063 066 068 068 066 070 072
074 074 065 069 069 066 063 064 064 065 068 071.
072 072 076 076 078 076 075 081 078 080 081 083
080 080 077 067 067 067 061 053 055 067 074 078.
078 080 078 075 078 079 083 079 078 080 077 080
085 086 083 079 051 042 046 049 051 056 061 065.
065 071 068 067 071 070 072 077 073 074 075 082
077 080 076 071 055 052 060 067 084 092 092 094.
094 093 094 094 093 096 094 088 096 092 088 096
093 088 092 077 084 079 087 083 081 084 090 075.
064 056 054 060 059 055 053 058 064 063 065 063
064 052 052 037 046 043 045 049 051 048 050 050=
UB
79 83 86 86 83 86 90 92 93 93 94 94
93 82 73 71 67 60 54 51 54 56 59 56 51 1518.
56 54 56 61 63 81 86 90 93 88 91 92
93 85 65 58 43 42 41 36 32 42 47 47 32 1329.
56 56 63 74 83 87 88 84 87 88 89 93
93 72 58 50 44 42 43 47 47 50 49 49 37 1333.
51 52 57 56 66 74 80 82 84 86 90 89
87 73 64 46 28 29 30 30 34 38 46 48 27 1344.
55 65 67 74 74 81 83 84 88 91 89 86
86 73 54 47 46 40 39 40 44 42 46 49 37 1432.
54 63 74 76 83 85 89 91 92 89 90 87
83 64 24 25 26 24 23 25 26 30 34 41 22 1109.
44 46 62 65 67 74 73 74 68 69 82 85
79 61 43 31 22 18 18 18 19 22 28 40 16 1531.
49 51 59 63 71 71 77 84 84 88 86 88
71 56 36 32 23 19 15 15 20 26 33 38 13 1614.
43 44 53 53 52 54 62 57 56 59 68 69
59 52 49 35 33 36 38 46 45 49 52 56 30 1228.
63 64 66 69 72 71 76 75 75 75 74 75
75 73 73 77 84 91 92 90 89 86 92 94 55 2004.
95 96 96 94 97 94 97 97 97 97 98 95
98 92 82 68 57 52 54 57 66 70 71 72 46 1440.
73 75 81 82 84 86 87 89 89 91 88 91
91 96 97 97 94 97 94 97 97 97 97 97 70 2004.
97 97 97 97 97 97 97 90 87 87 85 80
75 75 72 68 64 63 65 62 63 63 70 51 45 1946.
50 51 49 48 54 59 60 64 62 59 60 59
60 64 49 42 58 54 54 54 57 56 62 70 39 1148.
76 78 85 86 90 83 90 90 93 93 85 93
87 63 44 40 37 36 34 35 36 36 39 44 32 1507.
50 52 55 67 73 73 82 86 84 81 85 89
77 57 50 42 37 36 33 34 37 41 43 47 32 1503.
53 56 63 69 73 74 77 83 81 87 86 88
79 68 54 46 42 40 42 33 33 32 34 38 30 1756.
42 52 60 65 66 70 75 75 75 81 81 77
70 59 50 41 35 30 32 33 37 39 47 48 28 1412.
54 59 63 70 69 72 71 72 77 79 75 82
79 73 67 56 52 40 36 27 24 26 31 36 23 1627.
43 53 56 61 60 59 63 66 73 72 74 75
72 53 43 26 17 18 19 20 20 20 23 26 15 1328.
32 38 42 47 49 53 59 60 60 54 58 60
58 54 47 57 55 45 49 56 66 82 90 93 27 2001.
91 93 92 93 87 90 90 90 90 92 91 92
90 84 73 64 55 50 51 49 53 58 62 62 46 1507.
67 70 72 80 85 83 88 85 87 86 84 88
83 80 74 65 54 46 30 33 33 29 39 41 27 1515.
43 45 48 50 54 57 61 66 69 72 77 76
73 61 47 45 41 38 36 37 38 42 47 51 35 1418.
56 59 65 68 73 74 75 83 80 84 85 83
75 65 52 40 36 37 31 27 29 37 45 52 22 1622.
55 62 63 63 70 75 81 79 82 84 83 82
76 63 48 38 22 17 19 20 22 27 32 37 15 1323.
41 50 51 51 57 51 58 70 70 73 75 80
64 52 38 30 20 17 20 24 32 39 44 49 15 1354.
53 59 65 67 69 74 77 73 83 81 78 80
67 47 45 31 33 31 34 32 34 37 43 38 26 1621.
35 33 34 38 38 36 35 41 49 52 54 54
48 34 32 21 24 22 23 26 28 28 31 34 21 1200=
N=
H=
C=
V=
R6
0000 0000 0000
0000 0000 0000
0000 0000 0000
0000 0000 0000
0000 0000 0000
0000 0000 0000
0000 0000 0000
0000 0000 0000
0000 0000 0000
0000 0019 0019
0002 0000 0002
0000 0056 0056
0000 0000 0000
0000 0000 0000
0000 0000 0000
0000 0000 0000
0000 0000 0000
0000 0000 0000
0000 0000 0000
0000 0000 0000
0000 0011 0011
0006 0000 0006
0000 0000 0000
0000 0000 0000
0000 0000 0000
0000 0000 0000
0000 0000 0000
0000 0000 0000
0000 0000 0000=
0000 0000 0000 0000 0000 0000 0000 0000 0000 0000 0000 0000
0000 0000 0000 0000 0000 0000 0000 0000 0000 0000 0000 0000.
0000 0000 0000 0000 0000 0000 0000 0000 0000 0000 0000 0000
0000 0000 0000 0000 0000 0000 0000 0000 0000 0000 0000 0000.
0000 0000 0000 0000 0000 0000 0000 0000 0000 0000 0000 0000
0000 0000 0000 0000 0000 0000 0000 0000 0000 0000 0000 0000.
0000 0000 0000 0000 0000 0000 0000 0000 0000 0000 0000 0000
0000 0000 0000 0000 0000 0000 0000 0000 0000 0000 0000 0000.
0000 0000 0000 0000 0000 0000 0000 0000 0000 0000 0000 0000
0000 0000 0000 0000 0000 0000 0000 0000 0000 0000 0000 0000.
0000 0000 0000 0000 0000 0000 0000 0000 0000 0000 0000 0000
0000 0000 0000 0000 0000 0000 0000 0000 0000 0000 0000 0000.
0000 0000 0000 0000 0000 0000 0000 0000 0000 0000 0000 0000
0000 0000 0000 0000 0000 0000 0000 0000 0000 0000 0000 0000.
0000 0000 0000 0000 0000 0000 0000 0000 0000 0000 0000 0000
0000 0000 0000 0000 0000 0000 0000 0000 0000 0000 0000 0000.
0000 0000 0000 0000 0000 0000 0000 0000 0000 0000 0000 0000
0000 0000 0000 0000 0000 0000 0000 0000 0000 0000 0000 0000.
0000 0000 0000 0000 0000 0000 0000 0000 0000 0000 0000 0000
0000 0000 0000 0000 0001 0013 0004 0000 0000 0000 0000 0001.
0002 0000 0000 0000 0000 0000 0000 0000 0000 0000 0000 0000
0000 0000 0000 0000 0000 0000 0000 0000 0000 0000 0000 0000.
0000 0000 0000 0000 0000 0000 0000 0000 0000 0000 0000 0000
0018 0023 0005 0002 0002 0000 0004 0002 0000 0000 0000 0000.
0000 0000 0000 0000 0000 0000 0000 0000 0000 0000 0000 0000
0000 0000 0000 0000 0000 0000 0000 0000 0000 0000 0000 0000.
0000 0000 0000 0000 0000 0000 0000 0000 0000 0000 0000 0000
0000 0000 0000 0000 0000 0000 0000 0000 0000 0000 0000 0000.
0000 0000 0000 0000 0000 0000 0000 0000 0000 0000 0000 0000
0000 0000 0000 0000 0000 0000 0000 0000 0000 0000 0000 0000.
0000 0000 0000 0000 0000 0000 0000 0000 0000 0000 0000 0000
0000 0000 0000 0000 0000 0000 0000 0000 0000 0000 0000 0000.
0000 0000 0000 0000 0000 0000 0000 0000 0000 0000 0000 0000
0000 0000 0000 0000 0000 0000 0000 0000 0000 0000 0000 0000.
0000 0000 0000 0000 0000 0000 0000 0000 0000 0000 0000 0000
0000 0000 0000 0000 0000 0000 0000 0000 0000 0000 0000 0000.
0000 0000 0000 0000 0000 0000 0000 0000 0000 0000 0000 0000
0000 0000 0000 0000 0000 0000 0000 0000 0000 0000 0000 0000.
0000 0000 0000 0000 0000 0000 0000 0000 0000 0000 0000 0000
0000 0000 0000 0000 0000 0000 0000 0000 0000 0000 0000 0000.
0000 0000 0000 0000 0000 0000 0000 0000 0000 0000 0000 0000
0000 0000 0000 0000 0000 0000 0000 0000 0001 0002 0006 0002.
0002 0001 0003 0000 0000 0000 0000 0000 0000 0000 0000 0000
0000 0000 0000 0000 0000 0000 0000 0000 0000 0000 0000 0000.
0000 0000 0000 0000 0000 0000 0000 0000 0000 0000 0000 0000
0000 0000 0000 0000 0000 0000 0000 0000 0000 0000 0000 0000.
0000 0000 0000 0000 0000 0000 0000 0000 0000 0000 0000 0000
0000 0000 0000 0000 0000 0000 0000 0000 0000 0000 0000 0000.
0000 0000 0000 0000 0000 0000 0000 0000 0000 0000 0000 0000
0000 0000 0000 0000 0000 0000 0000 0000 0000 0000 0000 0000.
0000 0000 0000 0000 0000 0000 0000 0000 0000 0000 0000 0000
0000 0000 0000 0000 0000 0000 0000 0000 0000 0000 0000 0000.
0000 0000 0000 0000 0000 0000 0000 0000 0000 0000 0000 0000
0000 0000 0000 0000 0000 0000 0000 0000 0000 0000 0000 0000.
0000 0000 0000 0000 0000 0000 0000 0000 0000 0000 0000 0000
0000 0000 0000 0000 0000 0000 0000 0000 0000 0000 0000 0000.
0000 0000 0000 0000 0000 0000 0000 0000 0000 0000 0000 0000
0000 0000 0000 0000 0000 0000 0000 0000 0000 0000 0000 0000=
0000 ////////// 00000=
W=
LA
=
000 000 000 001 001 000 000 000 001 000 000 000
000 000 002 000 000 001 002 000 000 001 000 000 009.
001 000 000 000 001 000 001 000 000 000 000 001
000 001 000 001 002 000 001 002 000 002 000 000 013.
000 000 001 000 000 002 000 001 000 001 000 001
000 001 000 001 002 002 001 000 000 001 002 000 016.
001 000 000 000 000 001 000 000 000 000 000 000
001 001 000 002 001 002 002 000 001 000 000 000 012.
001 000 000 000 002 000 000 000 001 000 001 000
000 001 000 002 002 001 000 002 000 000 001 000 014.
001 000 000 000 000 000 001 000 000 001 000 001
000 001 002 001 001 001 003 000 002 000 001 001 017.
000 000 001 000 001 001 000 001 000 000 001 001
000 000 001 003 001 002 002 002 002 001 001 000 021.
001 000 000 000 000 000 001 000 000 001 000 000
000 002 001 002 002 000 003 001 003 001 000 001 019.
001 000 000 000 001 000 000 001 000 000 001 000
000 001 001 001 000 003 000 001 000 001 000 000 012.
001 000 000 000 000 001 001 000 001 000 000 000
001 000 000 000 000 001 001 000 000 000 000 000 007.
001 000 001 000 000 000 000 001 000 000 000 000
000 000 000 001 001 000 002 000 001 000 000 002 010.
000 000 000 000 000 000 001 000 000 000 000 000
000 003 000 000 001 000 002 000 001 000 000 000 008.
000 000 000 000 001 000 000 000 000 001 000 001
000 000 002 000 000 002 000 000 000 001 000 000 008.
001 001 001 002 001 000 000 002 001 001 000 001
001 000 001 000 001 001 001 000 001 000 001 001 019.
001 000 001 000 000 001 000 001 000 000 001 000
001 001 000 002 001 003 001 002 001 001 001 001 020.
000 001 000 001 000 000 001 000 001 000 001 000
001 001 001 001 001 002 002 002 001 001 000 001 019.
001 000 000 001 001 000 001 000 000 001 000 000
001 000 002 001 002 000 002 002 001 001 001 000 018.
000 000 001 000 001 000 001 000 000 001 001 000
000 000 002 001 002 002 002 000 002 001 001 000 018.
001 000 001 000 000 000 002 000 000 001 000 000
000 001 000 001 000 002 000 001 002 001 000 001 014.
000 000 001 000 000 001 000 001 000 000 001 000
001 002 000 003 002 002 003 001 001 002 001 000 022.
001 001 001 000 001 000 000 001 000 001 000 001
001 000 000 000 001 001 000 000 001 000 001 000 012.
002 000 001 000 000 000 000 001 000 000 000 000
001 000 001 000 001 001 001 001 001 000 000 001 012.
000 001 000 000 000 001 000 001 000 001 000 000
000 000 001 000 000 002 001 001 000 000 001 001 011.
001 000 001 001 000 000 001 000 000 000 001 000
000 001 002 001 002 001 002 001 003 001 000 001 020.
000 001 000 000 000 001 000 001 000 001 000 000
000 001 001 002 001 000 003 002 001 000 001 000 016.
000 002 000 000 000 001 000 000 001 001 000 000
001 001 001 002 002 001 003 002 002 002 000 001 023.
002 000 000 000 001 001 000 001 000 000 001 001
000 001 002 001 001 002 002 003 002 001 001 001 024.
001 000 000 001 000 000 001 001 000 000 001 000
000 001 002 001 002 002 003 001 002 002 001 001 023.
001 001 001 000 001 000 001 000 002 000 000 001
000 002 002 001 002 003 002 003 002 001 002 001 029=
Z=
G=
FN
162028 115018 136024 124014 101019 117009
230008 170003 109013 071007 018003 152009
069013 141013 175014 135011 241015 156021
141020 202006 068008 127018 121012 135021.
099015 128011 077007 083007 PPC000 251007
298003 112005 316009 003007 335007 107008
125007 234012 026011 134009 179020 151022
131021 156017 129026 148027 106019 110014.
070010 073007 357007 252006 239008 322009
015007 322003 218003 328008 115005 347010
PPC000 137015 052010 166013 139022 087023
145025 132025 113018 131019 128017 120018.
121012 055006 090005 262005 234006 338012
278007 333010 335010 359008 191004 336006
338008 064010 347013 080016 183016 096017
347011 104020 100011 110012 105013 110012.
090006 010013 334010 331013 012009 291006
261004 261008 288004 002011 270012 331006
PPC001 303008 119014 173020 150020 168026
178021 147022 144019 120012 160014 073012.
149008 318009 351007 113018 237011 207005
332010 073012 008010 356005 005007 006010
260008 255010 121020 073008 147009 112010
146023 140026 158020 125015 119017 061018.
059007 324007 313009 261009 299004 219009
260007 070006 024003 251006 303007 269006
003009 242006 160011 317016 314038 311032
315034 300025 301040 318025 129016 110028.
076010 152006 274015 354010 323011 326014
321005 315016 PPC001 332011 299013 054008
001007 150006 309006 151015 136025 134023
111024 131025 141028 123015 086011 356015.
338016 290012 332007 355016 350008 331009
098007 058008 354009 343016 PPC001 085004
312010 081010 116008 332008 124012 193019
143018 163020 120014 333004 093006 320011.
324005 329007 327008 342007 326012 139006
048007 269009 259008 357008 009007 335006
281004 097006 132009 PPC002 195006 PPC002
334009 015004 356003 335010 PPC000 023004.
245006 285008 338004 247006 155006 347008
317009 182006 280012 074004 157004 275004
318009 074009 180008 289011 305010 140015
121014 175017 143028 118023 115020 045004.
295003 271011 316010 257007 PPC000 062004
247007 018006 PPC000 341004 049006 117009
256010 329006 199006 350005 284005 PPC002
088011 235007 PPC002 210003 141005 141006.
143010 110018 130018 141010 160013 011006
060009 129012 126018 146025 158018 160018
130017 164021 175017 152023 133017 160019
136021 163015 223015 151015 086010 073008.
099018 044038 043019 067028 157023 160019
125025 182014 162016 173019 176021 149013
216011 281010 219013 219016 261022 220015
276012 240013 274014 257007 255009 301009.
231010 299005 245011 272012 355010 PPC002
181004 220006 PPC002 007009 014008 324007
041007 359009 121015 259022 132033 006009
101018 189022 130022 140026 131030 096018.
068010 063010 PPC000 356017 273010 282008
272008 252008 345007 209008 352007 276007
293008 345012 260009 137019 083019 111017
089024 161031 155024 124021 107020 092017.
189006 004007 341008 342009 322009 036009
280006 266008 292011 PPC000 233009 334006
311008 086007 279011 146020 115020 143016
180019 130023 132027 092018 111017 054015.
342012 357013 326012 266010 030010 318010
340008 016004 341009 011006 002012 147004
303004 266010 097011 100013 122027 112017
102035 119025 097025 119021 088016 105014.
084007 352009 326010 268007 333008 351008
337011 265010 328008 011011 178008 326011
243012 342008 166006 128013 191015 169027
181019 128016 156026 157025 158018 197009.
308008 043005 309009 036007 357007 PPC002
022009 277008 229004 269005 332004 305004
010008 340011 110013 129037 141033 158024
175035 162033 120028 118026 097010 093012.
026004 001009 315012 243009 281008 PPC000
255010 308008 237005 287006 118004 346005
338009 261007 139011 260013 285005 124018
PPC000 034009 023008 359018 027009 358008.
003010 353008 168009 284017 289011 255012
260013 265006 PPC001 162010 175006 144008
PPC002 213008 241012 179014 079014 166022
144015 152018 159028 153016 133019 097012.
161007 071007 328007 335010 352010 357009
335014 317006 193006 090008 334010 307012
131011 060007 025005 146015 184011 092009
077032 124012 339006 075017 068015 002013.
350024 289008 273012 280015 283014 269005
161008 128005 333008 343005 317009 087012
286010 302007 077015 129016 155015 123028
179027 142036 125022 141026 121013 127012.
074009 054005 196005 340008 226006 275008
334005 006006 288003 341007 338006 183005
331006 065008 127011 101013 126017 092014
127015 128022 143012 123020 104014 071012.
070011 351007 262007 263006 329010 PPC000
008008 264007 233005 057008 342006 312015
311008 317009 303005 228016 138012 147026
142031 167034 145030 154028 122015 084010.
002011 347014 267013 281013 324008 266013
207004 087015 PPC001 264005 195006 339010
353009 255010 211010 274009 164011 279008
138022 152026 130033 105031 096015 082018.
331017 268006 315009 283008 027016 297009
354011 337009 353007 316008 013013 086010
351015 190011 105021 144018 133036 141030
141032 168033 099039 150018 093017 109019.
104019 127012 118009 188012 086007 166008
136021 104012 064008 073009 097007 358011
075004 081014 127030 150035 136018 164031
099028 147043 125030 137018 129013 084008=
154026 124021 134019 124011 104017 094009
211007 129003 107015 066010 097007 147008
082011 150010 177014 224014 175012 163019
195019 180013 095010 136017 119011 126017.
112015 114011 070008 083007 PPC000 241006
313004 PPC002 313008 013006 304007 081008
136005 264014 108012 200014 162018 125020
101018 144019 129022 123023 115018 108016.
077010 066010 001008 258006 240007 310007
044006 331005 206004 325009 113004 337010
PPC002 146014 082013 113014 125023 120023
153025 140021 120019 124015 125015 115016.
108011 052007 055006 312005 229008 337011
262003 340007 349006 012008 PPC001 359003
322006 071008 346014 071015 131017 121014
106016 102017 115016 119010 107013 119012.
076005 359010 334010 344012 012009 294006
269007 249009 282006 003010 271008 289006
PPC002 305008 006010 180021 163023 159025
154024 149024 146017 119014 166017 078010.
130008 359008 328009 117016 312009 207003
333011 074007 020009 005006 013008 025009
250009 286006 129022 096013 142018 118019
148023 134026 147022 122019 121018 056013.
039008 339005 291011 245010 274006 250005
250007 048005 019005 270004 290005 307009
332007 319009 157012 312015 307026 302029
325037 301030 293036 303028 126017 106029.
061007 142003 271011 346011 339010 325010
015004 325015 224006 339010 329013 086007
032006 025005 293008 126014 152024 141023
122023 135023 144027 112017 086013 360015.
337016 295012 332006 355012 351010 346009
085006 045009 354011 344015 333003 019005
314008 089011 032009 065010 177013 173017
134021 159016 140014 019004 105006 311010.
300006 292006 308006 336009 341011 172003
057009 290006 268009 307008 343007 293006
241007 064006 167007 134008 224007 313006
317008 356005 340003 310007 358006 012007.
241006 293006 295008 299007 218004 337009
003006 215007 265006 028007 191005 252006
322008 019008 126006 269013 333008 127011
158012 169016 135028 123023 115020 044004.
287005 262009 302009 259007 PPC000 055005
PPC002 296003 PPC001 047003 353004 122006
159007 292010 182004 323005 274006 256005
068009 302007 071003 189005 170005 150005.
132009 109016 141015 147010 153012 352005
079008 134013 132020 149020 153023 160018
146020 162024 174015 151019 142015 156017
151018 152016 197011 168011 045008 074010.
116015 047023 047023 066028 158024 155016
141026 170022 180020 176019 172019 148011
210011 237013 259013 182015 253022 254014
267012 171011 282013 329008 238011 292010.
242011 255006 249011 293010 328008 010005
208006 226006 352005 018008 017009 341005
352007 093013 112016 231018 134024 099019
090015 177022 142026 126026 128033 113018.
064010 067010 097005 354012 255009 307008
276007 249009 022006 170005 347005 314009
311009 338010 294013 134013 108016 113024
110026 152026 163027 133021 116021 100016.
052008 360006 003007 345012 339009 339005
313005 276009 286010 PPC002 240009 319003
331008 095008 247008 134017 125018 117016
173024 129021 109021 107021 109016 061011.
015009 357012 326013 259010 328007 322007
302007 286007 321008 343005 359010 025006
318008 314009 096014 147013 121023 111017
119027 121024 111025 117020 095012 109013.
081010 351009 334011 302008 344008 307006
338007 264011 009007 001011 195010 292009
315009 343009 243006 121014 179021 165023
178020 125020 151024 135018 155019 184010.
340008 354008 314007 022009 347009 022005
028008 327009 274008 283006 290007 257007
355008 001009 136014 126038 145030 162028
166031 161034 142025 120019 087012 093010.
037006 004008 329014 226008 291008 226003
261009 340008 235008 246007 PPC001 360005
330008 286007 121009 271010 330004 129016
147008 035008 024008 009015 019011 359008.
004009 004007 140006 283021 274012 262010
256011 253008 PPC001 166009 199005 163009
278003 205009 230014 150009 110015 114021
151015 132015 144026 154024 139018 119013.
138007 085007 357008 334008 359010 003007
332013 308007 168007 085008 339007 338010
159014 110008 106008 171012 152013 111010
039020 105019 011011 073017 055013 006012.
351019 287008 273012 274013 283011 283004
185007 097006 334006 360008 331010 074007
325010 234007 058012 123019 162020 137027
151025 138034 117026 134027 131017 123012.
082009 061008 203007 351009 224005 277008
330005 337008 PPC002 335006 351005 221006
356006 056007 136011 114009 149013 114021
120022 144019 154016 124021 096016 066013.
066013 355007 305009 273009 328007 PPC001
350007 248007 PPC001 027007 350006 331018
314008 308011 328008 294013 159018 147021
157028 159029 154029 157029 144018 109013.
348011 338013 283013 294014 346010 246012
240005 087013 329004 249005 193008 300009
359011 245008 206011 258010 205012 193010
154026 152028 135036 101025 096014 085020.
334008 344008 009005 277008 360014 222009
350009 331007 359009 326011 355017 315014
342016 184010 133022 136025 131035 129035
152040 155032 101036 146020 119020 102020.
106018 120017 126007 204010 084005 146008
131012 099012 066008 063009 062004 360009
052005 115015 118026 134032 120026 140032
108030 139034 125036 138018 125020 085009=
027154 2101 036145 2155
025133 1645 036088 1823
028145 1544 039164 1420
020141 1510 031147 1506
029150 1314 039156 1352
030132 1553 044142 1553
044307 1547 073326 1511
032135 1727 043162 1728
027156 1536 037159 1535
014325 0106 021332 0105
029136 1701 041108 1647
014220 0840 019198 0840
029150 0529 044145 0832
034068 0004 055065 0003
036131 1813 047139 1807
033127 1719 044201 1629
032100 1640 048108 1626
037105 1720 052125 1733
030170 1416 043156 1427
042129 1203 065094 1202
017128 1405 025349 1832
029126 1828 043119 1821
028032 1523 049351 1519
041134 1639 053181 1604
027115 1416 037173 1545
037163 1709 055156 1745
041148 1614 055105 1605
043134 1416 064113 1410
040130 1535 056136 1534=
DB
0012 0005 0003 -004 0005 0002 -012 -018 -017 -002 0002 -008
0033 0063 0117 0132 0135 0160 0158 0085 0067 0038 0031 0029 0196 1223 -021 0430.
0013 0018 0018 0012 0018 0014 0000 -021 -027 -031 -002 0003
0060 0128 0179 0217 0201 0172 0172 0170 0084 0043 0020 0015 0234 1309 -033 0546.
0000 -011 -015 -021 -025 -024 -021 -027 -034 -033 -040 -016
0057 0128 0184 0217 0220 0223 0158 0103 0080 0065 0057 0053 0235 1215 -040 0700.
0050 0046 0042 0029 0024 0012 0007 -003 -010 -010 -018 0015
0069 0146 0182 0253 0251 0231 0256 0187 0140 0077 0045 0046 0269 1333 -018 0658.
0025 0015 0009 0005 0003 -003 -008 -013 -015 -008 -017 -002
0083 0167 0210 0236 0240 0232 0198 0190 0123 0094 0055 0032 0256 1247 -018 0653.
0021 0014 0009 0020 -001 -010 -015 -015 -014 -026 -028 -005
0079 0169 0197 0251 0225 0223 0200 0177 0116 0056 0036 0010 0252 1222 -031 0623.
-005 -018 -017 -024 -028 -029 -033 -032 -033 -036 -036 -010
0099 0197 0260 0320 0325 0312 0302 0258 0191 0123 0067 0094 0340 1240 -037 0601.
0038 0029 0017 0019 0006 0000 -004 0001 -011 -016 -017 -001
0154 0246 0310 0344 0349 0346 0333 0299 0222 0137 0078 0080 0368 1237 -021 0643.
0080 0088 0080 0080 0080 0077 0066 0049 0047 0066 0054 0074
0123 0187 0211 0327 0347 0207 0195 0190 0175 0117 0100 0095 0351 1301 0040 0452.
0096 0101 0097 0095 0088 0089 0078 0069 0083 0082 0083 0089
0111 0109 0119 0120 0120 0109 0149 0129 0115 0103 0098 0096 0150 1444 0066 0403.
0096 0095 0094 0092 0092 0092 0090 0089 0080 0081 0087 0095
0119 0168 0194 0289 0316 0292 0231 0195 0157 0139 0135 0130 0316 1300 0078 0504.
0127 0125 0123 0122 0120 0119 0118 0117 0117 0116 0115 0115
0114 0118 0122 0128 0136 0127 0137 0138 0139 0128 0123 0123 0142 1445 0113 0838.
0121 0117 0113 0112 0113 0112 0112 0106 0103 0102 0100 0096
0094 0100 0104 0121 0135 0111 0108 0105 0101 0087 0075 0073 0137 1232 0065 1917.
0069 0066 0062 0061 0053 0048 0046 0047 0046 0045 0044 0049
0068 0078 0076 0081 0110 0152 0099 0103 0084 0062 0046 0034 0154 1359 0034 2000.
0012 0001 0000 -003 -009 -009 0003 -011 -012 -014 -021 -002
0124 0199 0221 0265 0236 0265 0259 0219 0153 0082 0057 0039 0275 1243 -026 0710.
0020 0008 0000 0000 -008 -009 -009 -018 -013 -016 -020 0000
0136 0222 0265 0288 0300 0275 0277 0235 0167 0101 0076 0060 0315 1309 -021 0654.
0036 0027 0033 0043 0037 0031 0017 0010 0006 0003 0003 0042
0087 0219 0270 0313 0257 0232 0218 0233 0178 0122 0087 0069 0320 1152 0000 0553.
0044 0039 0034 0026 0027 0022 0031 0025 0019 0024 0034 0049
0165 0234 0279 0310 0311 0318 0301 0251 0192 0134 0093 0087 0334 1222 0011 0426.
0067 0059 0062 0066 0055 0065 0059 0069 0062 0067 0057 0066
0092 0125 0147 0217 0225 0232 0186 0173 0144 0105 0089 0057 0266 1245 0052 0114.
0052 0042 0045 0040 0043 0035 0033 0036 0024 0013 0008 0042
0125 0209 0252 0242 0272 0227 0201 0161 0127 0090 0066 0063 0285 1232 0004 0714.
0057 0043 0033 0021 0015 0008 0023 0027 0043 0045 0050 0056
0080 0098 0097 0108 0093 0099 0068 0066 0053 0051 0051 0053 0127 1017 0007 0148.
0051 0053 0052 0048 0048 0048 0044 0043 0044 0045 0047 0055
0084 0147 0161 0214 0233 0215 0233 0225 0152 0102 0075 0078 0266 1326 0041 0720.
0076 0071 0050 0045 0049 0038 0056 0057 0057 0056 0056 0067
0094 0136 0139 0163 0205 0238 0189 0169 0146 0116 0094 0084 0253 1324 0036 0156.
0079 0073 0065 0070 0066 0065 0052 0032 0019 0017 0020 0070
0165 0241 0284 0301 0320 0291 0282 0236 0181 0121 0093 0077 0337 1245 0013 0540.
0075 0066 0059 0058 0034 0032 0039 0030 0034 0042 0029 0079
0113 0174 0262 0306 0313 0268 0274 0232 0180 0147 0103 0088 0339 1339 0024 0649.
0071 0056 0057 0049 0037 0032 0031 0020 0016 0017 0010 0064
0179 0274 0328 0374 0363 0340 0324 0286 0233 0159 0125 0087 0382 1227 0009 0702.
0077 0061 0057 0056 0047 0040 0030 0033 0017 0012 0010 0073
0208 0296 0344 0393 0391 0389 0366 0303 0246 0179 0128 0111 0409 1252 0010 0644.
0089 0074 0065 0060 0073 0052 0046 0041 0038 0033 0046 0091
0207 0292 0310 0353 0338 0326 0313 0289 0228 0187 0145 0133 0362 1207 0029 0645.
0123 0106 0072 0098 0109 0097 0102 0079 0051 0045 0062 0089
0162 0242 0265 0285 0306 0290 0271 0234 0188 0135 0104 0067 0322 1340 0042 0606=
0045 0043 0041 0038 0036 0036 0034 0030 0027 0026 0027 0026
0027 0037 0051 0066 0082 0083 0094 0092 0084 0076 0067 0062.
0056 0051 0050 0048 0045 0045 0043 0038 0032 0028 0027 0028
0031 0043 0060 0082 0100 0104 0106 0105 0098 0084 0072 0064.
0057 0051 0045 0041 0036 0033 0029 0028 0025 0022 0019 0017
0020 0034 0053 0076 0097 0110 0114 0104 0094 0086 0078 0073.
0070 0067 0065 0063 0059 0055 0051 0048 0043 0039 0036 0034
0041 0055 0073 0093 0113 0127 0132 0130 0121 0109 0097 0087.
0079 0072 0066 0061 0056 0052 0048 0044 0041 0038 0036 0034
0038 0053 0073 0095 0112 0121 0124 0121 0114 0105 0096 0085.
0078 0071 0065 0060 0056 0051 0046 0042 0038 0035 0032 0030
0034 0049 0070 0092 0108 0117 0120 0117 0108 0094 0081 0072.
0063 0056 0050 0045 0040 0036 0033 0030 0028 0025 0023 0022
0026 0044 0069 0099 0125 0143 0149 0146 0134 0119 0105 0095.
0088 0080 0074 0068 0063 0059 0054 0050 0047 0043 0039 0037
0043 0063 0091 0121 0148 0164 0172 0168 0156 0139 0125 0114.
0107 0104 0101 0098 0095 0094 0092 0087 0082 0081 0080 0079
0084 0094 0107 0132 0154 0159 0150 0144 0140 0133 0124 0118.
0114 0112 0110 0108 0106 0104 0101 0099 0097 0096 0095 0095
0097 0100 0102 0106 0108 0108 0113 0117 0116 0113 0109 0107.
0105 0104 0103 0102 0101 0100 0099 0098 0097 0095 0094 0095
0098 0107 0119 0139 0160 0174 0176 0169 0158 0148 0141 0137.
0134 0131 0129 0127 0126 0124 0123 0122 0121 0120 0119 0119
0118 0118 0119 0120 0122 0125 0126 0128 0128 0128 0126 0125.
0124 0123 0121 0120 0119 0118 0118 0117 0115 0113 0112 0110
0108 0107 0108 0109 0112 0112 0111 0110 0109 0106 0103 0100.
0097 0093 0089 0085 0083 0080 0078 0076 0075 0073 0072 0071
0074 0076 0078 0079 0081 0091 0095 0095 0093 0090 0084 0079.
0072 0066 0060 0056 0052 0049 0048 0046 0043 0040 0038 0035
0041 0059 0082 0107 0129 0145 0152 0149 0137 0121 0104 0093.
0085 0078 0071 0065 0061 0056 0053 0049 0046 0043 0040 0039
0045 0064 0089 0117 0140 0157 0161 0158 0146 0130 0115 0105.
0096 0088 0083 0080 0079 0075 0071 0067 0062 0059 0056 0055
0063 0079 0102 0127 0141 0147 0147 0150 0144 0133 0120 0110.
0102 0094 0088 0083 0078 0075 0072 0070 0066 0064 0064 0063
0070 0087 0111 0136 0159 0174 0180 0175 0163 0148 0133 0123.
0116 0108 0103 0099 0097 0093 0092 0091 0090 0089 0088 0085
0087 0094 0100 0115 0130 0137 0138 0133 0128 0119 0109 0102.
0096 0091 0088 0085 0082 0079 0076 0074 0073 0068 0063 0061
0068 0084 0106 0127 0144 0154 0151 0144 0133 0119 0108 0101.
0096 0091 0086 0080 0076 0071 0068 0067 0068 0069 0070 0071
0075 0078 0083 0086 0088 0088 0087 0085 0084 0081 0079 0077.
0076 0075 0075 0074 0073 0072 0071 0069 0069 0068 0068 0067
0072 0080 0095 0113 0128 0141 0145 0147 0141 0128 0115 0106.
0102 0099 0094 0088 0084 0081 0080 0080 0079 0079 0078 0078
0082 0090 0098 0104 0114 0130 0136 0132 0126 0120 0112 0106.
0101 0097 0094 0090 0088 0087 0085 0082 0075 0070 0067 0068
0075 0092 0117 0143 0166 0181 0185 0179 0165 0148 0133 0122.
0116 0110 0105 0101 0095 0089 0086 0083 0080 0078 0076 0077
0084 0099 0118 0141 0160 0178 0181 0173 0162 0150 0138 0128.
0121 0113 0107 0101 0096 0091 0086 0082 0078 0074 0071 0070
0080 0102 0131 0161 0187 0203 0206 0200 0185 0167 0150 0138.
0129 0121 0113 0108 0102 0097 0093 0088 0084 0079 0075 0074
0086 0109 0139 0171 0198 0217 0222 0214 0199 0181 0165 0152.
0143 0134 0127 0120 0114 0109 0104 0100 0096 0092 0088 0089
0100 0122 0149 0176 0197 0210 0213 0208 0195 0181 0166 0154.
0144 0136 0129 0124 0124 0123 0119 0115 0110 0104 0102 0100
0107 0122 0143 0164 0183 0196 0199 0192 0178 0162 0146 0134=
0052 0051 0050 0048 0046 0045 0044 0042 0040 0038 0037 0037
0036 0038 0044 0052 0062 0068 0074 0079 0079 0077 0072 0069.
0065 0062 0059 0057 0055 0053 0052 0050 0046 0043 0040 0039
0039 0042 0049 0059 0072 0082 0087 0090 0090 0087 0080 0074.
0069 0064 0060 0056 0052 0048 0045 0043 0040 0038 0035 0033
0032 0035 0042 0054 0067 0080 0088 0091 0089 0085 0081 0078.
0075 0072 0071 0069 0067 0064 0061 0058 0056 0052 0049 0047
0046 0051 0058 0069 0082 0094 0103 0108 0109 0105 0100 0094.
0088 0083 0078 0073 0069 0066 0062 0059 0056 0053 0050 0048
0047 0051 0059 0070 0083 0094 0101 0104 0105 0102 0098 0092.
0087 0082 0077 0073 0069 0065 0061 0058 0054 0051 0048 0046
0044 0047 0056 0068 0081 0090 0097 0101 0101 0096 0090 0083.
0077 0072 0066 0062 0057 0054 0050 0047 0044 0042 0040 0037
0037 0041 0051 0066 0084 0100 0111 0117 0118 0113 0107 0100.
0095 0090 0085 0080 0076 0072 0068 0064 0061 0058 0055 0052
0051 0056 0067 0083 0101 0118 0130 0136 0137 0132 0125 0118.
0112 0108 0105 0102 0100 0098 0096 0094 0091 0088 0086 0085
0085 0088 0094 0103 0117 0129 0132 0131 0130 0128 0124 0120.
0116 0114 0112 0110 0108 0107 0105 0103 0101 0100 0099 0098
0098 0099 0100 0102 0103 0105 0106 0109 0111 0110 0109 0107.
0106 0105 0104 0103 0102 0102 0101 0100 0100 0099 0098 0097
0098 0100 0106 0114 0126 0138 0147 0149 0148 0144 0139 0135.
0133 0131 0129 0127 0126 0124 0123 0122 0121 0120 0120 0119
0118 0118 0118 0118 0119 0120 0121 0123 0124 0124 0124 0123.
0122 0122 0121 0120 0119 0119 0118 0118 0117 0116 0114 0113
0112 0111 0110 0110 0111 0112 0112 0112 0111 0110 0108 0106.
0104 0102 0099 0096 0093 0091 0089 0087 0085 0084 0082 0081
0081 0081 0082 0083 0084 0087 0091 0093 0094 0093 0091 0088.
0085 0080 0076 0072 0069 0065 0063 0061 0059 0056 0054 0052
0051 0056 0066 0080 0094 0108 0119 0125 0125 0120 0113 0104.
0098 0092 0086 0082 0077 0073 0069 0066 0063 0060 0057 0055
0054 0059 0070 0085 0101 0116 0127 0132 0132 0127 0120 0113.
0107 0100 0095 0091 0089 0086 0083 0080 0077 0073 0071 0068
0068 0072 0082 0096 0110 0120 0126 0129 0131 0128 0123 0117.
0111 0105 0100 0096 0092 0088 0085 0082 0080 0077 0075 0074
0074 0079 0089 0103 0119 0133 0143 0149 0148 0143 0136 0129.
0123 0118 0113 0109 0106 0103 0100 0098 0097 0096 0095 0093
0092 0093 0097 0101 0110 0118 0123 0125 0124 0121 0116 0111.
0106 0102 0099 0096 0093 0090 0088 0086 0084 0081 0078 0075
0075 0079 0088 0101 0113 0124 0130 0131 0128 0123 0116 0111.
0106 0102 0098 0094 0090 0086 0083 0080 0079 0078 0078 0078
0079 0081 0083 0085 0087 0088 0089 0088 0088 0087 0085 0084.
0083 0082 0081 0080 0079 0079 0078 0077 0076 0075 0075 0074
0074 0077 0083 0092 0103 0113 0121 0126 0128 0125 0119 0113.
0108 0105 0102 0098 0095 0092 0089 0088 0087 0086 0085 0084
0084 0087 0092 0096 0101 0109 0117 0120 0120 0118 0114 0110.
0107 0104 0101 0098 0096 0094 0093 0091 0088 0084 0081 0078
0079 0084 0094 0109 0124 0139 0149 0153 0152 0146 0138 0130.
0124 0119 0114 0110 0107 0102 0098 0095 0092 0090 0088 0086
0087 0092 0100 0112 0126 0139 0149 0153 0151 0147 0140 0134.
0128 0123 0118 0113 0109 0104 0100 0096 0093 0090 0086 0084
0084 0091 0103 0120 0139 0155 0166 0170 0169 0163 0154 0145.
0138 0132 0126 0120 0115 0111 0107 0103 0099 0095 0092 0089
0089 0096 0110 0128 0147 0164 0177 0182 0180 0174 0166 0157.
0150 0143 0137 0132 0127 0122 0118 0114 0110 0106 0103 0100
0101 0108 0121 0137 0153 0167 0175 0180 0179 0174 0167 0159.
0152 0145 0139 0134 0131 0129 0127 0124 0121 0117 0113 0111
0110 0115 0124 0136 0149 0160 0169 0171 0169 0163 0154 0146=
0059 0059 0058 0057 0056 0054 0054 0053 0051 0050 0048 0047
0047 0046 0048 0051 0056 0062 0066 0071 0074 0075 0074 0072.
0070 0069 0066 0064 0063 0062 0060 0059 0057 0055 0053 0051
0050 0050 0051 0056 0062 0069 0075 0079 0082 0083 0082 0079.
0076 0073 0070 0067 0064 0061 0058 0056 0054 0051 0049 0047
0045 0045 0047 0051 0058 0066 0073 0079 0081 0082 0081 0079.
0078 0076 0075 0074 0072 0071 0069 0067 0065 0063 0061 0058
0057 0057 0059 0064 0070 0078 0085 0091 0096 0097 0096 0094.
0091 0088 0085 0082 0079 0076 0073 0070 0068 0065 0063 0061
0059 0059 0061 0065 0072 0080 0086 0091 0094 0095 0095 0093.
0091 0088 0084 0081 0079 0076 0073 0070 0067 0065 0062 0060
0058 0057 0059 0064 0070 0077 0084 0089 0092 0092 0091 0088.
0084 0081 0077 0074 0070 0067 0064 0061 0059 0057 0054 0052
0050 0050 0053 0059 0068 0078 0088 0096 0101 0103 0102 0099.
0097 0094 0091 0087 0084 0081 0078 0076 0073 0070 0068 0065
0063 0063 0066 0073 0082 0093 0103 0111 0117 0119 0118 0115.
0112 0109 0107 0104 0103 0101 0099 0098 0096 0094 0092 0091
0090 0090 0092 0095 0102 0110 0116 0119 0120 0121 0120 0118.
0116 0114 0113 0112 0110 0109 0108 0106 0105 0104 0103 0102
0101 0101 0102 0102 0103 0104 0105 0106 0108 0108 0108 0108.
0107 0107 0106 0105 0105 0104 0104 0103 0102 0102 0101 0101
0100 0101 0103 0106 0112 0119 0127 0132 0134 0135 0134 0132.
0130 0129 0128 0127 0126 0125 0124 0123 0122 0121 0121 0120
0119 0119 0119 0119 0119 0119 0120 0121 0121 0122 0122 0122.
0122 0122 0121 0121 0120 0120 0119 0119 0118 0118 0117 0116
0115 0115 0114 0113 0113 0113 0114 0114 0113 0113 0112 0111.
0110 0108 0106 0104 0102 0100 0098 0097 0095 0093 0092 0091
0090 0089 0089 0089 0090 0090 0092 0094 0095 0096 0095 0094.
0093 0090 0088 0085 0082 0079 0077 0075 0073 0071 0069 0067
0065 0065 0068 0074 0082 0091 0100 0107 0111 0113 0111 0108.
0104 0100 0097 0093 0089 0086 0083 0080 0077 0074 0072 0070
0068 0068 0071 0077 0086 0096 0105 0112 0117 0118 0117 0114.
0111 0107 0103 0100 0097 0095 0093 0090 0088 0085 0083 0081
0079 0079 0082 0088 0095 0103 0110 0114 0118 0119 0119 0117.
0114 0111 0107 0104 0101 0098 0095 0093 0091 0088 0086 0085
0084 0084 0087 0093 0101 0111 0120 0127 0131 0132 0131 0128.
0125 0121 0118 0115 0112 0110 0108 0106 0104 0103 0101 0100
0099 0099 0099 0101 0104 0109 0113 0117 0118 0118 0117 0115.
0112 0109 0107 0104 0102 0100 0098 0096 0094 0092 0090 0088
0086 0086 0088 0093 0101 0108 0114 0119 0120 0120 0118 0115.
0112 0109 0106 0103 0100 0097 0095 0092 0090 0089 0088 0087
0087 0087 0088 0089 0090 0091 0092 0092 0092 0092 0091 0090.
0089 0088 0088 0087 0086 0086 0085 0084 0084 0083 0082 0082
0081 0082 0084 0087 0093 0099 0106 0111 0115 0117 0116 0114.
0111 0109 0107 0104 0102 0100 0097 0096 0094 0093 0092 0091
0091 0091 0093 0095 0097 0101 0106 0111 0113 0114 0113 0112.
0110 0108 0106 0104 0102 0101 0099 0098 0096 0094 0092 0089
0088 0088 0091 0097 0106 0116 0125 0131 0135 0136 0134 0130.
0127 0123 0120 0117 0114 0111 0108 0105 0103 0100 0098 0096
0095 0096 0098 0103 0111 0119 0128 0134 0137 0137 0136 0133.
0130 0127 0124 0120 0117 0114 0111 0108 0105 0102 0099 0096
0095 0095 0099 0106 0116 0127 0138 0145 0149 0150 0148 0144.
0140 0136 0132 0128 0124 0121 0117 0114 0111 0108 0105 0102
0100 0100 0105 0112 0123 0135 0146 0154 0159 0159 0158 0154.
0150 0146 0142 0138 0134 0131 0127 0124 0121 0118 0115 0112
0110 0111 0115 0122 0132 0142 0150 0157 0160 0161 0160 0157.
0153 0149 0145 0141 0138 0135 0133 0131 0129 0126 0123 0121
0119 0119 0121 0126 0133 0141 0148 0153 0156 0156 0153 0149=
0063 0062 0062 0061 0061 0060 0059 0058 0058 0056 0055 0054
0054 0053 0053 0053 0055 0058 0061 0064 0067 0070 0070 0071.
0070 0070 0069 0067 0066 0065 0064 0064 0062 0061 0060 0058
0057 0056 0056 0057 0059 0063 0067 0070 0073 0076 0077 0077.
0076 0074 0073 0071 0069 0067 0065 0063 0061 0059 0058 0056
0054 0053 0053 0054 0056 0060 0064 0069 0072 0075 0076 0076.
0076 0075 0075 0074 0073 0073 0072 0070 0069 0068 0066 0065
0063 0062 0062 0063 0066 0070 0074 0079 0083 0086 0088 0088.
0088 0087 0085 0083 0081 0080 0078 0076 0074 0072 0070 0068
0066 0065 0065 0066 0068 0072 0076 0080 0084 0086 0088 0088.
0088 0087 0085 0084 0082 0080 0078 0076 0074 0072 0070 0068
0066 0064 0064 0065 0067 0071 0075 0079 0082 0085 0086 0085.
0084 0083 0081 0078 0076 0074 0072 0070 0067 0065 0063 0062
0060 0058 0058 0060 0063 0068 0074 0080 0085 0089 0091 0092.
0092 0091 0089 0088 0086 0084 0082 0080 0078 0076 0074 0072
0071 0069 0069 0070 0074 0080 0086 0093 0098 0102 0105 0105.
0105 0104 0103 0101 0100 0099 0098 0097 0096 0095 0094 0092
0091 0091 0091 0092 0094 0098 0102 0106 0108 0110 0111 0111.
0111 0110 0109 0108 0108 0107 0106 0105 0104 0103 0103 0102
0101 0101 0101 0100 0101 0101 0102 0102 0103 0104 0105 0105.
0105 0104 0104 0104 0103 0103 0103 0102 0102 0101 0101 0100
0100 0100 0100 0101 0104 0107 0112 0116 0120 0122 0123 0123.
0123 0123 0122 0122 0121 0120 0120 0119 0119 0118 0118 0117
0117 0117 0116 0116 0116 0116 0116 0117 0117 0117 0118 0118.
0118 0118 0118 0118 0118 0117 0117 0117 0116 0116 0116 0115
0114 0114 0113 0113 0112 0112 0112 0112 0112 0112 0112 0111.
0110 0109 0108 0107 0106 0104 0103 0101 0100 0098 0097 0096
0095 0094 0093 0093 0093 0093 0093 0094 0095 0096 0096 0096.
0095 0094 0093 0091 0089 0087 0085 0083 0082 0080 0078 0077
0075 0074 0073 0075 0078 0083 0088 0093 0098 0102 0103 0103.
0102 0101 0099 0097 0094 0092 0090 0087 0085 0083 0081 0079
0077 0076 0075 0077 0080 0085 0091 0097 0102 0105 0107 0107.
0107 0105 0103 0101 0100 0098 0096 0095 0093 0091 0089 0087
0086 0084 0084 0086 0089 0093 0098 0102 0106 0108 0110 0110.
0110 0109 0107 0105 0103 0101 0099 0097 0096 0094 0092 0091
0089 0088 0088 0090 0094 0098 0104 0110 0115 0118 0120 0120.
0119 0118 0116 0114 0113 0111 0109 0108 0106 0105 0104 0103
0102 0101 0100 0101 0101 0104 0106 0109 0111 0112 0113 0112.
0111 0110 0108 0106 0105 0103 0102 0100 0099 0097 0095 0094
0092 0091 0091 0092 0095 0099 0103 0107 0110 0112 0112 0112.
0110 0109 0107 0106 0104 0102 0100 0098 0096 0094 0093 0092
0091 0091 0091 0091 0091 0092 0092 0093 0093 0093 0093 0092.
0092 0091 0091 0090 0090 0089 0088 0088 0087 0087 0086 0086
0085 0085 0085 0086 0089 0092 0096 0100 0103 0106 0108 0108.
0108 0107 0106 0104 0103 0101 0100 0099 0097 0096 0095 0094
0094 0093 0093 0094 0095 0097 0099 0102 0105 0107 0108 0108.
0107 0107 0106 0104 0103 0102 0101 0100 0099 0098 0096 0094
0093 0092 0092 0094 0097 0102 0108 0114 0118 0122 0123 0123.
0122 0120 0118 0117 0115 0113 0111 0109 0107 0105 0103 0101
0100 0099 0099 0101 0103 0108 0113 0118 0122 0125 0126 0126.
0125 0124 0122 0120 0118 0116 0114 0112 0110 0107 0105 0103
0101 0100 0100 0102 0106 0112 0119 0125 0130 0133 0135 0135.
0134 0132 0130 0128 0125 0123 0120 0118 0116 0113 0111 0109
0106 0105 0105 0108 0112 0118 0125 0132 0137 0141 0143 0143.
0142 0140 0138 0136 0134 0131 0129 0127 0124 0122 0120 0117
0115 0114 0114 0117 0121 0126 0132 0137 0142 0145 0146 0146.
0145 0144 0142 0140 0137 0135 0133 0132 0130 0128 0127 0125
0123 0121 0121 0122 0125 0129 0134 0138 0142 0144 0144 0143=
0079 0079 0079 0078 0078 0078 0078 0078 0077 0077 0077 0077
0077 0076 0076 0076 0076 0076 0076 0076 0076 0076 0076 0076.
0076 0076 0076 0076 0076 0076 0076 0076 0076 0076 0076 0076
0076 0076 0076 0075 0075 0075 0075 0075 0075 0076 0076 0076.
0076 0076 0076 0077 0077 0077 0077 0076 0076 0076 0076 0076
0075 0075 0075 0074 0074 0074 0074 0074 0074 0074 0074 0075.
0075 0075 0075 0076 0076 0076 0076 0076 0076 0076 0076 0076
0076 0076 0076 0076 0076 0076 0076 0076 0076 0076 0077 0077.
0078 0078 0078 0078 0079 0079 0079 0079 0079 0079 0079 0079
0078 0078 0078 0078 0078 0078 0078 0078 0078 0078 0079 0079.
0079 0079 0080 0080 0080 0080 0080 0080 0080 0080 0080 0080
0080 0080 0079 0079 0079 0079 0079 0079 0079 0079 0079 0079.
0079 0080 0080 0080 0080 0080 0080 0079 0079 0079 0079 0078
0078 0078 0077 0077 0077 0077 0076 0077 0077 0077 0077 0078.
0079 0079 0079 0080 0080 0081 0081 0081 0081 0081 0081 0081
0081 0081 0080 0080 0080 0080 0080 0080 0081 0081 0082 0083.
0083 0084 0084 0085 0085 0086 0086 0086 0086 0087 0087 0087
0087 0087 0087 0087 0087 0088 0088 0088 0088 0089 0089 0090.
0090 0091 0091 0092 0092 0092 0093 0093 0093 0093 0093 0094
0094 0094 0094 0094 0094 0094 0094 0094 0094 0095 0095 0095.
0095 0095 0095 0096 0096 0096 0096 0096 0096 0096 0096 0096
0097 0097 0097 0097 0097 0097 0097 0098 0098 0098 0099 0099.
0100 0100 0101 0101 0101 0102 0102 0102 0103 0103 0103 0103
0103 0104 0104 0104 0104 0104 0104 0104 0105 0105 0105 0105.
0105 0106 0106 0106 0106 0106 0106 0106 0107 0107 0107 0107
0107 0107 0107 0107 0107 0107 0107 0107 0107 0107 0107 0107.
0107 0107 0107 0107 0107 0106 0106 0106 0106 0105 0105 0105
0105 0104 0104 0104 0103 0103 0103 0103 0103 0102 0102 0102.
0102 0102 0101 0101 0101 0101 0100 0100 0100 0099 0099 0098
0098 0097 0097 0097 0096 0096 0096 0095 0095 0096 0096 0096.
0096 0096 0096 0096 0096 0096 0096 0096 0096 0095 0095 0095
0094 0094 0093 0093 0093 0093 0092 0093 0093 0093 0093 0093.
0094 0094 0094 0095 0095 0095 0095 0095 0095 0095 0095 0094
0094 0094 0094 0094 0093 0093 0093 0093 0094 0094 0094 0095.
0095 0095 0096 0096 0096 0096 0096 0096 0096 0096 0096 0096
0096 0096 0096 0095 0095 0095 0095 0096 0096 0096 0097 0097.
0098 0098 0099 0099 0099 0099 0100 0100 0100 0100 0100 0100
0100 0100 0100 0100 0100 0100 0100 0100 0100 0100 0100 0101.
0101 0101 0101 0101 0101 0101 0101 0101 0101 0101 0101 0100
0100 0100 0100 0100 0099 0099 0099 0099 0099 0099 0100 0100.
0100 0100 0100 0100 0101 0100 0101 0100 0100 0100 0100 0099
0099 0099 0099 0099 0098 0098 0098 0098 0098 0098 0097 0098.
0097 0097 0097 0097 0097 0097 0097 0097 0097 0097 0096 0096
0096 0096 0096 0096 0096 0096 0096 0096 0096 0096 0097 0097.
0097 0098 0098 0098 0098 0098 0098 0098 0098 0098 0098 0098
0098 0098 0098 0098 0098 0098 0098 0098 0098 0098 0098 0099.
0099 0099 0099 0099 0100 0100 0100 0100 0100 0100 0100 0100
0100 0099 0099 0099 0099 0099 0099 0099 0100 0100 0100 0101.
0101 0102 0102 0102 0103 0103 0103 0103 0103 0103 0103 0103
0102 0102 0102 0102 0102 0102 0102 0102 0102 0103 0103 0103.
0104 0104 0104 0105 0105 0105 0105 0105 0105 0105 0105 0105
0105 0104 0104 0104 0104 0104 0104 0104 0104 0105 0105 0106.
0106 0107 0107 0107 0108 0108 0108 0108 0108 0108 0108 0108
0107 0107 0107 0107 0107 0107 0107 0107 0107 0108 0108 0109.
0109 0110 0110 0111 0111 0111 0112 0112 0112 0112 0112 0112
0111 0111 0111 0111 0111 0111 0111 0111 0112 0112 0113 0113.
0114 0114 0115 0115 0115 0115 0116 0116 0116 0116 0116 0116
0116 0116 0115 0115 0115 0115 0115 0115 0116 0116 0116 0116=
KB
0097 0097 0097 0097 0097 0097 0096 0096 0096 0096 0096 0096
0096 0096 0096 0096 0096 0096 0096 0096 0096 0096 0096 0096.
0096 0095 0095 0096 0095 0095 0095 0095 0095 0095 0095 0095
0095 0095 0095 0095 0095 0095 0095 0095 0095 0095 0095 0094.
0095 0094 0094 0094 0094 0094 0094 0094 0094 0094 0094 0094
0094 0094 0094 0094 0094 0094 0094 0094 0094 0094 0094 0094.
0094 0093 0093 0093 0093 0093 0093 0093 0093 0093 0093 0093
0093 0093 0093 0093 0093 0093 0093 0093 0093 0093 0093 0093.
0093 0093 0093 0093 0093 0093 0093 0093 0093 0093 0093 0093
0093 0093 0093 0093 0093 0093 0093 0093 0093 0093 0093 0093.
0093 0093 0093 0093 0093 0093 0093 0093 0093 0093 0093 0093
0093 0093 0093 0094 0093 0093 0094 0094 0094 0094 0094 0093.
0093 0093 0093 0093 0093 0093 0093 0093 0093 0093 0093 0093
0093 0093 0094 0093 0094 0094 0094 0094 0093 0093 0093 0093.
0093 0093 0093 0093 0093 0093 0093 0093 0093 0093 0093 0093
0093 0093 0093 0093 0093 0093 0094 0093 0094 0093 0093 0093.
0094 0094 0093 0093 0093 0094 0094 0094 0094 0094 0094 0094
0094 0094 0094 0095 0095 0095 0095 0095 0095 0095 0095 0095.
0095 0095 0096 0096 0096 0096 0096 0096 0096 0096 0096 0097
0097 0097 0097 0097 0097 0097 0097 0098 0098 0098 0098 0098.
0098 0098 0098 0098 0099 0099 0099 0099 0099 0099 0099 0099
0099 0100 0100 0100 0100 0100 0100 0100 0100 0100 0101 0101.
0101 0101 0101 0101 0101 0101 0101 0101 0102 0102 0102 0102
0102 0102 0103 0103 0103 0103 0103 0103 0103 0104 0104 0104.
0104 0104 0104 0104 0105 0105 0105 0105 0105 0105 0105 0105
0106 0106 0106 0106 0106 0106 0106 0106 0107 0107 0107 0107.
0107 0107 0107 0107 0107 0107 0108 0108 0108 0108 0108 0108
0108 0108 0108 0108 0108 0108 0108 0108 0108 0108 0108 0108.
0108 0108 0108 0108 0108 0108 0108 0108 0108 0108 0108 0108
0108 0108 0108 0108 0108 0108 0108 0108 0108 0108 0108 0107.
0107 0107 0107 0107 0107 0107 0107 0107 0107 0107 0107 0107
0107 0107 0107 0107 0107 0106 0106 0106 0106 0106 0106 0106.
0106 0106 0106 0106 0105 0105 0105 0105 0105 0105 0105 0105
0105 0105 0105 0105 0105 0105 0105 0105 0105 0105 0105 0105.
0105 0105 0105 0105 0105 0105 0105 0105 0105 0105 0105 0105
0105 0105 0105 0105 0105 0105 0105 0105 0105 0105 0105 0105.
0105 0105 0105 0105 0105 0105 0105 0105 0105 0105 0105 0105
0105 0105 0105 0105 0105 0106 0106 0106 0106 0106 0106 0106.
0106 0106 0106 0106 0106 0106 0106 0106 0106 0106 0106 0106
0106 0106 0106 0107 0107 0107 0107 0107 0107 0107 0107 0107.
0107 0107 0107 0107 0107 0107 0107 0107 0107 0107 0107 0107
0107 0107 0107 0107 0107 0107 0107 0107 0107 0107 0107 0107.
0107 0107 0107 0107 0107 0107 0107 0107 0107 0107 0107 0107
0107 0107 0106 0107 0107 0107 0107 0107 0106 0106 0106 0106.
0106 0106 0106 0106 0106 0106 0106 0106 0106 0106 0106 0106
0106 0106 0106 0106 0106 0106 0106 0107 0106 0106 0106 0106.
0106 0106 0106 0106 0106 0107 0106 0107 0107 0107 0107 0107
0107 0107 0107 0107 0107 0107 0107 0107 0107 0107 0107 0107.
0107 0107 0107 0107 0107 0107 0107 0107 0107 0107 0107 0107
0108 0108 0108 0108 0108 0108 0108 0108 0108 0108 0108 0108.
0108 0108 0108 0108 0108 0108 0108 0108 0108 0108 0108 0109
0109 0109 0109 0109 0109 0109 0109 0109 0109 0109 0109 0109.
0109 0109 0109 0109 0109 0109 0109 0109 0109 0109 0110 0110
0110 0110 0110 0110 0110 0110 0110 0110 0110 0110 0110 0110.
0110 0110 0110 0110 0110 0111 0111 0111 0111 0111 0111 0111
0111 0111 0112 0112 0112 0112 0112 0112 0112 0112 0112 0112.
0112 0112 0112 0112 0112 0113 0113 0113 0113 0113 0113 0113
0113 0113 0114 0114 0114 0114 0114 0114 0114 0114 0114 0114=
0137 0137 0137 0137 0137 0137 0137 0137 0137 0137 0137 0137
0137 0137 0137 0137 0137 0137 0137 0137 0137 0137 0137 0136.
0136 0136 0136 0136 0136 0136 0136 0136 0136 0136 0136 0136
0136 0136 0136 0136 0136 0136 0136 0136 0136 0136 0136 0136.
0136 0136 0136 0136 0135 0135 0135 0135 0136 0135 0135 0135
0135 0135 0135 0135 0135 0135 0135 0135 0135 0135 0135 0135.
0135 0135 0135 0135 0135 0135 0135 0135 0135 0135 0135 0135
0135 0135 0135 0135 0135 0135 0135 0135 0135 0134 0134 0134.
0134 0134 0134 0134 0134 0134 0134 0134 0134 0134 0134 0134
0134 0134 0134 0134 0134 0134 0134 0134 0134 0134 0134 0134.
0134 0134 0134 0134 0133 0133 0133 0133 0133 0133 0133 0133
0133 0133 0133 0133 0133 0133 0133 0133 0133 0133 0133 0133.
0133 0133 0133 0133 0133 0133 0133 0133 0133 0133 0133 0133
0133 0133 0133 0133 0133 0133 0133 0133 0132 0133 0132 0132.
0132 0132 0132 0132 0132 0132 0132 0132 0132 0132 0132 0132
0132 0132 0132 0132 0132 0132 0132 0132 0132 0132 0132 0132.
0132 0132 0132 0132 0132 0132 0132 0132 0132 0132 0132 0132
0132 0132 0132 0132 0132 0132 0132 0131 0131 0131 0131 0131.
0131 0131 0131 0131 0131 0131 0131 0131 0131 0131 0131 0131
0131 0131 0131 0131 0131 0131 0131 0131 0131 0131 0131 0131.
0131 0131 0131 0131 0131 0131 0131 0131 0131 0131 0131 0131
0131 0131 0131 0131 0131 0131 0131 0131 0131 0131 0131 0131.
0131 0131 0131 0131 0131 0131 0130 0130 0130 0130 0130 0130
0130 0130 0130 0130 0130 0130 0130 0130 0131 0130 0130 0130.
0130 0130 0130 0131 0130 0130 0130 0130 0131 0130 0131 0130
0131 0131 0131 0131 0131 0131 0131 0131 0131 0131 0130 0130.
0130 0130 0130 0130 0131 0131 0131 0131 0131 0131 0131 0131
0131 0131 0131 0131 0131 0131 0131 0131 0131 0131 0131 0131.
0131 0131 0131 0131 0131 0131 0131 0131 0131 0131 0131 0131
0131 0131 0131 0131 0131 0131 0131 0131 0131 0131 0131 0131.
0131 0131 0131 0131 0131 0131 0131 0131 0131 0131 0131 0131
0131 0131 0131 0132 0131 0131 0131 0132 0132 0131 0131 0131.
0131 0131 0131 0131 0131 0131 0131 0132 0131 0131 0131 0131
0132 0132 0132 0132 0132 0132 0132 0132 0132 0132 0132 0132.
0132 0132 0132 0132 0132 0132 0132 0132 0132 0132 0132 0132
0132 0132 0132 0132 0132 0132 0132 0132 0132 0132 0132 0132.
0132 0132 0132 0132 0132 0132 0132 0132 0132 0132 0132 0132
0132 0132 0132 0132 0132 0132 0132 0132 0132 0132 0132 0132.
0132 0132 0132 0132 0132 0132 0132 0132 0132 0132 0132 0132
0132 0132 0132 0132 0132 0132 0132 0132 0132 0132 0132 0132.
0132 0132 0132 0132 0132 0132 0132 0132 0132 0132 0132 0132
0132 0132 0132 0132 0132 0132 0132 0132 0132 0132 0132 0132.
0132 0132 0132 0132 0132 0132 0132 0132 0132 0132 0132 0132
0132 0132 0132 0132 0132 0132 0132 0132 0132 0132 0132 0132.
0132 0132 0132 0132 0132 0132 0132 0132 0132 0132 0132 0132
0132 0132 0132 0132 0132 0132 0132 0132 0132 0132 0132 0132.
0132 0132 0132 0132 0132 0132 0132 0132 0132 0132 0132 0132
0132 0132 0132 0132 0132 0132 0132 0132 0132 0132 0132 0132.
0132 0132 0132 0132 0132 0132 0132 0132 0132 0132 0132 0132
0132 0132 0132 0132 0132 0132 0132 0132 0132 0132 0132 0132.
0132 0132 0132 0132 0132 0132 0132 0132 0132 0132 0132 0132
0132 0132 0132 0132 0132 0132 0132 0132 0132 0132 0132 0132.
0132 0132 0132 0132 0132 0132 0132 0132 0132 0132 0132 0132
0132 0132 0132 0132 0132 0132 0132 0132 0132 0132 0132 0132.
0132 0132 0132 0132 0132 0132 0132 0132 0132 0132 0132 0132
0132 0132 0132 0132 0132 0132 0132 0132 0132 0132 0132 0132.
0132 0132 0132 0132 0132 0132 0132 0132 0132 0132 0132 0132
0132 0132 0132 0132 0132 0132 0132 0132 0132 0132 0132 0132=
0182 0182 0182 0182 0182 0182 0182 0182 0181 0181 0182 0181
0181 0181 0181 0181 0181 0181 0181 0181 0181 0181 0181 0181.
0181 0181 0181 0181 0181 0181 0181 0181 0181 0181 0181 0181
0181 0181 0181 0181 0181 0181 0181 0181 0181 0181 0181 0181.
0181 0181 0181 0181 0181 0180 0180 0180 0180 0180 0180 0180
0180 0180 0180 0181 0180 0180 0180 0180 0180 0180 0180 0180.
0180 0180 0180 0180 0180 0180 0180 0180 0180 0180 0180 0180
0180 0180 0180 0180 0180 0180 0180 0180 0180 0180 0180 0180.
0180 0180 0180 0180 0180 0180 0180 0180 0180 0180 0180 0180
0179 0180 0179 0180 0180 0180 0180 0179 0179 0179 0179 0179.
0179 0179 0179 0179 0179 0179 0179 0179 0179 0179 0179 0179
0179 0179 0179 0179 0179 0179 0179 0179 0179 0179 0179 0179.
0179 0179 0179 0179 0179 0179 0179 0179 0179 0179 0179 0178
0178 0179 0179 0179 0179 0179 0179 0178 0178 0179 0178 0178.
0178 0178 0178 0178 0178 0178 0178 0178 0178 0178 0178 0178
0178 0178 0178 0178 0178 0178 0178 0178 0178 0178 0178 0178.
0178 0178 0178 0178 0178 0178 0178 0178 0178 0178 0178 0178
0178 0178 0177 0178 0178 0178 0178 0177 0177 0177 0177 0177.
0177 0177 0177 0177 0177 0177 0177 0177 0177 0177 0177 0177
0177 0177 0177 0177 0177 0177 0177 0177 0177 0177 0177 0177.
0177 0177 0177 0177 0177 0177 0177 0177 0177 0177 0177 0177
0177 0177 0177 0176 0177 0177 0177 0176 0176 0176 0176 0176.
0176 0176 0176 0176 0176 0176 0176 0176 0176 0176 0176 0176
0176 0176 0176 0176 0176 0176 0176 0176 0176 0176 0176 0176.
0176 0176 0176 0176 0176 0176 0176 0176 0176 0175 0176 0176
0176 0176 0176 0176 0175 0175 0175 0175 0175 0175 0175 0175.
0175 0175 0175 0175 0175 0175 0175 0175 0175 0175 0175 0175
0175 0175 0175 0175 0175 0175 0175 0175 0175 0175 0175 0175.
0175 0175 0175 0175 0175 0175 0175 0175 0175 0174 0175 0174
0174 0174 0174 0175 0174 0175 0174 0174 0174 0174 0174 0174.
0174 0174 0174 0174 0174 0174 0174 0174 0174 0174 0174 0174
0174 0174 0174 0174 0174 0174 0174 0174 0174 0174 0174 0174.
0174 0174 0174 0174 0174 0174 0174 0174 0174 0174 0173 0173
0174 0174 0174 0174 0174 0174 0174 0174 0174 0173 0173 0173.
0173 0173 0173 0173 0173 0173 0173 0173 0173 0173 0173 0173
0173 0173 0173 0173 0173 0173 0173 0173 0173 0173 0173 0173.
0173 0173 0173 0173 0173 0173 0173 0173 0173 0173 0173 0173
0173 0173 0173 0173 0173 0173 0173 0173 0173 0173 0172 0173.
0172 0172 0172 0172 0172 0172 0172 0172 0172 0172 0172 0172
0172 0172 0172 0172 0172 0172 0172 0172 0172 0172 0172 0172.
0172 0172 0172 0172 0172 0172 0172 0172 0172 0172 0172 0172
0172 0172 0172 0172 0172 0172 0172 0172 0172 0172 0172 0172.
0172 0172 0172 0172 0172 0172 0172 0172 0172 0172 0172 0172
0171 0172 0171 0171 0171 0171 0171 0171 0171 0171 0171 0171.
0171 0171 0171 0171 0171 0171 0171 0171 0171 0171 0171 0171
0171 0171 0171 0171 0171 0171 0171 0171 0171 0171 0171 0171.
0171 0171 0171 0171 0171 0171 0171 0171 0171 0171 0171 0171
0171 0171 0171 0171 0171 0171 0171 0171 0171 0171 0171 0171.
0171 0171 0170 0170 0170 0170 0170 0170 0170 0170 0170 0170
0170 0170 0170 0170 0170 0170 0170 0170 0170 0170 0170 0170.
0170 0170 0170 0170 0170 0170 0170 0170 0170 0170 0170 0170
0170 0170 0170 0170 0170 0170 0170 0170 0170 0170 0170 0170.
0170 0170 0170 0170 0170 0170 0170 0170 0170 0170 0170 0170
0170 0170 0170 0170 0170 0170 0170 0170 0170 0170 0170 0170.
0169 0169 0169 0169 0169 0169 0169 0169 0169 0169 0169 0169
0169 0169 0169 0169 0169 0169 0169 0169 0169 0169 0169 0169.
0169 0169 0169 0169 0169 0169 0169 0169 0169 0169 0169 0169
0169 0169 0169 0169 0169 0169 0169 0169 0169 0169 0169 0169=
A=
SA=
BA
0003 -004 -005 -010 -007 -008 -021 -030 -030 -013 -012 -022
0005 0059 0102 0123 0132 0166 0167 0079 0057 0024 0012 0014 0189 1421 -036 0446.
-006 0000 0001 -007 -002 -004 -019 -044 -052 -055 -017 -013
0041 0104 0175 0237 0233 0185 0176 0156 0072 0027 0000 -006 0262 1241 -057 0542.
-027 -039 -042 -052 -056 -052 -048 -053 -060 -057 -065 -037
0039 0088 0178 0236 0268 0253 0173 0100 0072 0054 0045 0040 0281 1335 -066 0707.
0037 0034 0028 0010 0005 -011 -016 -027 -037 -035 -043 -003
0063 0125 0183 0264 0293 0256 0268 0175 0126 0058 0020 0022 0308 1305 -045 0703.
-006 -015 -021 -023 -024 -031 -036 -041 -040 -029 -041 -020
0067 0119 0210 0263 0268 0254 0211 0181 0113 0080 0031 0003 0292 1247 -042 0424.
-005 -015 -019 -003 -027 -034 -042 -043 -037 -049 -052 -027
0058 0110 0198 0272 0255 0257 0211 0153 0092 0039 0017 -007 0286 1347 -056 0625.
-025 -039 -042 -042 -045 -047 -048 -047 -046 -050 -049 -025
0065 0118 0239 0331 0368 0360 0306 0217 0151 0093 0047 0068 0374 1312 -051 0602.
0025 0013 0002 0003 -006 -013 -018 -012 -021 -024 -026 -013
0099 0157 0279 0355 0384 0391 0339 0239 0173 0112 0068 0060 0395 1251 -029 0712.
0062 0073 0067 0066 0068 0066 0056 0038 0033 0055 0045 0063
0099 0161 0200 0330 0363 0205 0184 0181 0157 0107 0088 0080 0365 1301 0028 0454.
0081 0089 0086 0084 0077 0079 0066 0060 0073 0073 0074 0080
0098 0098 0111 0110 0117 0101 0140 0118 0104 0093 0088 0088 0140 1445 0056 0405.
0086 0086 0085 0084 0083 0083 0082 0081 0073 0073 0079 0086
0107 0143 0162 0236 0285 0295 0219 0185 0147 0128 0122 0119 0299 1325 0070 0505.
0116 0113 0112 0111 0109 0108 0107 0107 0106 0106 0106 0106
0106 0109 0112 0119 0127 0119 0130 0128 0129 0118 0112 0112 0131 1446 0105 0531.
0111 0110 0107 0105 0105 0104 0104 0100 0097 0095 0093 0090
0087 0090 0096 0107 0114 0099 0097 0095 0090 0081 0075 0068 0118 1232 0066 1929.
0064 0056 0051 0050 0047 0044 0042 0045 0044 0043 0042 0046
0063 0071 0070 0074 0099 0136 0094 0098 0082 0060 0045 0033 0137 1401 0033 1957.
0007 -003 -004 -007 -012 -012 0000 -011 -013 -014 -018 -012
0078 0136 0188 0269 0288 0306 0258 0177 0115 0067 0044 0031 0314 1403 -021 0712.
0015 0001 -007 -009 -015 -015 -015 -021 -018 -018 -021 -012
0088 0153 0227 0301 0344 0320 0270 0189 0134 0085 0060 0046 0353 1325 -022 0406.
0027 0018 0023 0037 0031 0023 0011 0004 0000 -002 0000 0025
0075 0151 0225 0309 0253 0222 0207 0215 0156 0109 0071 0062 0326 1327 -002 0542.
0039 0032 0024 0019 0020 0018 0026 0019 0014 0020 0029 0033
0108 0174 0243 0314 0345 0349 0290 0213 0157 0114 0081 0071 0358 1329 0008 0427.
0059 0050 0053 0056 0051 0056 0053 0061 0057 0062 0054 0059
0082 0107 0124 0200 0220 0235 0176 0158 0131 0092 0071 0054 0253 1245 0044 0116.
0048 0037 0041 0038 0040 0032 0030 0033 0025 0012 0007 0027
0092 0149 0217 0253 0299 0243 0205 0154 0114 0077 0056 0055 0302 1303 0005 0718.
0051 0039 0030 0019 0014 0008 0020 0026 0040 0044 0047 0052
0073 0084 0086 0097 0084 0087 0068 0065 0059 0054 0052 0054 0105 1019 0008 0148.
0053 0053 0053 0052 0050 0049 0046 0044 0044 0045 0046 0052
0078 0115 0130 0172 0203 0208 0214 0189 0134 0091 0068 0069 0241 1327 0041 0721.
0068 0065 0044 0040 0044 0034 0053 0053 0053 0053 0052 0062
0086 0115 0122 0149 0189 0232 0183 0158 0134 0105 0084 0076 0239 1412 0033 0155.
0070 0068 0060 0062 0060 0061 0049 0032 0017 0015 0019 0059
0111 0179 0245 0315 0360 0337 0285 0204 0151 0105 0080 0067 0367 1307 0014 0610.
0066 0057 0052 0052 0031 0029 0036 0026 0033 0039 0027 0068
0099 0142 0235 0293 0322 0276 0266 0211 0162 0127 0094 0081 0371 1330 0025 0354.
0067 0053 0052 0047 0036 0031 0030 0023 0019 0017 0014 0048
0121 0201 0268 0370 0403 0394 0317 0236 0180 0133 0102 0078 0420 1325 0013 0703.
0073 0058 0051 0052 0045 0038 0034 0032 0022 0017 0015 0047
0135 0220 0288 0388 0437 0434 0348 0250 0198 0151 0113 0098 0454 1333 0015 0644.
0083 0071 0063 0058 0063 0052 0046 0043 0039 0037 0042 0072
0143 0221 0279 0360 0380 0355 0303 0243 0194 0167 0122 0108 0391 1333 0033 0633.
0097 0090 0071 0086 0097 0090 0085 0072 0054 0047 0060 0072
0127 0196 0248 0299 0340 0328 0269 0203 0157 0116 0090 0066 0353 1340 0045 0606=
=
??????
******
YF
19011










20160301=
JY
8888=
GK
01/
05/=
BZ
10/03/08;14;20

10/24/24
11/=
######
