57461 3042N 11118E 001331 001343 105 000 S14 11111999919199111991 0 2014 06
PC
9884 9891 9891 9882 9879 9879 9876 9873 9871 9878 9884 9886
9891 9895 9892 9892 9885 9882 9881 9878 9878 9881 9884 9890 9895 1000 9870 0432.
9899 9909 9912 9911 9909 9909 9910 9911 9908 9907 9911 9917
9921 9924 9924 9919 9915 9910 9904 9899 9895 9893 9898 9902 9926 0939 9890 2001.
9908 9914 9917 9915 9914 9913 9913 9913 9916 9922 9931 9932
9930 9932 9932 9923 9915 9910 9904 9899 9894 9894 9899 9905 9934 0938 9893 1726.
9909 9913 9916 9915 9912 9908 9907 9908 9909 9911 9913 9918
9917 9919 9912 9908 9899 9893 9891 9888 9888 9889 9891 9895 9919 0955 9887 1701.
9894 9901 9902 9902 9900 9895 9893 9893 9895 9900 9902 9908
9913 9912 9910 9905 9899 9893 9887 9882 9879 9880 9883 9889 9914 0910 9879 1631.
9892 9899 9900 9897 9893 9887 9883 9886 9887 9890 9893 9895
9899 9900 9898 9897 9891 9885 9881 9877 9874 9877 9880 9884 9900 2230 9874 1637.
9890 9895 9897 9897 9896 9894 9893 9894 9894 9898 9906 9913
9912 9914 9912 9909 9900 9892 9883 9877 9872 9871 9878 9883 9916 0934 9870 1740.
9890 9898 9897 9895 9892 9887 9882 9886 9888 9890 9894 9897
9900 9905 9906 9901 9893 9889 9880 9878 9875 9873 9875 9878 9906 1006 9872 1748.
9880 9884 9885 9885 9882 9878 9878 9876 9876 9880 9885 9891
9894 9889 9888 9883 9877 9874 9871 9871 9875 9871 9877 9880 9894 0849 9870 1607.
9879 9888 9887 9889 9887 9888 9888 9887 9891 9893 9900 9904
9909 9908 9910 9905 9899 9891 9887 9882 9879 9877 9883 9887 9911 1047 9877 1757.
9895 9901 9902 9901 9899 9897 9898 9897 9897 9903 9904 9910
9910 9908 9906 9903 9896 9889 9883 9879 9877 9876 9878 9885 9911 0805 9875 1728.
9892 9898 9901 9903 9903 9902 9901 9903 9906 9911 9920 9927
9930 9933 9933 9928 9924 9920 9914 9909 9905 9904 9906 9911 9934 1002 9885 2001.
9915 9924 9925 9923 9921 9921 9920 9920 9920 9927 9929 9934
9934 9934 9935 9936 9933 9925 9925 9923 9922 9922 9926 9930 9936 0922 9911 2001.
9934 9935 //// //// //// //// //// //// //// //// //// ////
//// //// //// //// //// //// //// //// //// //// //// //// 9935 2147 9930 2001.
//// //// //// //// //// //// //// //// //// //// //// ////
//// //// //// //// //// //// //// //// //// //// //// //// //// //// //// ////.
//// //// //// //// //// //// //// //// //// //// //// ////
//// //// //// //// //// //// //// //// //// //// //// //// //// //// //// ////.
//// //// //// //// //// //// //// //// //// //// //// ////
//// //// //// //// //// //// //// //// //// //// //// //// //// //// //// ////.
//// //// //// //// //// //// //// //// //// //// //// ////
//// 9884 9880 9874 9867 9861 9855 9849 9845 9842 9842 9848 9890 0918 9841 1823.
9856 9865 9870 9869 9868 9865 9862 9861 9857 9857 9862 9868
9865 9863 9858 9853 9844 9838 9836 9831 9826 9828 9835 9840 9870 2250 9826 1700.
9847 9857 9865 9869 9871 9864 9859 9854 9860 9863 9865 9868
9871 9874 9877 9876 9873 9868 9863 9860 9859 9867 9874 9880 9880 1959 9840 2001.
9886 9894 9897 9896 9894 9895 9894 9897 9898 9903 9911 9921
9925 9928 9928 9925 9921 9916 9914 9910 9906 9905 9908 9912 9930 1018 9880 2001.
9917 9923 9931 9931 9927 9924 9922 9922 9922 9926 9930 9930
9930 9932 9930 9927 9927 9922 9916 9911 9909 9907 9909 9914 9933 0943 9907 1734.
9918 9921 9924 9921 9915 9909 9909 9907 9905 9910 9917 9919
9919 9919 9920 9918 9915 9912 9911 9910 9913 9913 9917 9920 9924 2232 9902 0430.
9923 9926 9925 9918 9912 9907 9904 9900 9902 9903 9908 9914
9917 9918 9920 9918 9908 9902 9893 9889 9882 9883 9885 9889 9927 2203 9882 1651.
9896 9901 9902 9899 9894 9887 9876 9875 9877 9882 9885 9885
9888 9887 9886 9887 9885 9884 9879 9879 9876 9878 9883 9891 9904 2243 9874 1719.
9898 9905 9908 9905 9902 9899 9895 9892 9893 9896 9901 9904
9908 9909 9912 9913 9910 9906 9907 9901 9900 9900 9902 9908 9914 1202 9891 2001.
9910 9913 9913 9914 9914 9910 9906 9903 9905 9908 9912 9918
9922 9925 9927 9927 9923 9916 9911 9905 9901 9902 9905 9912 9928 1138 9901 1658.
9920 9925 9927 9925 9920 9915 9914 9913 9913 9918 9921 9926
9929 9925 9923 9922 9918 9914 9910 9905 9903 9902 9908 9914 9929 0850 9902 1639.
9922 9929 9928 9926 9926 9923 9918 9915 9918 9921 9927 9928
9934 9934 9933 9934 9932 9927 9926 9925 9921 9918 9921 9926 9935 0911 9914 2001.
9928 9935 9938 9939 9936 9932 9929 9928 9930 9929 9933 9937
9938 9940 9938 9939 9936 9932 9930 9929 9927 9925 9926 9931 9941 2347 9924 1753=
0032 0040 0035 0044
0062 0071 0062 0055
0066 0086 0063 0058
0061 0071 0045 0048
0047 0061 0045 0042
0039 0048 0037 0036
0046 0066 0043 0035
0038 0049 0042 0031
0031 0044 0026 0033
0039 0056 0042 0038
0048 0062 0040 0037
0053 0079 0072 0064
0074 0088 0079 0085
//// //// //// ////
//// //// //// ////
//// //// //// ////
//// //// //// ////
//// //// //// ////
0016 0019 9989 9991
0015 0020 0020 0033
0047 0074 0069 0066
0078 0084 0075 0067
0061 0072 0065 0074
0060 0069 0056 0043
0042 0040 0039 0046
0054 0059 0061 0063
0065 0073 0070 0066
0069 0080 0067 0067
0076 0081 0080 0080
0086 0092 0086 0086=
TB
0251 0247 0245 0242 0235 0228 0227 0227 0225 0224 0228 0225
0234 0243 0257 0271 0276 0276 0270 0267 0268 0267 0264 0258 0279 1331 0224 0514.
0256 0250 0247 0246 0242 0240 0239 0236 0236 0236 0238 0248
0255 0264 0277 0291 0296 0304 0301 0302 0302 0297 0288 0280 0309 1416 0235 0425.
0267 0252 0245 0238 0232 0228 0224 0221 0222 0221 0224 0235
0242 0250 0262 0270 0284 0288 0290 0287 0283 0279 0273 0272 0293 1512 0220 0516.
0267 0261 0258 0247 0243 0240 0237 0234 0231 0227 0234 0242
0256 0261 0269 0286 0286 0297 0298 0296 0296 0288 0282 0270 0304 1527 0227 0559.
0265 0257 0253 0247 0247 0243 0245 0242 0238 0236 0242 0246
0253 0264 0275 0286 0296 0301 0306 0307 0302 0292 0287 0281 0308 1412 0236 0554.
0275 0267 0257 0253 0250 0246 0242 0241 0241 0240 0241 0248
0257 0261 0279 0283 0294 0298 0303 0301 0303 0299 0293 0286 0306 1454 0238 0614.
0276 0268 0262 0261 0257 0251 0248 0243 0242 0240 0246 0256
0271 0288 0308 0316 0322 0324 0323 0325 0323 0318 0308 0299 0329 1533 0239 0537.
0289 0274 0266 0256 0248 0246 0244 0242 0241 0242 0242 0244
0245 0249 0248 0257 0262 0266 0278 0282 0285 0281 0275 0264 0299 2011 0240 0431.
0258 0248 0241 0232 0227 0223 0219 0216 0215 0213 0224 0245
0264 0287 0307 0317 0328 0329 0323 0305 0299 0294 0286 0279 0331 1239 0213 0507.
0273 0268 0264 0255 0250 0244 0244 0239 0236 0235 0243 0261
0269 0284 0293 0316 0330 0343 0340 0335 0334 0328 0317 0307 0348 1436 0234 0541.
0278 0269 0264 0253 0247 0241 0238 0237 0228 0228 0236 0245
0271 0300 0320 0330 0340 0354 0359 0356 0345 0338 0328 0308 0362 1446 0226 0526.
0288 0279 0270 0263 0258 0253 0248 0248 0247 0241 0246 0255
0264 0273 0283 0293 0301 0303 0300 0301 0299 0292 0288 0282 0308 2001 0239 0605.
0272 0269 0261 0253 0249 0244 0242 0236 0231 0230 0229 0225
0230 0237 0251 0257 0258 0260 0269 0263 0257 0253 0249 0243 0282 2001 0225 0756.
0238 0230 //// //// //// //// //// //// //// //// //// ////
//// //// //// //// //// //// //// //// //// //// //// //// 0243 2001 0230 2158.
//// //// //// //// //// //// //// //// //// //// //// ////
//// //// //// //// //// //// //// //// //// //// //// //// //// //// //// ////.
//// //// //// //// //// //// //// //// //// //// //// ////
//// //// //// //// //// //// //// //// //// //// //// //// //// //// //// ////.
//// //// //// //// //// //// //// //// //// //// //// ////
//// //// //// //// //// //// //// //// //// //// //// //// //// //// //// ////.
//// //// //// //// //// //// //// //// //// //// //// ////
//// 0259 0272 0283 0298 0306 0315 0319 0324 0317 0309 0301 0328 1643 0252 0918.
0292 0284 0275 0266 0261 0255 0249 0243 0242 0239 0246 0256
0275 0287 0300 0315 0319 0318 0317 0323 0323 0314 0307 0300 0326 1427 0239 0518.
0297 0289 0254 0247 0244 0241 0237 0234 0234 0233 0235 0239
0247 0252 0265 0287 0292 0307 0303 0307 0300 0291 0283 0279 0310 1524 0232 0532.
0274 0271 0263 0257 0255 0252 0250 0253 0254 0250 0248 0240
0236 0233 0243 0254 0266 0270 0268 0263 0267 0264 0262 0258 0279 2001 0233 0955.
0252 0246 0241 0235 0230 0227 0225 0225 0225 0223 0228 0238
0254 0268 0286 0299 0298 0307 0302 0297 0291 0289 0283 0277 0310 1342 0223 0411.
0269 0260 0256 0251 0245 0242 0240 0237 0237 0235 0241 0248
0259 0268 0277 0282 0280 0279 0269 0261 0256 0255 0251 0242 0285 1232 0234 0530.
0243 0236 0234 0230 0227 0226 0226 0222 0218 0217 0219 0225
0224 0228 0230 0230 0237 0238 0240 0238 0241 0239 0239 0238 0245 2040 0217 0543.
0236 0234 0219 0214 0211 0209 0210 0211 0211 0209 0209 0210
0212 0216 0220 0221 0221 0223 0224 0224 0223 0222 0221 0220 0238 2001 0208 0603.
0220 0219 0217 0218 0214 0213 0213 0212 0211 0211 0210 0210
0214 0217 0220 0221 0224 0226 0225 0226 0223 0230 0224 0223 0231 1747 0209 0633.
0220 0219 0219 0219 0218 0218 0218 0217 0217 0217 0218 0222
0227 0236 0244 0258 0266 0273 0282 0289 0286 0278 0265 0259 0291 1551 0216 0416.
0254 0248 0243 0235 0234 0231 0227 0223 0221 0221 0227 0234
0241 0260 0277 0288 0289 0298 0299 0301 0299 0294 0290 0283 0304 1647 0219 0528.
0279 0271 0262 0254 0252 0249 0248 0244 0242 0241 0245 0251
0254 0263 0269 0265 0271 0273 0255 0244 0248 0245 0247 0245 0283 2001 0241 0440.
0242 0241 0235 0232 0229 0226 0222 0222 0221 0219 0222 0227
0233 0246 0258 0264 0274 0279 0274 0270 0262 0258 0254 0250 0281 1413 0218 0556=
IB
=
0201 0204 0204 0197 0204 0196 0202 0204 0204 0205 0209 0210
0215 0224 0220 0214 0216 0223 0222 0219 0216 0219 0212 0221.
0223 0225 0218 0223 0217 0223 0220 0209 0219 0219 0222 0217
0224 0220 0210 0194 0187 0182 0185 0183 0183 0185 0180 0184.
0191 0193 0193 0201 0196 0198 0188 0191 0197 0196 0192 0196
0172 0167 0167 0166 0167 0180 0178 0173 0181 0180 0180 0174.
0183 0190 0187 0195 0196 0195 0194 0196 0184 0189 0200 0197
0190 0180 0179 0198 0187 0185 0179 0174 0181 0167 0177 0172.
0178 0194 0197 0200 0198 0200 0200 0197 0197 0197 0201 0201
0199 0200 0190 0178 0174 0192 0187 0181 0166 0177 0179 0185.
0198 0191 0191 0192 0189 0201 0203 0196 0198 0197 0198 0201
0196 0202 0202 0192 0191 0179 0187 0189 0190 0184 0184 0187.
0204 0204 0205 0197 0200 0197 0196 0200 0195 0197 0199 0190
0197 0189 0175 0164 0157 0150 0149 0146 0149 0149 0153 0156.
0154 0170 0168 0180 0170 0178 0181 0179 0183 0182 0186 0174
0177 0197 0194 0194 0198 0192 0193 0183 0180 0182 0185 0188.
0204 0211 0210 0196 0202 0200 0198 0193 0191 0183 0190 0191
0195 0188 0184 0197 0174 0163 0178 0186 0199 0203 0201 0205.
0209 0202 0207 0203 0194 0207 0197 0198 0191 0202 0200 0207
0200 0204 0205 0175 0176 0171 0164 0181 0180 0186 0193 0197.
0182 0185 0198 0190 0177 0174 0175 0155 0159 0159 0166 0160
0167 0153 0159 0151 0155 0083 0115 0131 0139 0148 0149 0156.
0170 0162 0160 0163 0155 0150 0157 0152 0148 0153 0155 0152
0163 0163 0172 0161 0176 0174 0188 0185 0184 0189 0186 0200.
0208 0200 0197 0208 0210 0205 0201 0211 0208 0207 0204 0210
0209 0206 0212 0209 0208 0203 0200 0215 0186 0197 0204 0206.
0207 0211 //// //// //// //// //// //// //// //// //// ////
//// //// //// //// //// //// //// //// //// //// //// ////.
//// //// //// //// //// //// //// //// //// //// //// ////
//// //// //// //// //// //// //// //// //// //// //// ////.
//// //// //// //// //// //// //// //// //// //// //// ////
//// //// //// //// //// //// //// //// //// //// //// ////.
//// //// //// //// //// //// //// //// //// //// //// ////
//// //// //// //// //// //// //// //// //// //// //// ////.
//// //// //// //// //// //// //// //// //// //// //// ////
//// 0220 0228 0221 0225 0225 0231 0229 0222 0215 0222 0220.
0229 0231 0222 0218 0224 0220 0218 0224 0219 0218 0219 0221
0227 0220 0217 0222 0208 0216 0209 0212 0206 0221 0223 0222.
0208 0224 0211 0220 0228 0229 0221 0215 0215 0216 0210 0206
0220 0213 0215 0222 0201 0203 0197 0197 0194 0191 0184 0191.
0190 0189 0197 0205 0205 0200 0180 0172 0165 0170 0175 0191
0201 0197 0196 0181 0182 0188 0181 0189 0191 0188 0189 0187.
0189 0197 0196 0206 0205 0197 0199 0199 0199 0197 0196 0199
0193 0189 0184 0180 0179 0181 0183 0178 0179 0184 0178 0192.
0198 0194 0197 0208 0196 0193 0199 0202 0196 0194 0204 0205
0202 0197 0205 0197 0195 0205 0207 0211 0219 0187 0195 0203.
0189 0201 0207 0205 0199 0196 0203 0194 0197 0191 0200 0193
0186 0183 0181 0183 0188 0180 0193 0189 0183 0185 0183 0187.
0191 0196 0200 0197 0196 0196 0202 0203 0203 0196 0202 0198
0205 0204 0206 0204 0204 0208 0212 0207 0213 0208 0207 0208.
0208 0212 0210 0211 0202 0206 0206 0200 0199 0204 0198 0203
0202 0210 0208 0202 0214 0211 0211 0212 0209 0209 0210 0211.
0210 0211 0205 0212 0211 0211 0211 0205 0205 0210 0206 0215
0215 0217 0225 0221 0207 0211 0212 0214 0206 0214 0210 0205.
0209 0211 0208 0212 0209 0210 0208 0206 0204 0202 0213 0209
0208 0223 0210 0223 0214 0215 0213 0215 0207 0200 0199 0203.
0210 0207 0212 0217 0213 0214 0217 0219 0209 0212 0216 0214
0219 0219 0212 0210 0192 0196 0205 0203 0213 0214 0212 0214.
0213 0222 0218 0215 0206 0211 0210 0208 0200 0205 0205 0206
0208 0209 0212 0212 0202 0212 0197 0206 0216 0215 0221 0219=
EA
236 240 240 229 240 228 237 240 240 241 247 248
256 270 264 255 258 270 267 263 257 263 251 266.
269 272 261 269 260 268 264 248 262 262 268 260
271 265 249 226 216 208 213 210 210 213 206 212.
221 224 224 236 227 230 217 221 230 229 222 229
196 190 190 189 190 206 204 197 208 207 207 198.
210 220 216 227 228 227 226 227 212 218 233 229
220 206 206 231 215 213 206 199 207 190 203 196.
204 224 229 233 230 234 234 229 230 230 235 235
232 234 220 203 199 222 215 208 189 203 205 213.
231 221 221 222 219 235 238 228 231 230 231 235
228 237 237 223 221 206 216 218 220 211 212 215.
240 240 241 230 234 229 228 234 226 230 232 220
229 218 200 186 178 170 169 166 169 169 173 177.
175 193 191 207 194 204 208 205 210 208 214 199
203 230 225 224 231 223 224 210 206 209 213 217.
239 250 249 227 237 234 231 224 220 210 219 221
227 216 212 229 199 185 203 214 232 238 235 240.
247 236 244 238 225 244 229 231 221 237 234 243
234 240 240 200 201 195 186 207 206 214 224 230.
209 213 231 219 202 198 200 176 180 180 189 181
190 174 181 171 176 109 136 151 159 168 169 178.
194 184 182 185 176 171 178 172 168 174 176 173
186 185 196 183 201 199 216 213 211 219 214 233.
245 234 230 245 249 241 235 250 246 244 240 248
247 243 252 248 246 239 234 257 215 229 239 243.
245 250 /// /// /// /// /// /// /// /// /// ///
/// /// /// /// /// /// /// /// /// /// /// ///.
/// /// /// /// /// /// /// /// /// /// /// ///
/// /// /// /// /// /// /// /// /// /// /// ///.
/// /// /// /// /// /// /// /// /// /// /// ///
/// /// /// /// /// /// /// /// /// /// /// ///.
/// /// /// /// /// /// /// /// /// /// /// ///
/// /// /// /// /// /// /// /// /// /// /// ///.
/// /// /// /// /// /// /// /// /// /// /// ///
/// 264 278 265 273 272 282 279 267 257 268 265.
280 282 268 261 270 264 261 270 263 261 263 266
275 264 259 268 246 259 248 251 242 267 269 267.
246 271 250 264 278 279 267 256 256 257 249 243
264 253 256 268 235 238 229 230 225 222 212 222.
219 219 229 241 241 234 206 197 188 193 200 221
236 229 228 208 209 217 208 219 221 217 218 216.
218 229 228 243 242 229 232 232 232 229 228 233
224 218 211 207 206 208 210 204 205 211 204 223.
230 225 230 245 227 223 233 237 229 226 240 241
237 229 241 229 227 240 245 250 263 215 226 238.
219 236 245 242 232 228 238 225 230 221 234 223
214 211 208 211 217 206 224 218 210 213 211 215.
221 227 234 229 228 227 236 238 238 227 237 231
242 240 243 239 239 245 252 244 253 246 245 246.
246 252 249 251 237 243 243 234 233 240 231 239
237 249 246 237 255 249 251 252 248 247 249 250.
248 250 242 252 251 251 251 241 241 249 243 257
256 259 272 266 244 250 252 255 243 254 249 241.
246 250 246 252 247 249 245 242 239 237 254 247
246 269 249 269 255 256 253 256 245 234 232 238.
248 244 252 259 253 255 260 263 248 252 258 255
263 263 252 249 222 229 241 238 253 255 252 255.
254 267 261 256 243 249 249 246 234 242 241 243
246 247 252 251 237 252 230 242 258 256 266 263=
UB
74 77 78 76 83 82 86 87 88 89 89 91
89 89 80 71 70 73 75 75 73 75 73 80 68 1204.
82 86 84 87 86 90 89 85 90 90 91 83
83 77 67 56 52 48 50 49 49 51 52 56 46 1355.
63 70 73 80 80 83 80 83 86 86 82 79
65 60 56 53 49 52 51 50 54 55 57 55 48 1224.
60 65 65 73 75 76 77 79 75 79 81 76
67 61 58 59 55 51 49 48 50 48 53 55 45 1528.
59 68 71 75 74 77 76 76 78 79 78 76
72 68 60 52 48 52 49 47 44 50 52 56 42 1649.
63 63 67 69 69 76 79 76 77 77 77 75
69 70 63 58 54 49 50 51 51 50 52 55 46 1338.
65 68 71 68 71 72 73 77 75 77 75 67
64 55 45 40 37 35 35 34 35 36 39 42 33 1505.
44 53 55 63 62 66 68 68 70 69 71 65
66 73 72 68 68 64 60 55 53 55 58 63 40 2015.
72 80 83 80 86 87 88 87 86 83 81 72
66 55 48 49 40 37 42 49 55 58 60 64 34 1411.
68 67 71 73 71 80 75 78 76 82 77 72
66 62 59 43 40 36 35 40 40 43 48 52 33 1446.
56 60 67 68 65 66 68 60 65 65 65 59
53 41 38 34 33 19 23 26 29 32 34 40 17 1402.
49 49 51 54 53 53 57 55 54 58 57 53
54 51 51 45 47 46 51 50 50 54 54 61 40 2002.
68 66 68 76 79 79 78 86 87 87 86 91
88 83 79 75 74 71 66 75 65 71 76 80 60 2006.
83 89 // // // // // // // // // //
// // // // // // // // // // // // 78 2009.
// // // // // // // // // // // //
// // // // // // // // // // // // // ////.
// // // // // // // // // // // //
// // // // // // // // // // // // // ////.
// // // // // // // // // // // //
// // // // // // // // // // // // // ////.
// // // // // // // // // // // //
// 79 77 69 65 62 61 59 55 55 60 62 52 1646.
69 73 73 75 80 81 83 89 87 88 85 81
75 67 61 58 52 55 53 52 50 58 61 63 50 1447.
59 68 77 85 91 93 91 89 89 90 86 82
85 79 74 68 58 54 53 52 53 55 55 59 50 1422.
60 61 67 73 74 73 65 61 58 61 64 74
81 80 75 64 60 61 59 64 63 63 64 65 55 0444.
68 74 76 84 86 83 85 85 85 85 82 79
69 62 54 49 49 47 49 49 51 53 53 60 44 1335.
65 67 70 77 74 74 78 81 78 78 80 77
71 65 65 60 60 64 69 74 80 66 71 79 56 1316.
72 81 85 86 84 83 87 84 88 85 89 82
79 76 74 75 74 70 75 74 70 72 71 73 68 1706.
76 79 89 90 91 92 95 95 95 92 96 93
96 93 92 90 90 91 93 90 94 92 92 93 71 2005.
93 96 96 96 93 96 96 93 93 96 93 96
93 96 93 89 94 91 92 92 92 88 92 93 84 1805.
94 95 92 96 96 96 96 93 93 96 93 96
93 89 89 80 70 69 66 64 62 68 72 72 57 1704.
76 80 81 87 86 88 89 90 90 89 92 86
82 80 67 68 64 61 60 60 58 57 58 62 56 1553.
66 68 74 80 79 81 83 86 82 84 84 80
81 77 71 72 62 63 74 78 81 83 81 83 56 1319.
84 89 90 90 87 91 93 92 88 92 90 88
86 80 76 73 65 67 63 68 76 77 82 83 62 1416=
N=
H=
C=
V=
R6
0014 0000 0014
0000 0000 0000
0000 0000 0000
0000 0000 0000
0000 0000 0000
0000 0000 0000
0000 0000 0000
0000 0000 0000
0000 0000 0000
0000 0000 0000
0000 0000 0000
0000 0000 0000
0008 0000 0008
0002 //// 0002
//// //// ////
//// //// ////
//// //// ////
//// //// ////
0000 0000 0000
0092 0000 0092
0000 0005 0005
0000 0000 0000
0000 0002 0002
0001 0001 0002
0044 0074 0118
0403 0130 0533
0012 0002 0014
0000 0000 0000
0000 0012 0012
0006 0000 0006=
0000 0000 0000 0000 0000 0000 0000 0000 0000 0000 0000 0014
0000 0000 0000 0000 0000 0000 0000 0000 0000 0000 0000 0000.
0000 0000 0000 0000 0000 0000 0000 0000 0000 0000 0000 0000
0000 0000 0000 0000 0000 0000 0000 0000 0000 0000 0000 0000.
0000 0000 0000 0000 0000 0000 0000 0000 0000 0000 0000 0000
0000 0000 0000 0000 0000 0000 0000 0000 0000 0000 0000 0000.
0000 0000 0000 0000 0000 0000 0000 0000 0000 0000 0000 0000
0000 0000 0000 0000 0000 0000 0000 0000 0000 0000 0000 0000.
0000 0000 0000 0000 0000 0000 0000 0000 0000 0000 0000 0000
0000 0000 0000 0000 0000 0000 0000 0000 0000 0000 0000 0000.
0000 0000 0000 0000 0000 0000 0000 0000 0000 0000 0000 0000
0000 0000 0000 0000 0000 0000 0000 0000 0000 0000 0000 0000.
0000 0000 0000 0000 0000 0000 0000 0000 0000 0000 0000 0000
0000 0000 0000 0000 0000 0000 0000 0000 0000 0000 0000 0000.
0000 0000 0000 0000 0000 0000 0000 0000 0000 0000 0000 0000
0000 0000 0000 0000 0000 0000 0000 0000 0000 0000 0000 0000.
0000 0000 0000 0000 0000 0000 0000 0000 0000 0000 0000 0000
0000 0000 0000 0000 0000 0000 0000 0000 0000 0000 0000 0000.
0000 0000 0000 0000 0000 0000 0000 0000 0000 0000 0000 0000
0000 0000 0000 0000 0000 0000 0000 0000 0000 0000 0000 0000.
0000 0000 0000 0000 0000 0000 0000 0000 0000 0000 0000 0000
0000 0000 0000 0000 0000 0000 0000 0000 0000 0000 0000 0000.
0000 0000 0000 0000 0000 0000 0000 0000 0000 0000 0000 0000
0000 0000 0000 0000 0000 0000 0000 0000 0000 0000 0000 0000.
0000 0000 0000 0000 0000 0000 0000 0000 0001 0000 0003 0004
0000 0000 0000 0000 0000 0000 0000 0000 0000 0000 0000 0000.
0000 0002 //// //// //// //// //// //// //// //// //// ////
//// //// //// //// //// //// //// //// //// //// //// ////.
//// //// //// //// //// //// //// //// //// //// //// ////
//// //// //// //// //// //// //// //// //// //// //// ////.
//// //// //// //// //// //// //// //// //// //// //// ////
//// //// //// //// //// //// //// //// //// //// //// ////.
//// //// //// //// //// //// //// //// //// //// //// ////
//// //// //// //// //// //// //// //// //// //// //// ////.
//// //// //// //// //// //// //// //// //// //// //// ////
//// 0000 0000 0000 0000 0000 0000 0000 0000 0000 0000 0000.
0000 0000 0000 0000 0000 0000 0000 0000 0000 0000 0000 0000
0000 0000 0000 0000 0000 0000 0000 0000 0000 0000 0000 0000.
0000 0000 0007 0018 0007 0054 0004 0001 0000 0001 0000 0000
0000 0000 0000 0000 0000 0000 0000 0000 0000 0000 0000 0000.
0000 0000 0000 0000 0000 0000 0000 0000 0000 0000 0000 0000
0002 0003 0000 0000 0000 0000 0000 0000 0000 0000 0000 0000.
0000 0000 0000 0000 0000 0000 0000 0000 0000 0000 0000 0000
0000 0000 0000 0000 0000 0000 0000 0000 0000 0000 0000 0000.
0000 0000 0000 0000 0000 0000 0000 0000 0000 0000 0000 0000
0000 0000 0000 0000 0000 0000 0000 0000 0001 0001 0000 0000.
0000 0000 0000 0000 0000 0000 0000 0000 0000 0001 0000 0000
0001 0000 0000 0000 0000 0000 0000 0000 0000 0000 0000 0000.
0000 0000 0003 0004 0007 0004 0001 0000 0001 0012 0009 0003
0001 0001 0001 0001 0000 0001 0000 0000 0001 0025 0028 0015.
0058 0043 0100 0113 0029 0011 0006 0008 0014 0015 0006 0000
0008 0017 0000 0005 0031 0003 0050 0007 0004 0000 0005 0000.
0001 0001 0000 0000 0000 0000 0000 0000 0000 0000 0000 0010
0002 0000 0000 0000 0000 0000 0000 0000 0000 0000 0000 0000.
0000 0000 0000 0000 0000 0000 0000 0000 0000 0000 0000 0000
0000 0000 0000 0000 0000 0000 0000 0000 0000 0000 0000 0000.
0000 0000 0000 0000 0000 0000 0000 0000 0000 0000 0000 0000
0000 0000 0000 0000 0000 0000 0003 0006 0003 0000 0000 0000.
0000 0000 0000 0000 0000 0002 0001 0000 0002 0001 0000 0000
0000 0000 0000 0000 0000 0000 0000 0000 0000 0000 0000 0000=
0000 ////////// 00000=
W=
LA
=
001 000 001 000 000 002 000 001 000 001 000 002
000 000 001 000 001 002 003 002 002 000 002 001 022.
000 001 001 000 000 001 000 001 000 001 001 000
000 001 001 002 001 003 003 002 004 004 003 002 032.
001 001 001 001 001 001 001 002 000 000 001 001
001 004 002 002 003 003 004 004 005 003 004 003 049.
002 001 000 002 000 002 000 001 001 001 001 002
001 002 001 001 003 002 004 003 005 005 001 002 043.
001 002 001 000 001 001 001 001 002 000 001 000
002 002 000 002 002 002 002 003 006 003 002 002 039.
000 001 001 001 002 000 001 000 001 001 000 000
002 001 000 002 001 002 003 002 002 003 002 001 029.
001 001 001 000 001 002 001 000 001 000 002 000
001 000 002 002 001 002 004 005 003 005 003 002 040.
002 001 002 000 002 002 002 000 002 000 001 001
001 000 001 001 001 000 002 000 002 001 002 002 028.
000 002 000 000 002 000 001 001 000 001 000 002
000 002 001 000 003 003 002 005 001 003 000 002 031.
001 001 001 000 002 001 000 001 000 002 000 002
000 001 001 001 002 001 006 003 004 003 003 001 037.
002 003 000 002 002 000 001 002 001 001 001 001
002 002 001 002 001 005 002 003 003 005 005 002 049.
002 002 001 002 001 002 001 002 000 002 001 001
001 001 000 002 001 002 001 001 002 005 002 000 035.
001 000 001 001 000 002 000 000 000 000 000 002
001 000 001 001 000 001 000 003 002 000 002 000 018.
002 000 /// /// /// /// /// /// /// /// /// ///
/// /// /// /// /// /// /// /// /// /// /// /// ///.
/// /// /// /// /// /// /// /// /// /// /// ///
/// /// /// /// /// /// /// /// /// /// /// /// ///.
/// /// /// /// /// /// /// /// /// /// /// ///
/// /// /// /// /// /// /// /// /// /// /// /// ///.
/// /// /// /// /// /// /// /// /// /// /// ///
/// /// /// /// /// /// /// /// /// /// /// /// ///.
/// /// /// /// /// /// /// /// /// /// /// ///
/// 000 001 002 002 003 002 003 004 004 003 001 ///.
002 002 000 001 001 002 000 001 000 001 000 000
001 000 002 001 002 003 004 002 002 004 003 002 036.
001 002 000 000 001 004 000 003 000 002 000 002
001 000 000 000 002 002 002 003 004 002 003 001 035.
001 001 001 001 001 000 001 002 002 001 001 000
000 000 000 001 002 001 001 001 002 001 002 001 024.
001 001 001 000 001 000 002 000 001 001 000 001
001 001 001 002 001 001 002 003 003 001 003 001 029.
000 001 001 001 001 000 001 000 001 001 000 001
001 000 001 000 002 001 002 000 000 002 001 000 018.
001 001 001 000 000 002 000 000 000 001 001 000
001 000 002 000 000 001 001 002 000 002 001 001 018.
001 001 000 000 002 000 002 000 000 000 001 000
001 000 001 000 000 001 000 000 000 000 001 000 011.
001 000 001 001 001 000 001 000 001 000 001 000
000 001 000 001 000 000 001 000 000 000 001 000 011.
000 001 000 000 000 000 001 000 001 000 000 000
000 000 000 000 000 001 001 002 002 004 002 002 017.
001 001 001 000 001 001 000 000 000 001 000 000
000 000 002 000 002 002 002 002 002 004 001 002 025.
001 002 000 002 000 001 000 001 001 000 001 001
000 000 001 000 001 001 000 000 000 002 000 001 016.
000 001 001 001 000 000 001 001 001 001 001 001
000 000 001 001 000 001 001 001 001 000 001 001 017=
Z=
G=
FN
244007 245009 321008 PPC001 359005 330015
322007 269012 007006 041006 335014 220012
194012 190012 086023 123024 089031 158025
096029 187025 143013 174007 214004 229011.
272010 281011 306013 PPC000 285014 007012
322004 349009 274010 251009 343006 345007
163012 087023 120016 178011 183026 133026
182024 197018 197022 191016 178015 162009.
261007 325011 255007 320007 298010 315008
315010 022006 320011 288006 PPC002 264006
178013 172023 149018 136027 280012 188017
205025 189026 181020 187024 180023 140019.
123019 098011 165008 322011 217006 079009
111009 077012 057005 193010 196005 306010
311013 162018 142022 049010 181027 161017
148029 160022 166013 128024 102019 094010.
019005 302008 358007 283010 PPC001 306008
152015 190008 315009 333010 256006 224010
248008 269008 213015 209026 289005 196013
195017 179028 133018 153021 175012 208009.
283007 015006 342013 337005 335003 240008
327008 339008 208006 337010 285006 346007
328008 277012 315012 227009 081006 167014
211016 169017 280010 271003 274013 273007.
PPC001 282012 341009 280011 333009 022012
324009 317010 323009 265005 347008 323011
273010 269009 322006 274020 226023 225021
162025 193023 182019 158019 153016 182005.
355011 329014 360007 358009 332021 320008
072007 232005 308012 300004 311004 346023
306012 271008 359006 282007 299010 226007
335006 220012 305009 176007 228005 303003.
245007 280008 326009 301006 326009 321011
291007 329011 081007 325006 330011 009004
336008 260010 084016 208014 133018 131019
123018 165026 130015 096023 047011 146013.
210011 062008 218005 334015 350005 295009
302004 328007 029004 219004 339010 023006
258010 332015 271016 191017 183021 271010
182028 196017 156022 159021 148014 157011.
346009 326008 293008 325011 260008 284010
243011 262007 278006 273009 281006 257007
303010 254010 177012 243015 205019 129018
200023 172022 163017 154011 181010 347007.
319009 331017 337011 250008 240011 264008
PPC000 PPC002 317006 248022 145007 PPC002
041013 291007 276014 282008 052009 360012
237010 254010 252015 240010 208009 273019.
168009 197007 180011 322010 349009 339007
279006 319005 270008 322006 271007 296010
289017 272016 034007 337012 346005 031014
324007 145005 049020 257006 305008 333007.
331013 337014 ////// ////// ////// //////
////// ////// ////// ////// ////// //////
////// ////// ////// ////// ////// //////
////// ////// ////// ////// ////// //////.
////// ////// ////// ////// ////// //////
////// ////// ////// ////// ////// //////
////// ////// ////// ////// ////// //////
////// ////// ////// ////// ////// //////.
////// ////// ////// ////// ////// //////
////// ////// ////// ////// ////// //////
////// ////// ////// ////// ////// //////
////// ////// ////// ////// ////// //////.
////// ////// ////// ////// ////// //////
////// ////// ////// ////// ////// //////
////// ////// ////// ////// ////// //////
////// ////// ////// ////// ////// //////.
////// ////// ////// ////// ////// //////
////// ////// ////// ////// ////// //////
////// 173015 157015 158035 141020 078027
100035 147023 171023 119029 137014 117013.
129014 102024 086008 081014 054008 033007
280006 318008 165007 354006 243009 016007
042009 269013 193011 142018 191028 099029
131025 096024 098020 079023 074018 071023.
042020 162018 030017 146006 142022 233005
283012 280017 289019 287016 214007 285014
209006 241010 263015 342011 057022 030021
071025 018020 044018 023022 024017 032014.
322006 007006 277008 261009 220010 258008
338009 017015 029015 013009 044009 301012
286008 248013 185015 238022 202018 166007
162012 223014 238007 236009 192007 138018.
101013 110009 014011 259006 269013 283006
341011 331013 234008 206008 323011 348009
250008 276014 195014 136017 192010 359012
221010 170021 170025 166012 170017 PPC001.
336007 PPC002 334009 269004 355017 325009
340009 329009 061009 331012 PPC001 284009
355010 PPC002 032014 274010 173020 181016
156014 169011 196016 189011 157012 157015.
349007 233007 253007 PPC001 269006 301006
210009 237008 198006 332005 164008 156011
185011 113013 088015 137014 326012 285015
278014 236009 206004 174010 216008 171013.
194012 160007 173004 266011 243008 263006
PPC002 PPC002 249010 242009 253010 227007
337006 302006 009007 175010 203006 PPC002
127009 272008 PPC000 223008 221005 197008.
233004 214006 139005 345004 141012 180006
168008 162009 164011 220007 182010 152010
174008 162007 222005 092005 146008 104010
223006 164008 186011 116005 113007 011007.
PPC001 354005 313007 228006 023004 340007
285006 282010 288010 355008 313006 248009
313010 212007 244010 158006 181013 226016
125019 188019 105021 091022 113023 130022.
101009 078014 317008 272008 334008 313009
255005 343009 311006 338009 009005 345009
PPC000 201011 124022 155018 187029 183025
145023 181016 140019 188016 163014 106011.
149012 PPC000 PPC001 325011 313008 325006
218008 342007 331009 323008 321006 312008
291007 321010 358007 039006 324012 321013
300011 282014 256011 254013 PPC002 270013.
229007 260006 309005 302005 334015 271009
320010 245012 311011 315015 177010 173009
220008 316011 265009 175005 069008 218008
143010 177019 161012 134015 124017 033006=
231007 259008 320008 290006 346009 336019
318008 285008 258004 345010 319017 188012
192009 193012 098017 116016 127026 132024
117024 175021 142013 159006 202007 204008.
280009 282010 311010 PPC001 259011 360009
068006 346008 284008 236009 309005 358003
171007 084017 116016 282011 165023 119022
181029 188018 193021 182017 173018 143009.
PPC002 322013 255007 281008 326012 319007
325012 004007 313007 301005 236006 250007
193018 168019 172018 150025 048012 204018
187024 177023 184026 176023 180024 129018.
118013 130010 134007 311009 219007 084012
121009 062007 042009 186010 226008 319007
333011 166015 155016 071017 173023 154024
176027 123023 147012 121017 100019 079011.
054003 323008 346008 278010 PPC002 288004
135012 197006 328010 337010 254007 278004
275007 280010 221012 198020 269012 218015
233018 172022 128018 167022 170015 222009.
292004 344010 336015 343005 327005 241007
313007 341009 230006 340009 293004 357007
348006 252010 322008 227010 166010 195014
208016 199015 281012 245008 280009 269008.
301005 279010 325007 282012 330008 017009
316010 335009 294007 278006 308007 327012
263009 244009 141009 224012 210018 201024
166030 180024 185022 168019 159018 184006.
302007 343011 348007 343010 331016 344009
044008 318004 331009 311004 312006 353017
326014 260007 341008 277010 322010 313005
261010 209012 298006 190009 192004 244004.
250008 280008 302007 325008 288007 317010
288007 330011 041006 306005 327013 330004
305009 278011 155017 178021 130017 112020
137020 130023 144014 104019 064010 184010.
209010 050009 191008 353010 343004 317011
220004 335011 007007 223006 336009 349008
249011 298011 227015 197015 178018 221016
169027 168023 164021 169023 154014 157012.
352009 335008 285010 295009 246009 264010
268009 265008 284006 287007 247006 247009
278010 288011 174013 233014 188016 182016
166021 135019 165020 157011 162012 338007.
343007 349009 343011 275011 247011 293007
298005 145006 294007 216015 090004 356003
079006 305008 260012 276011 010010 334008
270010 257013 237015 257009 218011 274013.
110008 180009 180009 310010 339007 283006
322003 327008 251009 296006 258009 295012
280016 279014 006007 336012 002006 046011
310006 191007 044013 290003 277009 001006.
337012 342013 ////// ////// ////// //////
////// ////// ////// ////// ////// //////
////// ////// ////// ////// ////// //////
////// ////// ////// ////// ////// //////.
////// ////// ////// ////// ////// //////
////// ////// ////// ////// ////// //////
////// ////// ////// ////// ////// //////
////// ////// ////// ////// ////// //////.
////// ////// ////// ////// ////// //////
////// ////// ////// ////// ////// //////
////// ////// ////// ////// ////// //////
////// ////// ////// ////// ////// //////.
////// ////// ////// ////// ////// //////
////// ////// ////// ////// ////// //////
////// ////// ////// ////// ////// //////
////// ////// ////// ////// ////// //////.
////// ////// ////// ////// ////// //////
////// ////// ////// ////// ////// //////
////// 194012 153019 157026 116024 104032
126028 149025 167024 126024 139018 129014.
138012 094021 079010 069013 060010 046008
281006 315008 178009 002005 232007 324006
003012 285015 193010 190018 138023 110028
129021 089027 089018 102025 086017 068017.
042014 169023 042020 219008 148021 144008
289011 280016 283023 286015 227008 282015
192004 255008 290012 344011 036026 035020
047020 034019 046017 035019 028018 030013.
344008 354009 265009 271007 243009 269008
349007 004009 026017 023014 041010 284011
287008 261014 237013 257019 264014 174013
158014 238015 256009 232010 174007 127013.
089010 092008 353009 294007 279011 274005
327010 324010 248007 PPC002 310008 302010
232011 258013 228010 185014 201010 345014
209012 170020 178022 178013 170013 163005.
336007 333005 330009 PPC002 343010 339008
340009 278012 020007 329009 351004 251009
327008 296007 358010 218008 173021 165014
153017 157013 223015 198013 154009 151014.
291005 230008 273011 302004 318008 290008
237008 245008 219008 258006 180010 152013
161012 145010 084016 128012 025008 273015
251010 207011 220005 179012 202010 170010.
162011 149008 176008 262008 228008 257006
219003 203004 244008 246010 257009 249010
294007 302004 038007 144010 183005 214004
151007 264007 PPC002 200006 296004 201011.
244006 252006 221006 008003 135012 172007
166008 162009 156011 222008 185011 152008
201006 184009 183006 128007 183006 162007
PPC002 077005 211009 126003 139007 033005.
PPC002 340005 338006 222006 034003 291006
319004 277009 278010 333008 316006 258007
292012 213006 232007 182007 162011 153015
134014 163019 116018 115021 118022 123020.
106010 077014 311005 270008 303006 327011
247007 356007 312005 329007 334008 353007
349005 217008 122021 170018 163026 196028
155022 151019 152022 172016 155014 095010.
130010 PPC001 036004 326010 316006 330005
240006 332008 330009 329008 352006 323007
305007 331004 318005 031006 318010 335012
321011 289010 264012 230014 293006 272012.
247008 256007 289005 012007 337010 301007
296009 304014 283015 301013 230009 181010
195008 286008 140010 181010 086009 228010
148014 179015 154018 137015 130016 003008=
029142 1444 046108 1419
033181 1434 045190 1430
033183 1647 043184 1640
032191 1445 042190 1436
031182 1632 039204 1630
019220 1439 027255 1508
031176 1353 048190 1436
021348 0803 034334 0800
029146 1532 036162 1525
030173 1428 042145 1554
024182 1635 032187 1654
019333 2208 028238 0558
020280 0838 028283 0835
017335 2032 024326 2031
////// //// ////// ////
////// //// ////// ////
////// //// ////// ////
034128 1333 051085 1332
030091 1612 048077 1828
029039 1230 057085 1221
022016 0446 040040 0446
025185 1640 033187 1603
024170 1303 029190 1314
019269 1341 026264 1336
014137 2036 021133 2033
015186 1313 019156 1229
027126 1853 039111 1742
035174 1316 044142 1311
018277 1635 024272 1631
019153 1657 028159 1624=
DB
0243 0241 0238 0234 0229 0220 0223 0223 0220 0222 0242 0235
0263 0295 0345 0365 0364 0332 0316 0304 0290 0276 0261 0254 0386 1232 0218 0217.
0250 0242 0242 0239 0232 0234 0232 0232 0231 0232 0246 0272
0291 0321 0366 0410 0413 0447 0415 0397 0367 0325 0280 0258 0452 1411 0231 0422.
0247 0242 0236 0227 0222 0217 0215 0210 0217 0219 0239 0267
0278 0327 0394 0426 0452 0458 0450 0410 0365 0322 0282 0272 0468 1337 0210 0346.
0264 0259 0253 0241 0238 0233 0226 0231 0224 0225 0264 0279
0322 0330 0368 0418 0442 0461 0454 0408 0363 0313 0286 0263 0469 1416 0224 0500.
0255 0256 0254 0250 0248 0245 0242 0240 0234 0240 0258 0268
0290 0321 0368 0391 0413 0462 0437 0447 0356 0327 0292 0273 0471 1403 0233 0502.
0265 0258 0249 0247 0243 0237 0237 0237 0237 0236 0249 0267
0283 0308 0368 0353 0401 0414 0412 0386 0366 0318 0288 0273 0427 1407 0229 0605.
0262 0259 0252 0247 0244 0237 0231 0233 0229 0227 0256 0290
0345 0396 0430 0469 0532 0540 0520 0485 0443 0375 0310 0284 0542 1409 0224 0430.
0268 0262 0257 0240 0233 0239 0238 0236 0236 0237 0248 0261
0252 0262 0259 0300 0319 0316 0375 0357 0330 0304 0274 0245 0399 1445 0231 0044.
0237 0230 0218 0209 0204 0202 0196 0195 0190 0195 0240 0304
0338 0440 0490 0486 0516 0448 0428 0357 0324 0301 0283 0269 0557 1131 0188 0511.
0261 0258 0253 0247 0237 0224 0227 0224 0220 0223 0272 0338
0364 0373 0397 0515 0532 0558 0486 0456 0419 0393 0320 0269 0576 1346 0216 0540.
0254 0244 0244 0231 0224 0214 0215 0217 0198 0221 0244 0264
0392 0463 0460 0487 0489 0513 0536 0460 0393 0375 0306 0274 0555 1350 0197 0503.
0262 0259 0247 0247 0239 0233 0233 0225 0229 0230 0251 0271
0293 0328 0373 0353 0367 0360 0343 0347 0335 0310 0288 0273 0383 1113 0225 0351.
0265 0260 0249 0247 0245 0242 0239 0235 0229 0229 0226 0226
0231 0254 0288 0281 0282 0281 0314 0286 0258 0252 0241 0231 0314 1500 0224 0723.
0230 0224 //// //// //// //// //// //// //// //// //// ////
//// //// //// //// //// //// //// //// //// //// //// //// 0231 2001 0223 2148.
//// //// //// //// //// //// //// //// //// //// //// ////
//// //// //// //// //// //// //// //// //// //// //// //// //// //// //// ////.
//// //// //// //// //// //// //// //// //// //// //// ////
//// //// //// //// //// //// //// //// //// //// //// //// //// //// //// ////.
//// //// //// //// //// //// //// //// //// //// //// ////
//// //// //// //// //// //// //// //// //// //// //// //// //// //// //// ////.
//// //// //// //// //// //// //// //// //// //// //// ////
//// 0320 0413 0469 0500 0462 0493 0466 0441 0368 0318 0288 0531 1351 0288 1959.
0273 0267 0255 0248 0240 0232 0226 0224 0223 0231 0261 0319
0394 0410 0422 0492 0470 0429 0394 0438 0395 0353 0313 0295 0524 1239 0219 0517.
0288 0259 0241 0248 0243 0242 0242 0235 0230 0232 0239 0243
0259 0272 0317 0358 0340 0383 0358 0368 0328 0280 0261 0252 0404 1355 0229 0505.
0249 0247 0244 0241 0238 0236 0234 0230 0224 0224 0225 0231
0247 0260 0291 0338 0358 0353 0341 0299 0298 0280 0258 0239 0380 1239 0223 0508.
0230 0229 0222 0222 0217 0217 0215 0213 0214 0215 0230 0262
0334 0358 0369 0418 0365 0389 0379 0353 0321 0302 0272 0259 0418 1200 0212 0519.
0251 0247 0243 0240 0235 0232 0229 0228 0225 0231 0256 0287
0309 0324 0351 0354 0349 0334 0274 0280 0266 0263 0248 0234 0368 1230 0225 0453.
0233 0229 0226 0225 0221 0218 0220 0218 0215 0218 0225 0235
0238 0266 0261 0251 0286 0291 0280 0276 0272 0259 0247 0232 0316 1430 0214 0452.
0229 0224 0220 0218 0217 0216 0217 0217 0216 0214 0216 0220
0224 0234 0247 0241 0237 0244 0248 0241 0233 0230 0226 0224 0255 1432 0214 0555.
0222 0221 0217 0217 0216 0215 0214 0213 0213 0213 0216 0219
0228 0238 0244 0245 0263 0248 0253 0242 0249 0250 0232 0227 0268 1307 0212 0532.
0222 0219 0218 0219 0219 0219 0219 0217 0217 0217 0221 0230
0242 0260 0282 0311 0330 0344 0356 0380 0356 0309 0261 0246 0382 1520 0216 2212.
0241 0237 0232 0225 0227 0225 0219 0217 0215 0218 0231 0249
0260 0329 0355 0363 0353 0391 0394 0344 0348 0310 0278 0261 0406 1350 0213 0430.
0257 0256 0252 0245 0244 0243 0240 0237 0236 0236 0246 0262
0270 0290 0295 0285 0296 0297 0274 0259 0282 0266 0256 0244 0306 1016 0235 0442.
0240 0238 0232 0230 0226 0224 0222 0220 0218 0217 0227 0239
0255 0297 0312 0323 0326 0330 0310 0288 0276 0266 0252 0246 0343 1342 0217 0531=
0251 0249 0246 0244 0241 0238 0235 0233 0232 0231 0232 0234
0242 0251 0263 0281 0291 0295 0287 0281 0278 0273 0268 0262.
0258 0255 0251 0249 0246 0244 0242 0241 0239 0238 0239 0243
0250 0259 0270 0290 0306 0317 0324 0322 0317 0308 0297 0284.
0274 0266 0260 0255 0249 0245 0241 0237 0235 0234 0235 0239
0246 0254 0269 0293 0312 0326 0332 0332 0325 0314 0301 0289.
0281 0275 0269 0265 0259 0256 0252 0248 0246 0244 0243 0249
0256 0268 0276 0294 0308 0323 0332 0332 0324 0313 0301 0289.
0281 0274 0270 0266 0263 0260 0258 0255 0253 0250 0251 0253
0257 0263 0273 0290 0302 0309 0318 0319 0315 0307 0297 0288.
0281 0275 0270 0265 0262 0258 0255 0253 0252 0250 0250 0252
0255 0260 0268 0279 0286 0298 0307 0309 0307 0302 0293 0284.
0277 0272 0268 0264 0261 0257 0254 0251 0248 0246 0246 0252
0262 0274 0290 0305 0322 0342 0352 0353 0347 0336 0321 0306.
0296 0287 0281 0274 0267 0263 0259 0257 0255 0253 0253 0254
0255 0256 0256 0257 0263 0268 0277 0285 0286 0283 0278 0270.
0263 0258 0252 0247 0242 0238 0234 0231 0228 0225 0226 0235
0250 0273 0298 0325 0337 0337 0330 0323 0311 0301 0293 0285.
0278 0273 0269 0265 0261 0256 0252 0249 0246 0244 0245 0251
0262 0275 0287 0308 0334 0352 0361 0353 0346 0334 0322 0308.
0295 0285 0277 0271 0265 0259 0254 0251 0247 0243 0244 0249
0259 0284 0310 0317 0329 0346 0355 0353 0344 0333 0321 0307.
0296 0288 0281 0275 0270 0266 0262 0258 0255 0253 0252 0254
0259 0267 0278 0289 0294 0299 0300 0299 0299 0296 0289 0283.
0277 0272 0268 0264 0261 0258 0256 0254 0252 0249 0248 0246
0245 0248 0253 0260 0263 0265 0267 0269 0265 0261 0257 0253.
0250 0247 //// //// //// //// //// //// //// //// //// ////
//// //// //// //// //// //// //// //// //// //// //// ////.
//// //// //// //// //// //// //// //// //// //// //// ////
//// //// //// //// //// //// //// //// //// //// //// ////.
//// //// //// //// //// //// //// //// //// //// //// ////
//// //// //// //// //// //// //// //// //// //// //// ////.
//// //// //// //// //// //// //// //// //// //// //// ////
//// //// //// //// //// //// //// //// //// //// //// ////.
//// //// //// //// //// //// //// //// //// //// //// ////
//// 0260 0273 0301 0326 0343 0347 0349 0344 0337 0323 0309.
0298 0290 0283 0277 0271 0266 0261 0256 0253 0250 0252 0256
0271 0291 0308 0318 0337 0339 0338 0339 0336 0328 0319 0308.
0300 0294 0288 0280 0274 0268 0263 0260 0255 0252 0251 0252
0253 0258 0264 0281 0287 0295 0301 0301 0297 0290 0279 0271.
0265 0262 0260 0257 0254 0252 0250 0247 0243 0239 0238 0238
0243 0246 0254 0269 0282 0290 0291 0288 0285 0278 0272 0264.
0256 0251 0247 0243 0240 0237 0235 0233 0232 0230 0231 0236
0244 0261 0281 0292 0299 0304 0305 0305 0298 0290 0283 0274.
0269 0264 0260 0256 0253 0250 0247 0245 0243 0241 0242 0247
0254 0263 0271 0281 0287 0289 0286 0279 0275 0273 0267 0260.
0255 0251 0247 0244 0242 0239 0238 0236 0235 0233 0233 0236
0240 0243 0245 0246 0248 0254 0259 0258 0257 0254 0251 0247.
0243 0240 0238 0236 0234 0232 0231 0230 0229 0228 0227 0227
0229 0230 0235 0238 0238 0239 0242 0241 0240 0237 0235 0233.
0231 0230 0227 0224 0223 0223 0222 0222 0221 0221 0220 0222
0224 0227 0231 0235 0238 0244 0242 0243 0243 0244 0242 0238.
0234 0231 0229 0228 0227 0226 0226 0225 0224 0224 0224 0225
0229 0236 0244 0254 0267 0277 0288 0297 0301 0294 0281 0268.
0259 0254 0250 0245 0242 0240 0237 0234 0231 0230 0231 0235
0240 0252 0278 0287 0295 0302 0308 0309 0310 0301 0291 0281.
0273 0268 0264 0261 0257 0255 0252 0250 0248 0246 0246 0249
0253 0259 0266 0270 0269 0271 0271 0268 0267 0267 0263 0258.
0253 0250 0247 0244 0242 0239 0237 0236 0234 0232 0231 0234
0239 0247 0265 0271 0280 0285 0286 0283 0275 0270 0265 0260=
0252 0250 0248 0246 0244 0242 0240 0238 0237 0235 0235 0235
0236 0240 0245 0253 0261 0268 0270 0269 0268 0266 0264 0261.
0258 0256 0253 0251 0249 0247 0245 0244 0242 0241 0240 0241
0243 0246 0251 0259 0269 0279 0287 0292 0293 0292 0289 0283.
0277 0271 0266 0262 0258 0254 0250 0247 0244 0242 0241 0241
0242 0245 0250 0260 0272 0284 0293 0299 0300 0299 0294 0288.
0282 0277 0273 0269 0266 0262 0259 0256 0253 0251 0249 0249
0250 0255 0260 0266 0275 0285 0294 0300 0302 0299 0295 0289.
0283 0278 0274 0270 0267 0265 0262 0260 0258 0256 0254 0254
0254 0256 0260 0266 0274 0281 0288 0293 0295 0294 0290 0286.
0281 0277 0274 0270 0267 0264 0261 0259 0257 0255 0254 0253
0254 0255 0258 0263 0267 0273 0280 0285 0287 0287 0286 0282.
0278 0274 0270 0267 0265 0262 0259 0257 0255 0252 0251 0251
0253 0258 0265 0274 0283 0295 0306 0313 0316 0315 0310 0304.
0297 0291 0285 0280 0276 0271 0267 0265 0262 0260 0258 0257
0257 0257 0257 0257 0258 0260 0263 0268 0272 0273 0272 0270.
0266 0262 0259 0256 0252 0249 0245 0243 0240 0237 0235 0236
0240 0248 0260 0275 0289 0298 0301 0301 0298 0293 0288 0284.
0279 0275 0272 0269 0266 0263 0259 0257 0254 0252 0250 0250
0253 0258 0265 0273 0286 0300 0312 0317 0317 0315 0311 0305.
0298 0291 0284 0279 0274 0270 0265 0262 0258 0255 0252 0252
0254 0260 0273 0284 0291 0301 0310 0317 0318 0315 0311 0305.
0298 0292 0286 0282 0277 0274 0270 0267 0264 0261 0259 0258
0259 0261 0265 0271 0276 0280 0283 0285 0286 0286 0284 0281.
0278 0274 0271 0268 0266 0263 0261 0259 0257 0255 0254 0252
0251 0250 0251 0254 0257 0259 0260 0262 0263 0261 0259 0257.
0254 0252 //// //// //// //// //// //// //// //// //// ////
//// //// //// //// //// //// //// //// //// //// //// ////.
//// //// //// //// //// //// //// //// //// //// //// ////
//// //// //// //// //// //// //// //// //// //// //// ////.
//// //// //// //// //// //// //// //// //// //// //// ////
//// //// //// //// //// //// //// //// //// //// //// ////.
//// //// //// //// //// //// //// //// //// //// //// ////
//// //// //// //// //// //// //// //// //// //// //// ////.
//// //// //// //// //// //// //// //// //// //// //// ////
//// 0252 0256 0266 0281 0295 0305 0311 0315 0315 0311 0305.
0299 0292 0287 0282 0278 0274 0269 0266 0262 0259 0257 0257
0260 0268 0277 0286 0296 0305 0309 0311 0313 0312 0309 0304.
0299 0295 0290 0286 0281 0277 0273 0269 0266 0263 0260 0258
0258 0259 0260 0265 0272 0276 0282 0286 0287 0285 0282 0276.
0272 0268 0266 0263 0261 0259 0257 0255 0252 0250 0247 0246
0246 0247 0249 0254 0261 0269 0274 0276 0276 0274 0272 0268.
0264 0259 0256 0253 0250 0247 0245 0243 0241 0240 0238 0239
0241 0247 0256 0265 0273 0278 0283 0285 0285 0283 0280 0276.
0271 0268 0265 0262 0259 0257 0254 0252 0250 0248 0247 0247
0249 0253 0258 0263 0268 0272 0274 0273 0271 0269 0268 0264.
0261 0257 0254 0252 0250 0247 0245 0244 0242 0241 0240 0239
0240 0242 0244 0245 0245 0247 0250 0252 0253 0252 0251 0250.
0247 0245 0244 0242 0240 0239 0237 0236 0235 0234 0233 0232
0232 0233 0234 0236 0237 0237 0238 0240 0240 0239 0238 0237.
0235 0234 0232 0229 0228 0227 0227 0226 0226 0225 0225 0225
0225 0226 0228 0230 0232 0235 0237 0238 0239 0239 0240 0239.
0237 0235 0234 0232 0231 0230 0229 0229 0228 0228 0227 0227
0228 0230 0233 0238 0244 0252 0259 0266 0273 0276 0274 0269.
0263 0259 0255 0252 0248 0246 0244 0241 0239 0237 0236 0236
0238 0241 0249 0259 0267 0272 0279 0284 0286 0287 0284 0280.
0275 0270 0267 0264 0262 0259 0257 0255 0253 0251 0250 0249
0251 0252 0255 0259 0261 0262 0263 0263 0262 0262 0262 0260.
0257 0255 0252 0250 0248 0246 0244 0243 0241 0239 0238 0238
0239 0241 0247 0254 0259 0264 0268 0270 0269 0267 0264 0262=
0251 0250 0249 0247 0246 0245 0243 0242 0240 0239 0238 0237
0237 0238 0240 0243 0248 0253 0257 0259 0259 0260 0259 0258.
0256 0255 0253 0252 0250 0249 0247 0246 0245 0244 0243 0242
0242 0243 0245 0249 0254 0260 0266 0272 0276 0277 0278 0276.
0274 0270 0267 0264 0261 0258 0255 0252 0250 0248 0246 0245
0244 0245 0246 0250 0256 0263 0271 0277 0281 0283 0283 0281.
0279 0276 0273 0270 0267 0265 0262 0260 0257 0255 0253 0252
0252 0252 0255 0258 0262 0268 0274 0280 0284 0286 0286 0284.
0281 0278 0275 0272 0269 0267 0265 0263 0261 0259 0258 0257
0256 0256 0257 0259 0264 0268 0273 0278 0281 0282 0282 0281.
0279 0276 0274 0271 0269 0267 0264 0262 0261 0259 0257 0256
0256 0256 0256 0258 0261 0264 0268 0272 0275 0277 0278 0277.
0275 0273 0270 0268 0266 0264 0262 0260 0259 0257 0255 0254
0254 0255 0258 0263 0268 0275 0282 0289 0295 0297 0297 0295.
0292 0289 0285 0282 0278 0275 0272 0269 0267 0264 0263 0261
0260 0259 0259 0258 0258 0259 0260 0262 0265 0267 0268 0267.
0266 0264 0262 0260 0257 0255 0252 0250 0247 0245 0243 0242
0242 0245 0250 0258 0267 0275 0281 0284 0285 0284 0282 0280.
0278 0275 0273 0270 0268 0266 0263 0261 0259 0257 0255 0254
0254 0255 0258 0262 0269 0277 0286 0293 0297 0299 0299 0297.
0294 0290 0286 0282 0278 0274 0271 0268 0265 0262 0259 0258
0257 0258 0263 0269 0275 0282 0288 0295 0299 0300 0300 0298.
0295 0291 0287 0284 0281 0277 0274 0272 0269 0267 0265 0263
0262 0262 0263 0266 0269 0272 0275 0277 0278 0279 0279 0279.
0277 0275 0273 0271 0269 0267 0265 0263 0262 0260 0258 0257
0256 0254 0254 0255 0256 0257 0258 0260 0261 0261 0260 0259.
0257 0256 //// //// //// //// //// //// //// //// //// ////
//// //// //// //// //// //// //// //// //// //// //// ////.
//// //// //// //// //// //// //// //// //// //// //// ////
//// //// //// //// //// //// //// //// //// //// //// ////.
//// //// //// //// //// //// //// //// //// //// //// ////
//// //// //// //// //// //// //// //// //// //// //// ////.
//// //// //// //// //// //// //// //// //// //// //// ////
//// //// //// //// //// //// //// //// //// //// //// ////.
//// //// //// //// //// //// //// //// //// //// //// ////
//// 0251 0253 0256 0263 0272 0281 0288 0293 0296 0297 0296.
0293 0290 0286 0283 0280 0276 0273 0270 0267 0265 0262 0261
0261 0263 0267 0273 0279 0286 0291 0294 0297 0299 0299 0297.
0295 0292 0290 0287 0283 0280 0277 0274 0272 0269 0266 0264
0263 0262 0262 0263 0266 0269 0273 0276 0278 0279 0279 0277.
0274 0271 0269 0267 0265 0263 0262 0260 0258 0256 0254 0252
0251 0251 0251 0253 0256 0260 0264 0267 0269 0269 0269 0268.
0266 0263 0260 0258 0255 0253 0251 0250 0248 0246 0245 0244
0244 0245 0249 0254 0260 0265 0269 0272 0275 0275 0275 0273.
0271 0269 0266 0264 0262 0260 0258 0257 0255 0253 0252 0251
0251 0252 0254 0257 0260 0264 0266 0267 0267 0267 0266 0265.
0263 0261 0258 0256 0254 0253 0251 0249 0248 0247 0245 0244
0244 0244 0245 0246 0246 0247 0248 0250 0251 0251 0251 0251.
0250 0248 0247 0246 0245 0243 0242 0241 0240 0239 0238 0237
0237 0237 0237 0237 0238 0239 0239 0240 0240 0240 0240 0239.
0239 0238 0236 0234 0232 0232 0231 0231 0230 0230 0229 0229
0229 0229 0230 0231 0232 0233 0235 0237 0237 0238 0239 0239.
0238 0238 0237 0235 0235 0234 0233 0232 0232 0232 0231 0231
0230 0231 0232 0234 0237 0242 0246 0251 0257 0261 0263 0263.
0261 0259 0256 0254 0252 0250 0248 0246 0244 0242 0241 0240
0240 0241 0243 0248 0253 0258 0263 0268 0271 0274 0275 0274.
0272 0269 0267 0265 0263 0261 0259 0258 0256 0255 0253 0252
0252 0252 0253 0255 0256 0258 0259 0259 0260 0260 0260 0259.
0258 0257 0255 0254 0252 0250 0249 0248 0246 0245 0244 0243
0242 0242 0244 0248 0251 0255 0258 0261 0262 0262 0262 0260=
0245 0245 0244 0243 0243 0242 0241 0240 0238 0237 0237 0236
0235 0235 0235 0236 0238 0241 0244 0247 0248 0249 0250 0250.
0249 0249 0248 0247 0246 0245 0244 0243 0242 0241 0241 0240
0239 0239 0240 0241 0243 0246 0250 0254 0258 0260 0262 0263.
0263 0262 0261 0259 0257 0255 0253 0251 0249 0247 0246 0244
0243 0243 0243 0244 0246 0249 0254 0258 0262 0266 0268 0268.
0268 0267 0266 0264 0262 0261 0259 0257 0256 0254 0252 0251
0250 0249 0250 0251 0253 0255 0259 0263 0267 0269 0271 0272.
0271 0270 0268 0267 0265 0263 0262 0260 0259 0258 0256 0255
0254 0253 0253 0254 0255 0257 0260 0263 0266 0268 0270 0270.
0270 0269 0268 0266 0265 0263 0262 0260 0259 0257 0256 0255
0254 0253 0253 0253 0254 0256 0258 0260 0262 0264 0266 0267.
0266 0266 0265 0264 0262 0261 0260 0258 0257 0256 0254 0253
0252 0252 0253 0254 0257 0260 0264 0269 0274 0278 0280 0281.
0280 0279 0278 0276 0274 0272 0269 0267 0265 0263 0262 0260
0259 0258 0257 0257 0256 0256 0256 0257 0258 0259 0260 0261.
0261 0260 0259 0258 0256 0254 0253 0251 0249 0248 0246 0244
0243 0243 0245 0248 0252 0257 0263 0266 0269 0270 0271 0270.
0270 0268 0267 0266 0264 0263 0261 0260 0258 0256 0255 0253
0252 0252 0253 0255 0257 0261 0267 0272 0277 0280 0282 0282.
0282 0281 0279 0277 0274 0272 0270 0267 0265 0263 0261 0259
0257 0257 0257 0260 0263 0267 0271 0275 0280 0283 0284 0285.
0284 0283 0281 0279 0277 0275 0273 0271 0268 0267 0265 0263
0262 0261 0260 0261 0262 0264 0266 0267 0269 0270 0271 0271.
0271 0270 0269 0268 0266 0265 0263 0262 0261 0259 0258 0257
0256 0255 0254 0253 0253 0254 0254 0255 0256 0256 0256 0256.
0255 0254 //// //// //// //// //// //// //// //// //// ////
//// //// //// //// //// //// //// //// //// //// //// ////.
//// //// //// //// //// //// //// //// //// //// //// ////
//// //// //// //// //// //// //// //// //// //// //// ////.
//// //// //// //// //// //// //// //// //// //// //// ////
//// //// //// //// //// //// //// //// //// //// //// ////.
//// //// //// //// //// //// //// //// //// //// //// ////
//// //// //// //// //// //// //// //// //// //// //// ////.
//// //// //// //// //// //// //// //// //// //// //// ////
//// 0249 0249 0250 0252 0257 0262 0268 0272 0276 0279 0280.
0281 0280 0278 0276 0275 0273 0270 0268 0266 0264 0262 0260
0259 0259 0260 0262 0266 0270 0274 0277 0280 0282 0284 0284.
0284 0283 0282 0281 0279 0277 0275 0273 0271 0269 0266 0265
0263 0262 0261 0260 0261 0263 0264 0267 0269 0270 0271 0271.
0270 0268 0267 0265 0264 0262 0261 0260 0258 0257 0255 0254
0252 0251 0251 0251 0252 0253 0256 0258 0260 0261 0262 0262.
0261 0260 0259 0257 0255 0254 0252 0251 0249 0248 0247 0246
0245 0245 0246 0248 0251 0254 0257 0260 0262 0264 0265 0265.
0265 0264 0262 0261 0260 0259 0257 0256 0255 0253 0252 0251
0250 0250 0251 0252 0253 0255 0257 0259 0260 0260 0260 0260.
0259 0258 0257 0255 0254 0253 0251 0250 0249 0248 0246 0245
0245 0244 0244 0244 0244 0245 0245 0246 0247 0247 0247 0247.
0247 0247 0246 0245 0244 0243 0242 0241 0241 0240 0239 0238
0238 0237 0237 0237 0237 0237 0237 0238 0238 0238 0238 0238.
0238 0237 0236 0235 0233 0233 0232 0232 0231 0231 0230 0230
0229 0229 0229 0229 0230 0231 0232 0233 0234 0234 0235 0235.
0235 0235 0235 0234 0234 0233 0233 0232 0232 0231 0231 0230
0230 0230 0230 0231 0232 0234 0237 0240 0243 0247 0250 0252.
0252 0252 0251 0250 0249 0247 0246 0245 0244 0242 0241 0240
0239 0239 0239 0241 0244 0247 0250 0253 0256 0259 0261 0262.
0262 0262 0261 0260 0259 0258 0256 0255 0254 0253 0252 0251
0250 0250 0250 0250 0251 0252 0253 0253 0254 0254 0254 0254.
0254 0253 0252 0252 0251 0250 0248 0247 0246 0245 0244 0243
0242 0242 0242 0243 0245 0246 0249 0251 0253 0254 0254 0254=
0216 0216 0216 0216 0216 0216 0216 0216 0216 0216 0216 0216
0216 0216 0216 0216 0216 0216 0216 0216 0216 0217 0217 0217.
0217 0217 0218 0218 0218 0218 0218 0218 0218 0218 0218 0218
0218 0219 0218 0219 0219 0219 0219 0219 0219 0220 0220 0220.
0221 0221 0221 0221 0222 0222 0222 0222 0222 0222 0222 0222
0221 0221 0221 0221 0221 0221 0221 0221 0221 0222 0222 0222.
0222 0223 0223 0223 0223 0223 0223 0223 0224 0223 0223 0223
0223 0223 0223 0223 0223 0223 0223 0223 0223 0223 0224 0224.
0224 0225 0225 0225 0225 0225 0225 0225 0225 0225 0225 0225
0225 0225 0225 0225 0225 0225 0225 0225 0225 0225 0226 0226.
0226 0226 0226 0226 0226 0227 0227 0227 0227 0227 0226 0226
0226 0226 0226 0226 0226 0226 0226 0226 0226 0226 0226 0227.
0227 0227 0227 0227 0227 0227 0227 0227 0227 0227 0227 0227
0227 0227 0227 0227 0227 0227 0227 0227 0227 0228 0228 0228.
0229 0229 0229 0229 0229 0229 0229 0229 0229 0229 0229 0229
0229 0229 0229 0229 0228 0228 0228 0228 0228 0228 0228 0228.
0228 0228 0228 0228 0228 0228 0228 0228 0228 0227 0227 0227
0227 0227 0227 0226 0227 0226 0227 0227 0227 0227 0227 0228.
0228 0228 0228 0229 0229 0229 0229 0229 0229 0229 0229 0229
0229 0228 0228 0228 0228 0228 0228 0229 0229 0229 0230 0230.
0230 0231 0231 0231 0232 0232 0232 0232 0232 0231 0231 0231
0231 0231 0230 0230 0230 0230 0230 0230 0231 0231 0231 0231.
0232 0232 0232 0232 0232 0232 0232 0232 0232 0232 0232 0232
0232 0231 0231 0231 0231 0231 0231 0231 0231 0231 0231 0232.
0232 0232 0232 0232 0232 0232 0232 0232 0232 0232 0232 0232
0232 0232 0232 0232 0231 0231 0231 0231 0231 0231 0231 0231.
0231 0231 //// //// //// //// //// //// //// //// //// ////
//// //// //// //// //// //// //// //// //// //// //// ////.
//// //// //// //// //// //// //// //// //// //// //// ////
//// //// //// //// //// //// //// //// //// //// //// ////.
//// //// //// //// //// //// //// //// //// //// //// ////
//// //// //// //// //// //// //// //// //// //// //// ////.
//// //// //// //// //// //// //// //// //// //// //// ////
//// //// //// //// //// //// //// //// //// //// //// ////.
//// //// //// //// //// //// //// //// //// //// //// ////
//// 0232 0232 0232 0232 0232 0232 0233 0233 0234 0234 0235.
0236 0236 0237 0237 0237 0238 0238 0238 0238 0238 0238 0238
0238 0237 0237 0237 0237 0237 0238 0238 0238 0239 0239 0240.
0240 0241 0241 0241 0241 0242 0242 0242 0242 0242 0241 0241
0241 0241 0241 0241 0241 0241 0241 0241 0241 0241 0241 0241.
0242 0242 0242 0242 0242 0242 0242 0242 0242 0242 0242 0242
0241 0241 0241 0241 0241 0240 0240 0240 0240 0241 0241 0241.
0241 0241 0241 0241 0241 0241 0241 0241 0240 0240 0240 0240
0240 0239 0239 0239 0239 0239 0239 0239 0239 0240 0240 0240.
0240 0240 0241 0241 0241 0241 0241 0241 0241 0241 0240 0240
0240 0240 0240 0240 0240 0240 0240 0240 0240 0240 0240 0240.
0240 0240 0240 0240 0240 0240 0240 0240 0240 0240 0240 0239
0239 0239 0239 0238 0238 0238 0238 0238 0238 0238 0237 0237.
0237 0237 0237 0237 0237 0237 0237 0237 0237 0237 0236 0236
0236 0236 0236 0235 0235 0235 0235 0235 0235 0234 0234 0234.
0234 0234 0234 0234 0234 0234 0234 0233 0233 0233 0233 0233
0232 0232 0232 0232 0232 0232 0231 0231 0231 0231 0231 0231.
0231 0231 0231 0231 0231 0231 0231 0231 0231 0231 0231 0231
0231 0231 0231 0231 0231 0231 0231 0231 0231 0231 0232 0232.
0233 0233 0233 0234 0234 0234 0234 0234 0234 0234 0234 0234
0234 0234 0234 0234 0234 0234 0234 0235 0235 0235 0236 0236.
0237 0238 0238 0238 0239 0239 0239 0239 0239 0239 0239 0239
0239 0239 0239 0239 0239 0239 0239 0239 0239 0239 0239 0239.
0240 0240 0240 0240 0240 0240 0240 0240 0240 0239 0239 0239
0239 0239 0239 0239 0238 0238 0238 0238 0239 0239 0239 0239=
KB
0203 0203 0203 0203 0203 0203 0203 0203 0204 0204 0204 0204
0204 0204 0204 0204 0204 0204 0204 0204 0204 0204 0204 0204.
0204 0204 0204 0204 0205 0205 0205 0205 0205 0205 0205 0205
0205 0205 0205 0205 0206 0206 0206 0206 0206 0206 0206 0206.
0206 0206 0206 0206 0206 0207 0207 0207 0207 0207 0207 0207
0207 0207 0208 0208 0208 0208 0208 0208 0208 0208 0208 0208.
0208 0208 0208 0208 0208 0209 0208 0209 0209 0209 0209 0209
0209 0209 0209 0210 0209 0209 0210 0210 0210 0210 0210 0210.
0210 0210 0210 0210 0210 0210 0210 0210 0211 0211 0211 0211
0211 0211 0211 0211 0211 0211 0211 0211 0211 0211 0212 0212.
0212 0212 0212 0212 0212 0212 0212 0212 0212 0212 0212 0212
0213 0213 0213 0213 0213 0213 0213 0213 0213 0213 0213 0213.
0213 0213 0213 0213 0213 0213 0213 0214 0213 0214 0214 0214
0214 0214 0214 0214 0214 0214 0214 0214 0214 0214 0214 0214.
0214 0214 0215 0215 0215 0215 0215 0215 0215 0215 0215 0215
0215 0215 0215 0216 0216 0216 0216 0216 0216 0216 0216 0216.
0216 0216 0216 0216 0216 0216 0216 0216 0216 0216 0216 0216
0216 0216 0216 0216 0216 0216 0216 0216 0216 0216 0216 0216.
0216 0216 0216 0216 0216 0217 0216 0216 0217 0217 0217 0217
0217 0217 0217 0217 0217 0217 0217 0217 0217 0217 0217 0217.
0217 0217 0217 0217 0217 0217 0218 0218 0218 0218 0218 0218
0218 0218 0218 0218 0218 0218 0218 0218 0218 0218 0218 0218.
0218 0219 0219 0219 0219 0219 0219 0219 0219 0219 0219 0219
0219 0219 0219 0219 0219 0219 0219 0219 0219 0219 0220 0220.
0220 0220 0220 0220 0220 0220 0220 0220 0220 0220 0220 0220
0220 0220 0220 0220 0220 0220 0220 0220 0220 0220 0220 0220.
0220 0220 //// //// //// //// //// //// //// //// //// ////
//// //// //// //// //// //// //// //// //// //// //// ////.
//// //// //// //// //// //// //// //// //// //// //// ////
//// //// //// //// //// //// //// //// //// //// //// ////.
//// //// //// //// //// //// //// //// //// //// //// ////
//// //// //// //// //// //// //// //// //// //// //// ////.
//// //// //// //// //// //// //// //// //// //// //// ////
//// //// //// //// //// //// //// //// //// //// //// ////.
//// //// //// //// //// //// //// //// //// //// //// ////
//// 0220 0220 0220 0220 0220 0221 0221 0221 0221 0221 0221.
0221 0221 0221 0221 0221 0221 0222 0222 0222 0222 0222 0222
0222 0222 0223 0223 0223 0223 0223 0223 0223 0223 0223 0223.
0223 0224 0224 0224 0224 0224 0224 0224 0224 0224 0224 0224
0225 0225 0225 0225 0225 0225 0225 0225 0226 0226 0226 0226.
0226 0226 0226 0226 0226 0226 0226 0226 0226 0226 0226 0227
0227 0227 0227 0227 0227 0227 0227 0227 0227 0227 0227 0227.
0227 0227 0227 0227 0227 0227 0227 0227 0227 0227 0227 0227
0227 0227 0227 0227 0227 0227 0227 0227 0227 0227 0227 0227.
0227 0227 0227 0227 0227 0227 0227 0227 0227 0227 0228 0228
0228 0228 0228 0228 0228 0228 0228 0228 0228 0228 0228 0228.
0228 0228 0228 0228 0228 0228 0228 0228 0228 0228 0228 0228
0228 0228 0228 0228 0228 0228 0228 0228 0228 0228 0228 0228.
0228 0228 0228 0228 0228 0228 0228 0228 0228 0228 0228 0228
0228 0228 0228 0228 0228 0228 0228 0228 0227 0228 0227 0227.
0227 0227 0227 0228 0228 0228 0227 0227 0227 0227 0227 0227
0227 0227 0227 0227 0227 0227 0227 0227 0227 0227 0227 0227.
0227 0226 0227 0227 0226 0227 0226 0226 0226 0226 0226 0226
0226 0226 0226 0226 0226 0226 0226 0226 0226 0226 0226 0226.
0226 0226 0226 0226 0226 0226 0226 0226 0226 0226 0226 0226
0226 0226 0226 0226 0226 0226 0226 0226 0226 0226 0226 0226.
0226 0226 0226 0226 0226 0226 0227 0227 0227 0227 0227 0227
0227 0227 0227 0227 0227 0227 0227 0227 0227 0228 0228 0228.
0228 0228 0228 0228 0228 0228 0228 0228 0228 0228 0228 0228
0228 0228 0228 0228 0228 0228 0228 0228 0228 0228 0228 0228=
0185 0185 0185 0185 0185 0185 0185 0185 0185 0185 0185 0185
0185 0185 0185 0185 0185 0185 0185 0185 0185 0185 0185 0185.
0185 0185 0185 0185 0185 0185 0185 0186 0186 0186 0186 0186
0186 0186 0186 0186 0186 0186 0186 0186 0186 0186 0186 0186.
0186 0186 0186 0186 0186 0186 0186 0186 0186 0186 0186 0186
0186 0186 0187 0187 0187 0187 0187 0187 0187 0187 0187 0187.
0187 0187 0187 0187 0187 0187 0187 0187 0187 0187 0187 0187
0187 0187 0187 0188 0187 0187 0187 0187 0188 0188 0188 0188.
0188 0188 0188 0188 0188 0188 0188 0188 0188 0188 0188 0188
0188 0188 0188 0188 0188 0188 0188 0188 0188 0188 0189 0189.
0188 0189 0189 0189 0189 0189 0189 0189 0189 0189 0189 0189
0189 0189 0189 0189 0189 0189 0189 0189 0189 0189 0190 0190.
0190 0190 0190 0190 0190 0190 0190 0190 0190 0190 0190 0190
0190 0190 0190 0190 0190 0190 0190 0190 0190 0190 0190 0190.
0190 0190 0190 0190 0191 0191 0191 0191 0191 0191 0191 0191
0191 0191 0191 0191 0191 0191 0191 0191 0191 0191 0191 0191.
0191 0191 0191 0192 0192 0192 0192 0192 0192 0192 0192 0192
0192 0192 0192 0192 0192 0192 0192 0192 0192 0192 0192 0192.
0192 0192 0192 0193 0193 0193 0193 0193 0193 0193 0193 0193
0193 0193 0193 0193 0193 0193 0193 0193 0193 0193 0193 0193.
0193 0193 0193 0193 0193 0193 0194 0194 0194 0194 0194 0194
0194 0194 0194 0194 0194 0194 0194 0194 0194 0194 0194 0194.
0194 0194 0194 0194 0194 0194 0194 0194 0194 0194 0195 0195
0195 0195 0195 0195 0195 0195 0195 0195 0195 0195 0195 0195.
0195 0195 0195 0195 0195 0195 0195 0195 0195 0195 0195 0195
0195 0195 0196 0196 0196 0196 0196 0196 0196 0196 0196 0196.
0196 0196 //// //// //// //// //// //// //// //// //// ////
//// //// //// //// //// //// //// //// //// //// //// ////.
//// //// //// //// //// //// //// //// //// //// //// ////
//// //// //// //// //// //// //// //// //// //// //// ////.
//// //// //// //// //// //// //// //// //// //// //// ////
//// //// //// //// //// //// //// //// //// //// //// ////.
//// //// //// //// //// //// //// //// //// //// //// ////
//// //// //// //// //// //// //// //// //// //// //// ////.
//// //// //// //// //// //// //// //// //// //// //// ////
//// 0199 0199 0199 0199 0199 0199 0199 0199 0199 0199 0199.
0199 0199 0199 0199 0199 0199 0200 0199 0199 0199 0200 0200
0200 0200 0200 0200 0200 0200 0200 0200 0200 0200 0200 0200.
0200 0200 0200 0200 0200 0200 0200 0200 0200 0200 0200 0200
0200 0200 0200 0200 0200 0200 0200 0200 0200 0200 0200 0200.
0201 0201 0200 0201 0200 0200 0201 0201 0201 0201 0201 0201
0201 0201 0201 0201 0201 0201 0201 0201 0201 0201 0201 0201.
0201 0201 0201 0201 0201 0201 0201 0201 0201 0201 0201 0201
0202 0202 0202 0202 0202 0202 0202 0202 0202 0202 0202 0202.
0202 0202 0202 0202 0202 0202 0202 0202 0202 0202 0202 0202
0202 0202 0202 0202 0202 0202 0203 0202 0202 0203 0203 0203.
0203 0203 0203 0203 0203 0203 0203 0203 0203 0203 0203 0203
0203 0203 0203 0203 0203 0203 0203 0203 0203 0203 0203 0203.
0203 0203 0204 0203 0204 0204 0204 0204 0204 0204 0204 0204
0204 0204 0204 0204 0204 0204 0204 0204 0204 0204 0204 0204.
0204 0204 0204 0204 0204 0204 0204 0204 0204 0204 0204 0204
0205 0205 0205 0205 0205 0205 0205 0205 0205 0205 0205 0205.
0205 0205 0205 0205 0205 0205 0205 0205 0205 0205 0205 0205
0206 0206 0206 0206 0206 0206 0206 0206 0206 0206 0206 0206.
0206 0206 0206 0206 0206 0206 0206 0206 0206 0206 0206 0206
0206 0206 0206 0206 0206 0206 0206 0206 0206 0206 0206 0206.
0206 0206 0206 0206 0206 0206 0206 0207 0206 0206 0206 0206
0207 0207 0206 0207 0207 0207 0207 0207 0207 0207 0207 0207.
0207 0207 0207 0207 0207 0207 0207 0207 0207 0207 0207 0207
0207 0207 0207 0207 0207 0207 0207 0207 0207 0207 0207 0207=
0173 0173 0173 0173 0173 0173 0173 0173 0173 0173 0173 0173
0173 0173 0173 0173 0173 0173 0173 0173 0173 0173 0173 0173.
0173 0173 0173 0173 0173 0173 0173 0173 0173 0173 0173 0173
0173 0173 0174 0173 0174 0173 0173 0173 0173 0173 0174 0174.
0173 0174 0173 0174 0174 0174 0174 0173 0173 0174 0174 0174
0174 0174 0174 0174 0174 0174 0174 0174 0174 0174 0174 0174.
0174 0174 0174 0174 0174 0174 0174 0174 0174 0174 0174 0174
0174 0174 0174 0174 0174 0174 0174 0174 0174 0174 0174 0174.
0174 0174 0174 0174 0174 0174 0174 0174 0174 0174 0174 0174
0174 0174 0174 0174 0174 0174 0174 0174 0174 0174 0174 0174.
0174 0174 0174 0174 0174 0174 0174 0174 0174 0174 0174 0174
0174 0174 0175 0174 0174 0175 0174 0174 0174 0174 0175 0174.
0175 0175 0175 0175 0175 0175 0175 0175 0175 0175 0175 0175
0175 0175 0175 0175 0175 0175 0175 0175 0175 0175 0175 0175.
0175 0175 0175 0175 0175 0175 0175 0175 0175 0175 0175 0175
0175 0175 0175 0175 0175 0175 0175 0175 0175 0175 0175 0175.
0175 0175 0175 0175 0175 0175 0175 0175 0175 0175 0175 0175
0175 0175 0175 0175 0175 0175 0175 0175 0175 0175 0175 0175.
0175 0175 0175 0175 0175 0175 0175 0175 0176 0175 0175 0176
0176 0176 0176 0176 0176 0176 0176 0176 0176 0176 0176 0176.
0176 0176 0176 0176 0176 0176 0176 0176 0176 0176 0176 0176
0176 0176 0176 0176 0176 0176 0176 0176 0176 0176 0176 0176.
0176 0176 0176 0176 0176 0176 0176 0176 0176 0176 0176 0176
0176 0176 0176 0176 0176 0176 0176 0176 0176 0176 0176 0176.
0176 0176 0176 0176 0176 0176 0176 0176 0176 0176 0176 0176
0176 0176 0176 0176 0177 0177 0177 0177 0177 0177 0176 0176.
0176 0177 //// //// //// //// //// //// //// //// //// ////
//// //// //// //// //// //// //// //// //// //// //// ////.
//// //// //// //// //// //// //// //// //// //// //// ////
//// //// //// //// //// //// //// //// //// //// //// ////.
//// //// //// //// //// //// //// //// //// //// //// ////
//// //// //// //// //// //// //// //// //// //// //// ////.
//// //// //// //// //// //// //// //// //// //// //// ////
//// //// //// //// //// //// //// //// //// //// //// ////.
//// //// //// //// //// //// //// //// //// //// //// ////
//// 0178 0178 0178 0178 0178 0178 0178 0178 0178 0178 0178.
0178 0178 0178 0178 0178 0178 0178 0178 0178 0178 0178 0178
0178 0178 0178 0178 0179 0179 0179 0179 0179 0179 0179 0178.
0179 0179 0179 0179 0179 0179 0179 0179 0179 0179 0179 0179
0179 0179 0179 0179 0179 0179 0179 0179 0179 0179 0179 0179.
0179 0179 0179 0179 0179 0179 0179 0179 0179 0179 0179 0179
0179 0179 0179 0179 0179 0179 0179 0179 0179 0179 0179 0179.
0179 0179 0179 0179 0179 0179 0179 0179 0179 0179 0179 0179
0179 0179 0179 0180 0179 0179 0179 0180 0179 0180 0180 0180.
0180 0180 0180 0179 0180 0180 0180 0180 0180 0180 0180 0180
0180 0180 0180 0180 0180 0180 0180 0180 0180 0180 0180 0180.
0180 0180 0180 0180 0180 0180 0180 0180 0180 0180 0180 0180
0180 0180 0180 0180 0180 0180 0180 0180 0180 0180 0180 0180.
0180 0180 0180 0180 0180 0180 0180 0180 0180 0180 0180 0180
0180 0180 0180 0180 0180 0180 0180 0181 0181 0181 0181 0180.
0180 0181 0181 0181 0181 0181 0181 0181 0181 0181 0181 0181
0181 0181 0181 0181 0181 0181 0181 0181 0181 0181 0181 0181.
0181 0181 0181 0181 0181 0181 0181 0181 0181 0181 0181 0181
0181 0181 0181 0181 0181 0181 0181 0181 0181 0181 0181 0181.
0181 0182 0181 0181 0181 0181 0181 0181 0181 0182 0181 0182
0182 0182 0182 0182 0182 0182 0182 0182 0182 0182 0182 0182.
0182 0182 0182 0182 0182 0182 0182 0182 0182 0182 0182 0182
0182 0182 0182 0182 0182 0182 0182 0182 0182 0182 0182 0182.
0182 0182 0182 0182 0182 0182 0182 0182 0182 0182 0182 0182
0182 0182 0182 0183 0182 0182 0182 0182 0182 0182 0182 0182=
A=
SA=
BA
0212 0211 0210 0204 0203 0195 0196 0197 0197 0200 0220 0211
0232 0247 0277 0290 0295 0271 0259 0252 0248 0239 0224 0220 0309 1233 0190 0227.
0218 0212 0211 0211 0201 0206 0206 0207 0206 0207 0220 0238
0247 0266 0291 0318 0317 0330 0307 0295 0279 0252 0229 0200 0332 1353 0198 1955.
0205 0191 0188 0185 0173 0170 0181 0170 0182 0188 0208 0224
0230 0262 0306 0344 0352 0355 0342 0319 0283 0256 0225 0225 0359 1320 0168 0341.
0214 0218 0210 0201 0204 0197 0186 0196 0190 0195 0220 0235
0256 0264 0293 0328 0347 0351 0350 0314 0282 0253 0232 0213 0363 1416 0184 0231.
0212 0208 0211 0211 0210 0211 0210 0208 0198 0206 0221 0229
0242 0260 0287 0305 0323 0342 0334 0328 0278 0263 0242 0224 0355 1406 0195 0506.
0220 0214 0205 0207 0204 0207 0203 0205 0206 0204 0218 0227
0235 0245 0274 0270 0293 0303 0308 0295 0281 0254 0237 0225 0309 1455 0202 0243.
0219 0218 0213 0212 0210 0202 0199 0198 0197 0192 0220 0237
0261 0284 0303 0325 0379 0400 0376 0345 0307 0273 0246 0227 0400 1359 0190 0428.
0215 0209 0206 0198 0188 0199 0197 0194 0198 0201 0212 0222
0210 0222 0218 0237 0249 0245 0274 0269 0255 0242 0228 0208 0281 1447 0188 0100.
0201 0194 0181 0181 0168 0166 0168 0180 0168 0168 0206 0228
0247 0300 0343 0363 0352 0319 0308 0272 0259 0243 0233 0224 0391 1146 0157 0528.
0220 0216 0216 0212 0199 0195 0194 0189 0187 0186 0225 0253
0261 0278 0296 0378 0393 0414 0374 0326 0307 0288 0257 0213 0419 1352 0182 0547.
0207 0190 0202 0185 0182 0176 0174 0178 0158 0179 0203 0209
0256 0309 0340 0348 0367 0377 0381 0328 0297 0276 0233 0217 0399 1351 0155 0508.
0203 0208 0193 0196 0193 0189 0193 0184 0194 0188 0207 0219
0234 0850 0850 0850 0850 0850 0850 0850 0850 0850 0850 0850 0850 0929 0182 0353.
0850 0850 0850 0850 0850 0850 0850 0850 0850 0850 0850 0850
0850 0850 //// //// 0850 //// 0850 //// //// //// //// 0850 0850 2001 0713 1454.
0850 0850 //// //// //// //// //// //// //// //// //// ////
//// //// //// //// //// //// //// //// //// //// //// //// 0850 2002 0849 2151.
//// //// //// //// //// //// //// //// //// //// //// ////
//// //// //// //// //// //// //// //// //// //// //// //// //// //// //// ////.
//// //// //// //// //// //// //// //// //// //// //// ////
//// //// //// //// //// //// //// //// //// //// //// //// //// //// //// ////.
//// //// //// //// //// //// //// //// //// //// //// ////
//// //// //// //// //// //// //// //// //// //// //// //// //// //// //// ////.
//// //// //// //// //// //// //// //// //// //// //// ////
//// 0850 0850 0850 0850 0850 0850 0850 0850 0850 0850 0850 0850 0918 0850 0918.
0850 -389 //// //// //// //// //// //// //// //// //// 0850
0850 0850 0850 0850 0850 0850 0850 0850 0850 0850 0850 0850 0850 2001 -389 2200.
0850 0850 0850 0850 0850 0850 0850 0850 0850 0850 0850 0850
0850 0850 0850 0850 0850 0850 0850 0850 0850 0850 0850 0850 0850 2001 0348 2254.
0850 0850 0850 0850 0850 0850 0850 0850 0850 0850 0850 0850
0850 0850 0850 0850 0850 0850 0850 0850 0850 0850 0850 0850 0850 2001 0850 2001.
0850 0850 0850 0850 0850 0850 0850 0850 0850 0850 0850 0850
0850 0850 0850 0850 0850 0850 0850 0850 0850 0850 0850 0850 0850 2001 0850 2001.
0850 0850 0850 0850 0850 0850 0850 0850 0850 0850 0850 0850
0850 0850 0850 0850 0850 0850 0850 0850 0850 0850 0850 0850 0850 2001 0850 2001.
0850 0850 0850 0850 0850 0850 0850 0850 0850 0850 0850 0850
0850 0850 0850 0850 0850 0850 0850 0850 0850 0850 0850 0850 0850 2001 0850 2001.
0850 0850 0850 0850 0850 0850 0850 0850 0850 0850 0850 0850
0850 0850 0850 0850 0850 0850 0850 0850 0850 0850 0850 0850 0850 2001 0850 2001.
0850 0850 0850 0850 0850 0850 0850 0850 0850 0850 0850 0850
0850 0850 0850 0850 0850 0850 0850 0850 0850 0850 0850 0850 0850 2001 0850 2001.
0850 0850 0850 0850 0850 0850 0850 0850 0850 0850 0850 0850
0850 0850 0850 0850 0850 0850 0850 0850 0850 0850 0850 0850 0850 2001 0850 2001.
0850 0850 0850 0850 0850 0850 0850 0850 0850 0850 0850 0850
0850 //// 0850 0850 0850 0850 0850 0850 0850 0850 0850 0850 0850 2001 0850 2001.
0850 0850 0850 0850 0850 0850 0850 0850 0850 0850 0850 0850
0850 0850 0850 0850 0850 0850 0850 0850 0850 0850 0850 0850 0850 2001 0850 2001.
0850 0850 0850 0850 0850 0850 0850 0850 0850 0850 0850 0850
0850 //// 0850 0850 //// 0324 0302 0281 0269 0263 0245 0242 0850 2001 0239 1842=
=
??????
******
YF
19011










=
JY
8888=
GK
01/
05/=
BZ
10/03/08;14;20

10/24/24
11/=
######
